/*--------------------------------*- C++ -*----------------------------------*\
| =========                 |                                                 |
| \\      /  F ield         | foam-extend: Open Source CFD                    |
|  \\    /   O peration     | Version:     4.1                                |
|   \\  /    A nd           | Web:         http://www.foam-extend.org         |
|    \\/     M anipulation  |                                                 |
\*---------------------------------------------------------------------------*/
FoamFile
{
    version     2.0;
    format      ascii;
    class       cellScalarField;
    location    "14.8";
    object      T;
}
// * * * * * * * * * * * * * * * * * * * * * * * * * * * * * * * * * * * * * //

dimensions      [0 0 0 0 1 0 0];

internalField   nonuniform 
100
(
(4 -5.703630593e-17 1.624202108e-17)
(4 -2.25171434e-16 -4.808396251e-17)
(4 -1.62554379e-16 -1.759905748e-16)
(4 6.250235543e-17 -5.16989424e-17)
(4 3.376188219e-17 1.765697052e-18)
(4 -4.230660895e-16 2.060323823e-16)
(4 4.012290052e-16 8.201256728e-18)
(4 -2.915113219e-16 8.902807475e-17)
(4 8.429107727e-16 4.661394072e-17)
(4 -1.361287636e-15 -3.469959156e-16)
(4 5.052762483e-16 -1.007526587e-16)
(4 3.097034553e-15 3.736178847e-15)
(4 1.213895015e-13 7.231494745e-14)
(4 1.917134099e-12 1.275901151e-12)
(4 3.976567987e-11 2.591277548e-11)
(4.000000001 6.461460105e-10 3.732215282e-10)
(4.000000008 9.134143957e-09 5.326187279e-09)
(4.000000111 1.227388879e-07 6.645996746e-08)
(4.000001303 1.379931289e-06 6.871568677e-07)
(4.000013234 1.34754345e-05 6.322470924e-06)
(4.000118034 0.000114976637 4.849884747e-05)
(4.000880627 0.0007905249408 0.0002821339804)
(4.005207893 0.004146913708 0.001205172857)
(4.023998178 0.01647655517 0.003798193373)
(4.086905871 0.05030068447 0.008945899831)
(4.251994543 0.1203417793 0.01586538314)
(4.597718985 0.2300086204 0.02101845355)
(5.185143284 0.3572915736 0.01983060249)
(6.007013778 0.457920149 0.01072296333)
(6.966318471 0.4906578605 -0.002691266722)
(7.911354417 0.4447012907 -0.01408573887)
(8.705311566 0.3445185151 -0.01912848185)
(9.279563344 0.2303269166 -0.01780961159)
(9.640245105 0.1340470756 -0.01304494783)
(9.838554695 0.06846392338 -0.00792118851)
(9.93471784 0.03091944249 -0.004101057115)
(9.976133684 0.01243467902 -0.001843720462)
(9.992081034 0.004482855819 -0.0007294898824)
(9.997605451 0.001457837656 -0.0002567461159)
(9.99933736 0.000430188729 -8.110147271e-05)
(9.999831476 0.0001158293474 -2.31714439e-05)
(9.999960447 2.860631729e-05 -6.029082175e-06)
(9.999991398 6.512214685e-06 -1.437459897e-06)
(9.99999826 1.372870367e-06 -3.158000602e-07)
(9.999999671 2.691853019e-07 -6.425640706e-08)
(9.999999942 4.929044599e-08 -1.216583397e-08)
(9.99999999 8.460953867e-09 -2.152583877e-09)
(9.999999998 1.366380985e-09 -3.573547867e-10)
(10 2.082853336e-10 -5.58666075e-11)
(10 3.006242826e-11 -8.252920301e-12)
(10 4.123686417e-12 -1.155368582e-12)
(10 5.35695872e-13 -1.53768711e-13)
(10 6.834397603e-14 -2.0555906e-14)
(10 5.589713708e-15 -2.616205322e-15)
(10 1.838049645e-16 -6.082497515e-16)
(10 -7.286431165e-16 -1.801277146e-16)
(10 -1.831417862e-16 -2.774609122e-16)
(10 1.360322976e-16 -7.55815632e-17)
(10 -3.647787653e-17 -1.450652382e-16)
(10 -3.782567431e-16 8.504075116e-16)
(10 5.54900196e-17 -4.702072864e-16)
(10 4.794944869e-16 -2.473473091e-16)
(10 7.772477384e-17 1.233956438e-16)
(10 2.433859781e-16 4.955146842e-16)
(10 -4.626864607e-16 4.947530671e-16)
(10 -5.299169854e-17 -1.008699238e-16)
(10 -1.177643014e-17 -9.463120294e-17)
(10 -3.223540819e-18 1.752789329e-16)
(10 -3.358170488e-16 -3.361330615e-16)
(10 -9.797515252e-17 4.290186527e-16)
(10 7.981187605e-17 -8.078542806e-16)
(10 1.385594494e-17 -2.369089364e-16)
(10 1.218328766e-16 -1.372031785e-16)
(10 1.330668431e-16 -1.482936018e-16)
(10 3.992415751e-16 -4.116387018e-16)
(10 -8.868754826e-18 6.163440432e-17)
(10 -1.193775482e-16 -1.051500564e-16)
(10 9.288310303e-17 -6.459247721e-16)
(10 -1.224756216e-17 3.107014787e-17)
(10 -4.372573583e-16 8.301384696e-16)
(10 -6.92842894e-17 7.264887914e-16)
(10 1.610763752e-16 3.289443961e-16)
(10 -1.803931767e-16 7.195179306e-17)
(10 -1.195273661e-17 -5.472068818e-16)
(10 3.657315286e-16 2.155374942e-16)
(10 -3.593560814e-16 6.041687501e-16)
(10 1.639452896e-16 -7.806868146e-16)
(10 6.180119664e-16 2.481318269e-16)
(10 -4.509967572e-16 4.990725876e-16)
(10 -3.078190971e-16 2.018512521e-16)
(10 -1.956979023e-16 1.697748898e-16)
(10 -4.843081145e-16 4.104139989e-16)
(10 1.459996742e-16 -3.01783918e-16)
(10 1.09722945e-16 -2.262572344e-16)
(10 4.052117937e-18 9.771354488e-17)
(10 -1.881439986e-16 3.434121947e-16)
(10 4.697295775e-17 -3.823719395e-16)
(10 2.441967129e-16 -4.688959423e-16)
(10 4.055909566e-16 -4.428191546e-16)
(10 -9.376999114e-16 3.474013521e-15)
)
;

boundaryField
{
    left
    {
        type            dirichlet;
        value           uniform (4 0 0);
    }
    right
    {
        type            dirichlet;
        value           uniform (4 0 0);
    }
    sides
    {
        type            empty;
    }
}


// ************************************************************************* //
