/*--------------------------------*- C++ -*----------------------------------*\
| =========                 |                                                 |
| \\      /  F ield         | foam-extend: Open Source CFD                    |
|  \\    /   O peration     | Version:     4.1                                |
|   \\  /    A nd           | Web:         http://www.foam-extend.org         |
|    \\/     M anipulation  |                                                 |
\*---------------------------------------------------------------------------*/
FoamFile
{
    version     2.0;
    format      ascii;
    class       cellScalarField;
    location    "15.5";
    object      T;
}
// * * * * * * * * * * * * * * * * * * * * * * * * * * * * * * * * * * * * * //

dimensions      [0 0 0 0 1 0 0];

internalField   nonuniform 
100
(
(4 -5.703630593e-17 1.624202108e-17)
(4 -1.746037718e-16 -1.157536421e-16)
(4 6.224262386e-17 1.405297222e-16)
(4 -2.166590635e-16 8.558902312e-17)
(4 -7.158815081e-17 -1.396035171e-16)
(4 -4.687671163e-16 2.709165809e-16)
(4 4.177613709e-16 -4.37298577e-17)
(4 -3.364685747e-16 2.634162266e-17)
(4 5.848048257e-16 -8.008304608e-18)
(4 -1.200891045e-15 -3.83455739e-16)
(4 1.382008179e-16 3.808522523e-17)
(4 1.623723506e-15 -8.308017987e-18)
(4 1.589563113e-15 3.320530148e-15)
(4 1.008069572e-13 6.085494897e-14)
(4 1.642780692e-12 1.078804784e-12)
(4 3.180869925e-11 2.020649163e-11)
(4 4.997839247e-10 2.878450524e-10)
(4.000000006 6.922150088e-09 3.965764899e-09)
(4.000000082 8.979714363e-08 4.802192398e-08)
(4.00000094 9.900036553e-07 4.890637234e-07)
(4.000009388 9.506532251e-06 4.410238762e-06)
(4.000082346 7.970305939e-05 3.337599138e-05)
(4.000608626 0.000545022745 0.0001951471235)
(4.003612737 0.00289030623 0.0008531666068)
(4.016916792 0.01177004649 0.002793378603)
(4.062840932 0.03721704024 0.006926393348)
(4.188167165 0.09297592661 0.01311552751)
(4.462964768 0.186774168 0.0189162403)
(4.954613096 0.3065929519 0.02019687082)
(5.682418903 0.4171434498 0.01423627573)
(6.584982833 0.476360409 0.002602333036)
(7.533047947 0.4616904085 -0.009497376279)
(8.384977706 0.3835937058 -0.01700457929)
(9.045796783 0.2756990033 -0.01822322273)
(9.491920579 0.1728429401 -0.01488314678)
(9.756060411 0.09524882873 -0.00995822225)
(9.894195728 0.04646974139 -0.005649945013)
(9.958429396 0.02020685193 -0.002775326096)
(9.985155487 0.007881111618 -0.001197575986)
(9.995164725 0.00277347163 -0.0004590518207)
(9.998557857 0.0008856275682 -0.0001577460432)
(9.999604622 0.000257975926 -4.89754892e-05)
(9.999899973 6.8895381e-05 -1.383222981e-05)
(9.999976559 1.694901417e-05 -3.575630158e-06)
(9.999994893 3.858210414e-06 -8.506712147e-07)
(9.999998962 8.161048076e-07 -1.872025754e-07)
(9.999999802 1.610453265e-07 -3.82838305e-08)
(9.999999965 2.975861477e-08 -7.306801741e-09)
(9.999999994 5.167272662e-09 -1.306659073e-09)
(9.999999999 8.459054161e-10 -2.197396491e-10)
(10 1.309592459e-10 -3.486952264e-11)
(10 1.922917754e-11 -5.236929624e-12)
(10 2.682446109e-12 -7.464996809e-13)
(10 3.573352052e-13 -1.018089747e-13)
(10 4.627388007e-14 -1.457461558e-14)
(10 1.885562356e-15 -1.938760537e-16)
(10 -6.22545316e-19 2.438603209e-16)
(10 -6.647463043e-17 -5.445210846e-16)
(10 -3.966554524e-16 -1.908332907e-16)
(10 3.049438991e-16 4.501704638e-16)
(10 -3.149900595e-16 -1.589704743e-16)
(10 3.081123288e-16 4.201350935e-17)
(10 1.967367109e-16 -1.791808011e-16)
(10 2.190555057e-16 -3.304769544e-16)
(10 5.945629082e-16 -4.983187325e-16)
(10 2.821767098e-17 5.050384846e-16)
(10 -3.06799972e-16 3.169558588e-16)
(10 6.274597355e-17 -3.986934759e-16)
(10 1.182563248e-16 3.22265378e-16)
(10 3.628695082e-16 -4.17320898e-16)
(10 4.590636651e-16 1.049350533e-16)
(10 -3.859602309e-16 2.95035247e-16)
(10 -2.529044594e-16 4.706860768e-16)
(10 -7.977741043e-17 -4.164974617e-16)
(10 4.56198709e-16 -9.53397387e-17)
(10 3.170639653e-16 4.126910206e-17)
(10 -3.798139098e-16 5.858484554e-16)
(10 -6.029494744e-17 6.233525061e-16)
(10 -6.199634532e-17 2.091794199e-16)
(10 -2.112198847e-16 4.567449591e-16)
(10 -1.232800533e-17 -1.495378705e-16)
(10 6.763455356e-17 3.025316679e-16)
(10 1.287531714e-16 -4.006705266e-17)
(10 4.183012565e-16 -1.84048681e-16)
(10 3.302063839e-17 3.184365056e-16)
(10 1.195568278e-16 4.674349049e-16)
(10 -3.904383235e-16 -1.672650946e-16)
(10 3.251975348e-16 -6.533933215e-16)
(10 5.881452099e-16 -5.452472847e-16)
(10 4.213873817e-16 -3.198672185e-16)
(10 4.608833426e-17 4.74502479e-16)
(10 -3.06939009e-16 3.099196976e-16)
(10 -7.036981856e-17 -3.04310651e-16)
(10 4.921929755e-16 3.067248739e-16)
(10 -2.765418173e-16 5.503097547e-16)
(10 1.591158157e-17 3.233161724e-16)
(10 -1.885436007e-16 6.089097859e-16)
(10 -2.788019517e-16 -5.943136145e-16)
(10 -4.028066637e-16 2.175168799e-16)
(10 -9.718367193e-16 3.048207782e-15)
)
;

boundaryField
{
    left
    {
        type            dirichlet;
        value           uniform (4 0 0);
    }
    right
    {
        type            dirichlet;
        value           uniform (4 0 0);
    }
    sides
    {
        type            empty;
    }
}


// ************************************************************************* //
