/*--------------------------------*- C++ -*----------------------------------*\
| =========                 |                                                 |
| \\      /  F ield         | foam-extend: Open Source CFD                    |
|  \\    /   O peration     | Version:     4.1                                |
|   \\  /    A nd           | Web:         http://www.foam-extend.org         |
|    \\/     M anipulation  |                                                 |
\*---------------------------------------------------------------------------*/
FoamFile
{
    version     2.0;
    format      ascii;
    class       cellScalarField;
    location    "39.2";
    object      T;
}
// * * * * * * * * * * * * * * * * * * * * * * * * * * * * * * * * * * * * * //

dimensions      [0 0 0 0 1 0 0];

internalField   nonuniform 
100
(
(4 -5.703630593e-17 1.624202108e-17)
(4 -5.529401283e-17 2.230522319e-16)
(4 -5.847307983e-17 -1.281831959e-17)
(4 -1.030159786e-16 1.06520846e-17)
(4 -1.196036728e-16 -1.629965201e-16)
(4 -3.639281844e-16 -2.125257924e-16)
(4 4.990393775e-16 -5.185332656e-17)
(4 -4.952060037e-16 -5.072465732e-17)
(4 7.526639014e-16 2.381034208e-17)
(4 -1.352409681e-15 1.996978096e-16)
(4 -1.866230296e-17 -3.252911318e-17)
(4 3.783616557e-16 2.447496703e-17)
(4 4.82212468e-16 -6.984437848e-17)
(4 1.582087728e-16 -6.235856203e-17)
(4 -1.095541766e-16 -1.199567531e-16)
(4 1.699620398e-17 1.980227991e-17)
(4 8.229800257e-17 -3.534633105e-17)
(4 -1.070413115e-16 2.620258689e-16)
(4 -2.289718817e-16 -1.216695525e-16)
(4 -1.54489964e-16 -8.168939947e-17)
(4 1.475537893e-16 -2.416649128e-18)
(4 -1.455262665e-16 2.102065458e-16)
(4 1.229025699e-16 -1.196656963e-16)
(4 -7.273490129e-17 -1.125169215e-16)
(4 1.144703117e-16 2.091089103e-16)
(4 -1.515171093e-16 2.761969109e-16)
(4 3.384237989e-16 3.824410627e-17)
(4 -1.192770005e-16 -1.445112879e-16)
(4 6.239221537e-17 1.006104188e-16)
(4 -2.09480791e-16 6.479238387e-17)
(4 8.540237457e-16 -6.555201248e-17)
(4 -8.734313773e-16 -7.035846171e-17)
(4 9.575707733e-16 3.227146864e-17)
(4 -1.462694185e-15 -6.224540878e-17)
(4 1.373611258e-15 9.038884837e-18)
(4 -6.749217903e-16 3.440462693e-16)
(4 1.017144232e-15 1.498270561e-16)
(4 -1.416516351e-15 -1.821598574e-16)
(4 1.212038417e-15 -1.080914374e-16)
(4 -2.872385225e-16 -1.275647937e-16)
(4 1.149275287e-16 1.034860914e-16)
(4 6.607811958e-17 -1.814287164e-16)
(4 -7.382896592e-17 2.808893498e-17)
(4 6.336817776e-17 -6.984133775e-17)
(4 -4.985713583e-16 1.077481485e-16)
(4 9.985121671e-16 9.985898898e-18)
(4 -1.093164094e-15 -1.451168127e-16)
(4 8.641775671e-16 1.126660903e-16)
(4 -9.587194647e-16 5.597287382e-18)
(4 6.688082955e-16 7.106327577e-16)
(4 1.814572958e-14 8.872121076e-15)
(4 1.686072422e-13 7.768068441e-14)
(4 1.441729422e-12 6.301635654e-13)
(4 1.137768007e-11 4.77668396e-12)
(4 8.370492645e-11 3.362372204e-11)
(4.000000001 5.714667584e-10 2.185909678e-10)
(4.000000004 3.603378186e-09 1.305930078e-09)
(4.000000025 2.088870075e-08 7.134117253e-09)
(4.00000014 1.108487736e-07 3.547853938e-08)
(4.000000709 5.365816956e-07 1.600684369e-07)
(4.000003293 2.363527103e-06 6.537293692e-07)
(4.000013964 9.461248001e-06 2.414315373e-06)
(4.000054052 3.441219895e-05 8.062566462e-06)
(4.000191113 0.0001138022392 2.436295601e-05)
(4.000618016 0.000342649363 6.668972248e-05)
(4.001831293 0.0009410115472 0.0001655979992)
(4.004983677 0.002362092365 0.0003735317476)
(4.012487608 0.005431718795 0.0007663428081)
(4.028888856 0.01146908327 0.001431368579)
(4.061879131 0.02228884173 0.002434996539)
(4.123084988 0.03995912183 0.003771430666)
(4.228052821 0.06623553619 0.00530989151)
(4.394818561 0.1017321429 0.006771458408)
(4.640767189 0.1450867177 0.007766342147)
(4.978159283 0.1925189821 0.007899676861)
(5.409489746 0.2381409049 0.006915927029)
(5.924324997 0.2751136449 0.004820698091)
(6.499069846 0.2973566774 0.001917569432)
(7.100195754 0.3012096386 -0.001266952281)
(7.690186362 0.2864139565 -0.004143290588)
(8.234428879 0.2560557209 -0.006235681306)
(8.706992681 0.2155484245 -0.007304195328)
(9.093785295 0.1711025057 -0.007372090744)
(9.392634836 0.1282560393 -0.006665163874)
(9.61089279 0.09090698981 -0.005504217033)
(9.76176102 0.06100753698 -0.00419980779)
(9.860590159 0.03881389631 -0.002983242667)
(9.922017864 0.02343918429 -0.001983386444)
(9.95828828 0.01345139981 -0.001239239302)
(9.978656451 0.007344557956 -0.00073002924)
(9.989547034 0.003819676509 -0.0004065624693)
(9.995097447 0.001894203582 -0.0002145407451)
(9.997796664 0.0008966641978 -0.0001074871218)
(9.999050496 0.0004055909293 -5.122028525e-05)
(9.999607388 0.0001754860914 -2.325244293e-05)
(9.999844123 7.269813438e-05 -1.007118988e-05)
(9.999940535 2.886354015e-05 -4.167508805e-06)
(9.999978187 1.099338363e-05 -1.649738967e-06)
(9.999992301 4.020394618e-06 -6.254951014e-07)
(9.999997383 1.413032746e-06 -2.274059674e-07)
)
;

boundaryField
{
    left
    {
        type            dirichlet;
        value           uniform (4 0 0);
    }
    right
    {
        type            dirichlet;
        value           uniform (4 0 0);
    }
    sides
    {
        type            empty;
    }
}


// ************************************************************************* //
