/*--------------------------------*- C++ -*----------------------------------*\
| =========                 |                                                 |
| \\      /  F ield         | foam-extend: Open Source CFD                    |
|  \\    /   O peration     | Version:     4.1                                |
|   \\  /    A nd           | Web:         http://www.foam-extend.org         |
|    \\/     M anipulation  |                                                 |
\*---------------------------------------------------------------------------*/
FoamFile
{
    version     2.0;
    format      ascii;
    class       cellScalarField;
    location    "18.3";
    object      T;
}
// * * * * * * * * * * * * * * * * * * * * * * * * * * * * * * * * * * * * * //

dimensions      [0 0 0 0 1 0 0];

internalField   nonuniform 
100
(
(4 -5.703630593e-17 1.624202108e-17)
(4 -9.0365642e-17 1.37353838e-16)
(4 5.947143356e-17 6.863573801e-18)
(4 -9.90997377e-17 1.070151261e-16)
(4 -8.778312948e-17 -2.051739336e-18)
(4 -4.173245129e-16 -9.095740007e-17)
(4 4.607705055e-16 7.094559097e-17)
(4 -4.125837965e-16 1.901194257e-16)
(4 7.658084656e-16 2.809989738e-18)
(4 -1.241592735e-15 -8.941781857e-17)
(4 -2.494049129e-16 1.335734192e-16)
(4 1.408972386e-15 1.168460918e-16)
(4 -7.653356194e-16 1.752111515e-16)
(4 1.962374255e-15 2.062223057e-16)
(4 -2.825055554e-16 2.28042867e-16)
(4 5.985396279e-17 -4.671428727e-17)
(4 1.735227053e-15 2.055270686e-15)
(4 4.547251031e-14 2.806568767e-14)
(4 7.455588528e-13 4.62176354e-13)
(4 1.197489531e-11 7.110277863e-12)
(4 1.689727728e-10 9.476435104e-11)
(4.000000002 2.152999339e-09 1.168160576e-09)
(4.000000023 2.509735863e-08 1.286262403e-08)
(4.00000025 2.579849663e-07 1.235934077e-07)
(4.000002354 2.337944657e-06 1.046879673e-06)
(4.000019581 1.857369902e-05 7.599398062e-06)
(4.000140416 0.0001246862026 4.501725501e-05)
(4.000841879 0.0006827789802 0.0002113133872)
(4.004147069 0.003006295593 0.0007808114527)
(4.016752828 0.01066347109 0.002281868341)
(4.055928822 0.03076426276 0.005313123907)
(4.156178556 0.07306329815 0.009905065613)
(4.369805562 0.1445812575 0.01475865196)
(4.75303765 0.2410967852 0.01729482856)
(5.337644958 0.3422927507 0.01509361918)
(6.102951344 0.4175960225 0.007849729148)
(6.969876602 0.4414758432 -0.001969656853)
(7.826103494 0.4075293881 -0.01056636241)
(8.568555412 0.3307832167 -0.01515144929)
(9.137407265 0.2376061591 -0.01526884379)
(9.5248111 0.1519501603 -0.01237463389)
(9.760629523 0.08699715154 -0.008478573049)
(9.889606428 0.04482859877 -0.005039741043)
(9.953302489 0.02089344909 -0.002641388947)
(9.981839914 0.008849428315 -0.001234807626)
(9.993490668 0.003421472439 -0.0005194918593)
(9.997843526 0.001212695867 -0.0001981269213)
(9.99933782 0.0003956325126 -6.892915917e-05)
(9.999810991 0.0001192642658 -2.199569158e-05)
(9.999949707 3.334301294e-05 -6.469650058e-06)
(9.999987489 8.675556857e-06 -1.761860223e-06)
(9.999997082 2.107835037e-06 -4.460560175e-07)
(9.99999936 4.797342675e-07 -1.053852598e-07)
(9.999999868 1.025887332e-07 -2.331692367e-08)
(9.999999974 2.067176804e-08 -4.847176107e-09)
(9.999999995 3.935637934e-09 -9.496512522e-10)
(9.999999999 7.097961103e-10 -1.758512703e-10)
(10 1.215618801e-10 -3.086098763e-11)
(10 1.98163787e-11 -5.145495545e-12)
(10 3.079744749e-12 -8.168624686e-13)
(10 4.557573041e-13 -1.245620018e-13)
(10 6.163299117e-14 -1.714488714e-14)
(10 9.908787623e-15 -2.112245517e-15)
(10 8.533796455e-17 -8.784270152e-16)
(10 4.955905325e-16 -6.512157839e-16)
(10 2.363579452e-16 -2.310284808e-16)
(10 -1.410766653e-16 1.090800854e-16)
(10 4.598575678e-18 -8.577897722e-17)
(10 4.668417547e-16 -1.346627643e-16)
(10 5.068866913e-17 -1.427349266e-16)
(10 -2.642146467e-16 1.639392849e-16)
(10 -1.326520968e-17 -5.540053557e-17)
(10 1.149382016e-20 -4.474368191e-17)
(10 -1.293353415e-16 1.621265827e-16)
(10 2.644500837e-16 -3.909652334e-16)
(10 1.617118729e-16 -1.624803722e-16)
(10 -2.410993253e-16 2.584123313e-16)
(10 -6.074289679e-16 3.196942312e-16)
(10 2.053780049e-16 -2.517483415e-16)
(10 -1.767222954e-16 1.994538804e-17)
(10 -1.795193581e-16 -2.646722372e-16)
(10 3.473165792e-16 -1.75635335e-16)
(10 1.637029133e-16 -2.17654927e-16)
(10 -3.049061764e-16 -4.988795273e-16)
(10 2.091544337e-16 -2.914830164e-16)
(10 5.433656151e-17 6.213845777e-16)
(10 -5.543452342e-16 1.988409818e-16)
(10 -2.575906159e-17 2.752151323e-16)
(10 -7.333231877e-19 1.126877489e-16)
(10 7.022519043e-17 -1.82390596e-16)
(10 1.532752681e-16 6.724145752e-17)
(10 1.692003799e-16 -1.148901922e-16)
(10 9.059160755e-17 -3.697739762e-16)
(10 1.416248897e-16 -4.537023259e-16)
(10 3.373933292e-17 -1.872146478e-16)
(10 1.206706212e-16 -1.668496924e-16)
(10 -1.480889122e-16 6.819033906e-16)
(10 -3.311692102e-16 6.381401886e-16)
(10 3.106194805e-16 -2.231428697e-16)
(10 -8.976575119e-16 3.653596591e-15)
)
;

boundaryField
{
    left
    {
        type            dirichlet;
        value           uniform (4 0 0);
    }
    right
    {
        type            dirichlet;
        value           uniform (4 0 0);
    }
    sides
    {
        type            empty;
    }
}


// ************************************************************************* //
