/*--------------------------------*- C++ -*----------------------------------*\
| =========                 |                                                 |
| \\      /  F ield         | foam-extend: Open Source CFD                    |
|  \\    /   O peration     | Version:     4.1                                |
|   \\  /    A nd           | Web:         http://www.foam-extend.org         |
|    \\/     M anipulation  |                                                 |
\*---------------------------------------------------------------------------*/
FoamFile
{
    version     2.0;
    format      ascii;
    class       cellScalarField;
    location    "27.5";
    object      T;
}
// * * * * * * * * * * * * * * * * * * * * * * * * * * * * * * * * * * * * * //

dimensions      [0 0 0 0 1 0 0];

internalField   nonuniform 
100
(
(4 -5.703630593e-17 1.624202108e-17)
(4 -1.554337998e-16 -1.456903254e-16)
(4 9.671768789e-17 1.191333225e-17)
(4 6.342303464e-18 1.022463293e-16)
(4 -1.866283548e-16 1.634070768e-16)
(4 -2.977887612e-16 2.998924108e-16)
(4 3.685489166e-16 1.109095662e-16)
(4 -4.966604558e-16 5.212694788e-17)
(4 8.365365087e-16 5.265730451e-17)
(4 -1.262878362e-15 -2.621951284e-16)
(4 9.165262977e-17 9.234017132e-17)
(4 2.785199048e-16 -1.121309542e-17)
(4 5.925485431e-16 1.993373471e-16)
(4 -7.660759405e-18 -1.334567898e-16)
(4 -7.889566508e-17 1.166759608e-16)
(4 4.746994103e-16 3.390226832e-16)
(4 -8.953649885e-16 8.620813856e-17)
(4 9.250002918e-16 2.119610357e-16)
(4 -9.382299259e-16 7.420340111e-17)
(4 6.684839966e-16 -9.05125897e-17)
(4 -7.184418149e-16 -8.396223156e-18)
(4 6.334040773e-16 1.55119263e-16)
(4 -1.05273528e-15 2.325923444e-16)
(4 6.47233866e-16 -1.040879514e-16)
(4 -5.400848764e-16 3.690487907e-16)
(4 1.730636886e-16 -1.138522098e-16)
(4 -9.807092588e-17 6.409340283e-17)
(4 -1.078979059e-16 2.573326232e-17)
(4 -4.170700271e-16 -1.635829763e-16)
(4 5.165248758e-16 1.118605208e-17)
(4 4.679024103e-16 7.855557351e-16)
(4 1.44558684e-14 9.475746161e-15)
(4 2.014312127e-13 1.06157839e-13)
(4 2.271087386e-12 1.161759086e-12)
(4 2.3933185e-11 1.17893749e-11)
(4 2.331759202e-10 1.099082778e-10)
(4.000000002 2.084485165e-09 9.346266004e-10)
(4.000000018 1.698081521e-08 7.197196715e-09)
(4.000000136 1.251341064e-07 4.972298677e-08)
(4.000000939 8.259548882e-07 3.043141526e-07)
(4.00000579 4.826964055e-06 1.628741678e-06)
(4.000031627 2.472775495e-05 7.551410903e-06)
(4.000152003 0.0001103667957 3.018323733e-05)
(4.000641136 0.0004283460392 0.0001039150627)
(4.002374924 0.001447470258 0.0003086360271)
(4.007749311 0.004272923002 0.0007929449421)
(4.022374131 0.01106776673 0.001767233216)
(4.057468116 0.02527772943 0.003423979594)
(4.132079881 0.0511592998 0.005770929365)
(4.273287399 0.09220132072 0.008444971964)
(4.512267085 0.148662363 0.01065860583)
(4.875511958 0.215392728 0.01141510937)
(5.373423399 0.2815967007 0.009964384774)
(5.99128831 0.3334881556 0.006258429774)
(6.687913818 0.3590675911 0.001097176173)
(7.403980334 0.3527014111 -0.004169800743)
(8.077197911 0.3170883583 -0.008223308452)
(8.657868397 0.2617132398 -0.01029496337)
(9.118689298 0.1988862315 -0.01035863787)
(9.4560987 0.1395458405 -0.008961512576)
(9.684629103 0.09063712642 -0.00686899268)
(9.828172048 0.05463438785 -0.004743340337)
(9.911985706 0.03063690006 -0.002982642014)
(9.957583682 0.01601949335 -0.001720821212)
(9.980749044 0.007827915564 -0.0009162170596)
(9.991762545 0.003582363783 -0.0004522836188)
(9.996672778 0.001538577135 -0.0002078119179)
(9.998729789 0.0006213893751 -8.917584888e-05)
(9.999541062 0.0002364520448 -3.584638215e-05)
(9.999842853 8.493154859e-05 -1.353451513e-05)
(9.999948934 2.884876732e-05 -4.811920564e-06)
(9.99998423 9.282775212e-06 -1.614625031e-06)
(9.999995366 2.83436878e-06 -5.124307058e-07)
(9.999998702 8.225734837e-07 -1.541293114e-07)
(9.999999653 2.272593461e-07 -4.401994582e-08)
(9.999999911 5.986376556e-08 -1.195948474e-08)
(9.999999978 1.505727159e-08 -3.096136322e-09)
(9.999999995 3.621530661e-09 -7.650392363e-10)
(9.999999999 8.340665362e-10 -1.807084316e-10)
(10 1.84189115e-10 -4.086493216e-11)
(10 3.905163232e-11 -8.859881728e-12)
(10 7.955135456e-12 -1.843474205e-12)
(10 1.557246557e-12 -3.690396546e-13)
(10 2.960882862e-13 -7.055673411e-14)
(10 5.702679061e-14 -1.398365817e-14)
(10 1.192565518e-14 -2.725385662e-15)
(10 7.088341658e-16 -2.079742438e-16)
(10 2.326864219e-16 -4.128175018e-16)
(10 1.205477251e-15 3.342112106e-16)
(10 -1.257227721e-15 1.060743557e-15)
(10 -2.375177227e-16 -2.02146653e-16)
(10 -1.332736647e-17 5.437566994e-16)
(10 -4.730636584e-16 1.746592184e-16)
(10 -1.081881266e-16 5.830858786e-16)
(10 7.06276163e-17 4.039046008e-18)
(10 6.096255938e-17 2.037644352e-16)
(10 -3.472051698e-16 7.622359722e-16)
(10 -2.965713497e-16 5.300590719e-16)
(10 -2.937544091e-16 2.441163107e-16)
(10 -1.244065727e-15 4.845551683e-15)
)
;

boundaryField
{
    left
    {
        type            dirichlet;
        value           uniform (4 0 0);
    }
    right
    {
        type            dirichlet;
        value           uniform (4 0 0);
    }
    sides
    {
        type            empty;
    }
}


// ************************************************************************* //
