/*--------------------------------*- C++ -*----------------------------------*\
| =========                 |                                                 |
| \\      /  F ield         | foam-extend: Open Source CFD                    |
|  \\    /   O peration     | Version:     4.1                                |
|   \\  /    A nd           | Web:         http://www.foam-extend.org         |
|    \\/     M anipulation  |                                                 |
\*---------------------------------------------------------------------------*/
FoamFile
{
    version     2.0;
    format      ascii;
    class       cellScalarField;
    location    "24.3";
    object      T;
}
// * * * * * * * * * * * * * * * * * * * * * * * * * * * * * * * * * * * * * //

dimensions      [0 0 0 0 1 0 0];

internalField   nonuniform 
100
(
(4 -5.703630593e-17 1.624202108e-17)
(4 1.319381567e-16 -1.089004401e-16)
(4 -8.200283344e-18 1.994363848e-16)
(4 -1.335673836e-16 1.642221519e-17)
(4 6.667749925e-17 -1.014320759e-16)
(4 -3.778656443e-16 -1.450651178e-16)
(4 5.652937335e-16 7.186584218e-17)
(4 -4.940865487e-16 -6.166332111e-17)
(4 8.35565694e-16 -5.56368761e-17)
(4 -1.393416428e-15 2.213831727e-16)
(4 6.94173694e-17 2.701962237e-16)
(4 1.169172412e-15 -1.550964804e-16)
(4 -8.337738828e-16 -1.788925972e-18)
(4 4.127190307e-16 -5.515207546e-17)
(4 2.870471447e-16 -1.091964223e-16)
(4 -6.136363392e-17 3.05560122e-17)
(4 4.306721251e-17 3.084793527e-16)
(4 -4.403713273e-16 1.030962911e-17)
(4 5.767427038e-16 2.022923207e-16)
(4 -9.857966606e-16 -1.726782516e-16)
(4 9.712998179e-16 1.507355686e-16)
(4 -8.686083491e-16 1.230199581e-16)
(4 8.108694094e-16 -1.566774729e-16)
(4 -7.0179759e-16 1.164822386e-16)
(4 5.054049226e-16 3.117690765e-17)
(4 1.742177459e-15 8.643627173e-16)
(4 1.997162422e-14 1.126884006e-14)
(4 2.583375018e-13 1.435223106e-13)
(4 3.253116567e-12 1.747472149e-12)
(4 3.76817173e-11 1.944048172e-11)
(4 4.014154553e-10 1.982941722e-10)
(4.000000004 3.9081477e-09 1.834354451e-09)
(4.000000035 3.445276604e-08 1.526439652e-08)
(4.000000288 2.730883525e-07 1.132817175e-07)
(4.000002128 1.925165227e-06 7.377231703e-07)
(4.000013891 1.187717177e-05 4.135289862e-06)
(4.000079202 6.316646559e-05 1.966838237e-05)
(4.000390735 0.0002870063355 7.884728029e-05)
(4.001662089 0.001111470004 0.0002662400612)
(4.006104268 0.003677215896 0.0007592316671)
(4.019444745 0.01044524743 0.001835335733)
(4.054067091 0.02563176438 0.003773364871)
(4.132190978 0.05469274332 0.006608338547)
(4.286403103 0.1021315892 0.009840957914)
(4.554282814 0.1679284668 0.0123611916)
(4.966085129 0.2445177294 0.0128156061)
(5.529270683 0.3169817351 0.01033466414)
(6.217860361 0.3676617953 0.005164313285)
(6.974004376 0.3833152948 -0.001295257312)
(7.722934997 0.3607665163 -0.007134838211)
(8.394692984 0.307757758 -0.01084447621)
(8.942409168 0.2388635709 -0.01190446443)
(9.349803659 0.169278487 -0.01077423327)
(9.62717107 0.1099095374 -0.008433073943)
(9.800578537 0.06559166174 -0.005846149023)
(9.900435606 0.03608893657 -0.003641427679)
(9.953555442 0.01836053531 -0.002057958356)
(9.979732259 0.008661684343 -0.001062971525)
(9.991714169 0.003799232021 -0.0005046960561)
(9.996821645 0.00155342673 -0.0002213307536)
(9.998854182 0.0005935667881 -9.002177383e-05)
(9.999611126 0.0002124586546 -3.408227849e-05)
(9.99987554 7.140181369e-05 -1.205060441e-05)
(9.999962371 2.258091425e-05 -3.991067479e-06)
(9.999989234 6.734474066e-06 -1.241568923e-06)
(9.99999708 1.89799182e-06 -3.637248526e-07)
(9.999999248 5.064998682e-07 -1.00587476e-07)
(9.999999816 1.282309335e-07 -2.631907919e-08)
(9.999999957 3.085588448e-08 -6.529591494e-09)
(9.99999999 7.069493521e-09 -1.53912475e-09)
(9.999999998 1.544854176e-09 -3.453606964e-10)
(10 3.225138652e-10 -7.390564616e-11)
(10 6.442577379e-11 -1.511051097e-11)
(10 1.232893585e-11 -2.954854348e-12)
(10 2.265455573e-12 -5.553394583e-13)
(10 3.972295631e-13 -9.851326153e-14)
(10 6.828893479e-14 -1.597299016e-14)
(10 1.266899373e-14 -3.092383202e-15)
(10 1.193967091e-15 -9.59375015e-16)
(10 1.68016076e-16 3.014622088e-17)
(10 -4.071805389e-16 2.359320615e-16)
(10 -6.104840089e-17 -3.926997927e-16)
(10 -6.428122538e-17 3.042967449e-16)
(10 -6.762464728e-16 4.184013361e-16)
(10 1.39272763e-16 1.214881146e-16)
(10 -5.204400873e-16 1.937955015e-16)
(10 4.382799973e-16 -3.26076329e-16)
(10 3.692379665e-16 -2.7361863e-18)
(10 -2.323692921e-16 4.984192406e-16)
(10 -2.477654883e-16 2.960161922e-16)
(10 2.613431904e-17 -6.247154604e-16)
(10 5.44194371e-17 4.527714725e-16)
(10 -8.283108745e-17 -3.3532457e-16)
(10 -2.346597984e-16 4.780360546e-16)
(10 -8.577825071e-17 -3.550773629e-16)
(10 1.701365939e-17 2.216790948e-16)
(10 -2.099227819e-17 -1.323741319e-16)
(10 -2.530898761e-16 -2.12665839e-17)
(10 4.285322143e-16 -9.064922003e-17)
(10 -1.122037925e-16 3.420532837e-15)
)
;

boundaryField
{
    left
    {
        type            dirichlet;
        value           uniform (4 0 0);
    }
    right
    {
        type            dirichlet;
        value           uniform (4 0 0);
    }
    sides
    {
        type            empty;
    }
}


// ************************************************************************* //
