/*--------------------------------*- C++ -*----------------------------------*\
| =========                 |                                                 |
| \\      /  F ield         | foam-extend: Open Source CFD                    |
|  \\    /   O peration     | Version:     4.1                                |
|   \\  /    A nd           | Web:         http://www.foam-extend.org         |
|    \\/     M anipulation  |                                                 |
\*---------------------------------------------------------------------------*/
FoamFile
{
    version     2.0;
    format      ascii;
    class       cellScalarField;
    location    "36.9";
    object      T;
}
// * * * * * * * * * * * * * * * * * * * * * * * * * * * * * * * * * * * * * //

dimensions      [0 0 0 0 1 0 0];

internalField   nonuniform 
100
(
(4 -5.703630593e-17 1.624202108e-17)
(4 -7.373098202e-17 4.848756488e-17)
(4 -2.909666692e-17 7.095181366e-17)
(4 -9.844900969e-17 2.517447369e-17)
(4 -2.888105791e-16 -1.957275608e-17)
(4 -5.175683436e-16 1.292087858e-16)
(4 3.765888977e-16 -1.225618611e-16)
(4 -6.691638895e-16 -8.176007616e-17)
(4 9.442853913e-16 -9.49813684e-17)
(4 -1.448863525e-15 2.285862947e-16)
(4 3.933396527e-16 9.687980983e-17)
(4 -6.686013847e-16 1.991327715e-17)
(4 1.16631986e-15 -1.040447627e-16)
(4 -5.927795618e-16 4.089621834e-16)
(4 4.666056014e-16 1.266199481e-16)
(4 -1.72748915e-16 1.108262534e-16)
(4 4.751347621e-16 1.607998831e-16)
(4 -8.278185701e-16 1.353013171e-16)
(4 6.030750889e-16 -1.611245543e-16)
(4 -4.547134221e-16 2.708458792e-17)
(4 2.145057179e-16 -1.588719236e-17)
(4 1.103587534e-16 -2.116459008e-16)
(4 1.162390571e-16 -1.403631934e-16)
(4 2.66735041e-16 -1.344593774e-16)
(4 1.667597509e-16 2.863392587e-16)
(4 -4.158708486e-16 -3.580599688e-18)
(4 7.934798112e-16 -8.138199122e-17)
(4 -7.613529491e-16 3.87959896e-17)
(4 3.773616232e-16 -9.133593581e-17)
(4 -3.539767381e-16 -5.712764967e-17)
(4 9.170474741e-16 -1.317849411e-16)
(4 -7.815791298e-16 3.349429696e-16)
(4 6.810594498e-16 -1.5122357e-16)
(4 -7.409029348e-16 4.077575238e-16)
(4 5.994775745e-16 -1.127090648e-16)
(4 -7.628857556e-16 4.18318684e-18)
(4 5.002426077e-16 -4.782098786e-17)
(4 -3.945566366e-16 2.839340055e-16)
(4 4.774283079e-16 1.690007071e-16)
(4 4.552274016e-17 -1.198186971e-16)
(4 -1.063440611e-17 -8.00048851e-17)
(4 -3.073275976e-17 3.874162347e-17)
(4 -2.06639966e-16 2.676685769e-17)
(4 1.67708483e-17 -9.908403018e-17)
(4 -7.304068649e-16 2.603581067e-16)
(4 9.311393845e-16 2.878887273e-16)
(4 1.020526262e-14 5.237240381e-15)
(4 1.060859716e-13 5.009098625e-14)
(4 9.664729161e-13 4.395628397e-13)
(4 8.150014045e-12 3.555070796e-12)
(4 6.395932732e-11 2.671866427e-11)
(4.000000001 4.654221829e-10 1.853008399e-10)
(4.000000004 3.124153151e-09 1.179217895e-09)
(4.000000023 1.924298793e-08 6.845452737e-09)
(4.000000132 1.081875307e-07 3.604485005e-08)
(4.00000071 5.526100338e-07 1.713487945e-07)
(4.000003461 2.555490073e-06 7.32998667e-07)
(4.000015338 1.067685356e-05 2.816813939e-06)
(4.00006169 4.027486211e-05 9.720025256e-06)
(4.000225283 0.0001372349223 3.013557676e-05)
(4.000747963 0.0004229955848 8.40460913e-05)
(4.002262269 0.001181707919 0.0002111751952)
(4.006249129 0.00299925126 0.000478785664)
(4.015810697 0.006933589413 0.0009808945708)
(4.036752078 0.01463852098 0.001817708271)
(4.078744774 0.02829982831 0.003047883221)
(4.156037646 0.05022871937 0.004621143094)
(4.286950544 0.08205471959 0.006320761651)
(4.491476515 0.1236800566 0.007759619269)
(4.786899345 0.172408503 0.008462206635)
(5.1822975 0.2227690345 0.008023632387)
(5.67370808 0.2673739809 0.006285160758)
(6.241982286 0.2987041298 0.003439465997)
(6.854644475 0.311222835 2.513116988e-06)
(7.471586024 0.3029866351 -0.003345683072)
(8.052889861 0.2761065624 -0.005981503952)
(8.566275434 0.2359277123 -0.007521590506)
(8.991953622 0.189342683 -0.007898709201)
(9.323852213 0.1429475304 -0.007317653465)
(9.567565795 0.1016785722 -0.006133666301)
(9.736355231 0.06824167792 -0.004717729219)
(9.846768538 0.04327715093 -0.003359738891)
(9.915082213 0.02596913526 -0.002229197353)
(9.955112143 0.01476483524 -0.001384469186)
(9.977356323 0.007964104073 -0.0008077924675)
(9.989093118 0.004080664884 -0.0004441220581)
(9.994980417 0.001988582496 -0.0002306731753)
(9.997791238 0.0009227697104 -0.0001134350537)
(9.999070045 0.0004082108635 -5.291874107e-05)
(9.999625081 0.0001723489108 -2.346164371e-05)
(9.999855151 6.95254635e-05 -9.901571908e-06)
(9.999946329 2.682607241e-05 -3.983864496e-06)
(9.999980912 9.910668768e-06 -1.53029306e-06)
(9.999993479 3.509336878e-06 -5.619440962e-07)
(9.999997858 1.192219037e-06 -1.975186054e-07)
(9.999999323 3.889717204e-07 -6.6533509e-08)
(9.999999794 1.219895957e-07 -2.150244784e-08)
(9.99999994 3.68105317e-08 -6.674624459e-09)
(9.999999983 1.069690326e-08 -1.992115864e-09)
(9.999999995 2.996147495e-09 -5.722526477e-10)
)
;

boundaryField
{
    left
    {
        type            dirichlet;
        value           uniform (4 0 0);
    }
    right
    {
        type            dirichlet;
        value           uniform (4 0 0);
    }
    sides
    {
        type            empty;
    }
}


// ************************************************************************* //
