/*--------------------------------*- C++ -*----------------------------------*\
| =========                 |                                                 |
| \\      /  F ield         | foam-extend: Open Source CFD                    |
|  \\    /   O peration     | Version:     4.1                                |
|   \\  /    A nd           | Web:         http://www.foam-extend.org         |
|    \\/     M anipulation  |                                                 |
\*---------------------------------------------------------------------------*/
FoamFile
{
    version     2.0;
    format      ascii;
    class       cellScalarField;
    location    "36.5";
    object      T;
}
// * * * * * * * * * * * * * * * * * * * * * * * * * * * * * * * * * * * * * //

dimensions      [0 0 0 0 1 0 0];

internalField   nonuniform 
100
(
(4 -5.703630593e-17 1.624202108e-17)
(4 -1.321494172e-16 -4.423733687e-18)
(4 -4.699772265e-17 1.499207818e-17)
(4 -1.461296159e-16 -5.738084272e-18)
(4 2.32742889e-17 -1.0452085e-16)
(4 -5.350498321e-16 4.597683381e-17)
(4 5.426618556e-16 -7.491748624e-17)
(4 -5.389596361e-16 -1.845284122e-16)
(4 9.353981072e-16 -7.702449347e-18)
(4 -1.302375369e-15 1.028874829e-16)
(4 3.074253093e-16 7.261752037e-17)
(4 -2.074329841e-16 6.714201858e-17)
(4 9.258211345e-16 -1.020356963e-16)
(4 -1.657262279e-16 -7.691210719e-17)
(4 6.727870863e-16 -1.120056431e-17)
(4 -7.658969585e-16 9.722679575e-18)
(4 5.343746287e-16 -4.385943455e-17)
(4 -3.326668147e-16 2.139766408e-16)
(4 1.636905163e-17 -5.220074279e-17)
(4 -7.27193954e-17 -4.562967258e-18)
(4 6.091107268e-17 1.796079152e-16)
(4 -1.812446032e-16 8.640771854e-17)
(4 5.92761191e-16 2.902417286e-16)
(4 -8.799003053e-16 -1.154037969e-16)
(4 8.929303113e-16 1.181597674e-17)
(4 -6.471241959e-16 1.111398942e-16)
(4 6.131167752e-16 6.874379175e-17)
(4 -8.396530517e-16 1.882336265e-16)
(4 2.796871492e-16 -2.686165069e-17)
(4 -4.433314775e-16 -3.387015753e-17)
(4 8.675904543e-16 -1.68496186e-16)
(4 -7.055641905e-16 6.312153876e-16)
(4 -2.553218514e-18 -1.196647661e-16)
(4 -3.471668603e-16 2.326411179e-16)
(4 5.5051046e-16 -5.792008098e-18)
(4 -7.131604479e-16 -8.567472072e-17)
(4 4.391408319e-16 3.479086269e-17)
(4 -3.742140023e-16 6.519967713e-17)
(4 3.402455882e-16 2.508031663e-17)
(4 -8.352235508e-17 2.00250663e-16)
(4 -1.822626082e-16 -8.245904925e-17)
(4 1.740849932e-17 1.596664013e-16)
(4 -2.067496299e-16 1.437279408e-16)
(4 4.283256665e-17 -9.54832992e-18)
(4 -5.446072453e-16 9.368643681e-17)
(4 4.16585965e-15 2.678487896e-15)
(4 4.857355904e-14 2.351153329e-14)
(4 4.583950108e-13 2.13632609e-13)
(4 4.012142687e-12 1.783100857e-12)
(4 3.256067726e-11 1.388443641e-11)
(4 2.454132223e-10 9.990900762e-11)
(4.000000002 1.708740042e-09 6.607049599e-10)
(4.000000013 1.093216434e-08 3.99165129e-09)
(4.000000077 6.391591326e-08 2.18989698e-08)
(4.000000427 3.397469385e-07 1.085217661e-07)
(4.000002166 1.635130217e-06 4.838557137e-07)
(4.000009971 7.105979618e-06 1.936408316e-06)
(4.000041615 2.785135902e-05 6.949863646e-06)
(4.000157494 9.846199161e-05 2.237540311e-05)
(4.000541016 0.0003143286026 6.468981289e-05)
(4.001690031 0.0009078153166 0.000168195569)
(4.004812558 0.002377465462 0.0003939224943)
(4.012528134 0.005660470408 0.0008323025993)
(4.02990703 0.01228523837 0.001588307899)
(4.065684156 0.02437193963 0.002739180837)
(4.133176281 0.04431388745 0.004267563299)
(4.250147224 0.07404056849 0.005995224991)
(4.436853729 0.1139663798 0.007561492903)
(4.711983249 0.1619994771 0.008486299743)
(5.087136444 0.2131510583 0.008320753105)
(5.561518848 0.2601719889 0.006833182101)
(6.118974056 0.2952239011 0.004141668233)
(6.728968597 0.3120599967 0.0007168164771)
(7.351715892 0.3078643721 -0.002759312354)
(7.945963902 0.2840002861 -0.00561724671)
(8.47692267 0.2454065405 -0.007405822121)
(8.921889608 0.1989760159 -0.007995408646)
(9.272219391 0.1516258915 -0.007553361277)
(9.531751515 0.1087648492 -0.006427642683)
(9.712938966 0.07355403832 -0.005004898102)
(9.832316839 0.04696398283 -0.003600917693)
(9.906651823 0.02835179135 -0.00240998314)
(9.950457658 0.0162050555 -0.001507794494)
(9.974921097 0.00878120292 -0.0008852587371)
(9.987884244 0.004517029572 -0.0004892844659)
(9.99441037 0.0022084785 -0.0002552502214)
(9.997535602 0.001027555892 -0.0001259743602)
(9.998960901 0.00045551858 -5.893784262e-05)
(9.999580669 0.0001926183856 -2.618789256e-05)
(9.99983791 7.778035854e-05 -1.106958603e-05)
(9.999939937 3.002615528e-05 -4.458228807e-06)
(9.999978647 1.10930779e-05 -1.713263634e-06)
(9.999992711 3.926271119e-06 -6.290859681e-07)
(9.999997609 1.332681832e-06 -2.209941346e-07)
(9.999999246 4.342319716e-07 -7.436517509e-08)
(9.999999771 1.359523814e-07 -2.399856725e-08)
(9.999999933 4.093847782e-08 -7.435575734e-09)
(9.999999981 1.186742661e-08 -2.21424119e-09)
(9.999999995 3.314759547e-09 -6.34402325e-10)
(9.999999999 8.928890698e-10 -1.750501357e-10)
)
;

boundaryField
{
    left
    {
        type            dirichlet;
        value           uniform (4 0 0);
    }
    right
    {
        type            dirichlet;
        value           uniform (4 0 0);
    }
    sides
    {
        type            empty;
    }
}


// ************************************************************************* //
