/*--------------------------------*- C++ -*----------------------------------*\
| =========                 |                                                 |
| \\      /  F ield         | foam-extend: Open Source CFD                    |
|  \\    /   O peration     | Version:     4.1                                |
|   \\  /    A nd           | Web:         http://www.foam-extend.org         |
|    \\/     M anipulation  |                                                 |
\*---------------------------------------------------------------------------*/
FoamFile
{
    version     2.0;
    format      ascii;
    class       cellScalarField;
    location    "20.1";
    object      T;
}
// * * * * * * * * * * * * * * * * * * * * * * * * * * * * * * * * * * * * * //

dimensions      [0 0 0 0 1 0 0];

internalField   nonuniform 
100
(
(4 -5.703630593e-17 1.624202108e-17)
(4 -1.775822128e-16 -7.428430945e-17)
(4 1.20840622e-17 -1.541389801e-16)
(4 -4.784925733e-17 -2.69840282e-17)
(4 3.578986137e-17 -4.332241317e-17)
(4 -4.130494944e-16 3.495246756e-17)
(4 3.223147588e-16 -1.35183472e-18)
(4 -4.4975163e-16 1.309112565e-16)
(4 9.33313163e-16 -9.975028393e-17)
(4 -1.418418054e-15 -1.337881913e-17)
(4 1.105714258e-16 -5.896892259e-17)
(4 1.076553391e-15 1.574544256e-16)
(4 -3.982580901e-16 1.027868577e-16)
(4 1.132233076e-16 2.57201523e-17)
(4 2.889859213e-16 7.637794956e-17)
(4 -1.146754365e-17 -4.170309221e-17)
(4 1.038557232e-16 -7.162217071e-17)
(4 2.272441304e-15 -1.729270372e-16)
(4 -8.66924382e-16 6.510882148e-16)
(4 4.904883838e-15 2.825739768e-15)
(4 8.478645584e-14 5.211254896e-14)
(4 1.312581127e-12 7.769375043e-13)
(4 1.865551533e-11 1.051024153e-11)
(4 2.381569649e-10 1.287286323e-10)
(4.000000003 2.786267184e-09 1.442193556e-09)
(4.000000028 2.946629385e-08 1.437794038e-08)
(4.000000276 2.770953954e-07 1.268592348e-07)
(4.000002396 2.312115197e-06 9.846164078e-07)
(4.000018359 1.684266818e-05 6.520257224e-06)
(4.000121433 0.0001039741462 3.562112345e-05)
(4.000678542 0.0005316480736 0.0001576609176)
(4.003168983 0.002232928486 0.0005633263075)
(4.012368559 0.007721278451 0.001631167933)
(4.04060664 0.02215183996 0.00385013199)
(4.113238761 0.05323813925 0.007440298271)
(4.271233495 0.1082481204 0.01177254907)
(4.564524786 0.1879697729 0.01511976243)
(5.033103208 0.2811902308 0.01531435071)
(5.682469353 0.3652637883 0.01115491742)
(6.468677202 0.4150068508 0.003494838063)
(7.305792401 0.4151717224 -0.005022781643)
(8.094411923 0.3679386137 -0.01147635381)
(8.755445497 0.2905038574 -0.01423545147)
(9.25103785 0.2054197267 -0.01348706774)
(9.585000252 0.1307330803 -0.01062293438)
(9.788209802 0.0752307437 -0.007214244142)
(9.900348787 0.03931649868 -0.004311046957)
(9.956703612 0.01873826058 -0.002297139945)
(9.982596317 0.008176665068 -0.001102048384)
(9.993513923 0.003279089214 -0.0004796367751)
(9.997753684 0.001212897742 -0.0001905650539)
(9.999275327 0.0004152255223 -6.94910261e-05)
(9.999781703 0.0001319966037 -2.33684011e-05)
(9.999938448 3.908664783e-05 -7.27774081e-06)
(9.999983715 1.081408634e-05 -2.107271979e-06)
(9.999995948 2.803487717e-06 -5.693203448e-07)
(9.999999049 6.828910502e-07 -1.439952587e-07)
(9.999999789 1.567080404e-07 -3.420118768e-08)
(9.999999956 3.396328714e-08 -7.650610444e-09)
(9.999999991 6.968643562e-09 -1.616203881e-09)
(9.999999998 1.356751661e-09 -3.232627226e-10)
(10 2.511975516e-10 -6.136555533e-11)
(10 4.431959605e-11 -1.108130757e-11)
(10 7.465213744e-12 -1.90741898e-12)
(10 1.201753533e-12 -3.13640956e-13)
(10 1.792821078e-13 -4.824406869e-14)
(10 2.906703905e-14 -7.280466631e-15)
(10 5.318967548e-15 -1.668909409e-15)
(10 2.213214841e-17 -4.138262306e-16)
(10 3.581659662e-16 -3.363813775e-17)
(10 1.424205393e-16 -4.885515366e-16)
(10 -3.89162317e-16 2.945719795e-16)
(10 -2.736416932e-16 5.293765408e-17)
(10 -2.800810421e-16 -4.898700476e-16)
(10 4.545724675e-16 9.674810475e-17)
(10 2.38300829e-17 2.974035902e-16)
(10 -7.923572001e-17 -9.887269694e-17)
(10 2.563597771e-16 -1.218776775e-16)
(10 1.056027026e-16 9.149955113e-17)
(10 9.863678769e-17 2.82366731e-16)
(10 -1.442307935e-16 -2.844904356e-16)
(10 -5.888937608e-17 -6.810322519e-17)
(10 1.338574733e-16 -2.829011793e-17)
(10 -3.634736138e-16 9.607498539e-17)
(10 -9.080531742e-17 4.486017052e-17)
(10 -2.583868694e-16 -1.075781917e-16)
(10 -7.982834085e-17 -1.39695206e-16)
(10 5.808287497e-17 1.97886491e-16)
(10 -1.328607217e-16 -1.348280245e-16)
(10 -1.101003771e-16 1.555754165e-16)
(10 5.042125858e-16 3.271864042e-16)
(10 -6.577313451e-17 1.880720805e-16)
(10 2.749706094e-16 4.068966455e-17)
(10 5.488597709e-16 2.518870617e-16)
(10 6.615595398e-17 3.357024421e-16)
(10 -3.323846696e-18 3.677984553e-16)
(10 -1.274096836e-16 -1.243448862e-17)
(10 -8.415543368e-17 2.112508085e-16)
(10 9.832834901e-17 -1.786936695e-16)
(10 -9.90870828e-16 3.45639907e-15)
)
;

boundaryField
{
    left
    {
        type            dirichlet;
        value           uniform (4 0 0);
    }
    right
    {
        type            dirichlet;
        value           uniform (4 0 0);
    }
    sides
    {
        type            empty;
    }
}


// ************************************************************************* //
