/*--------------------------------*- C++ -*----------------------------------*\
| =========                 |                                                 |
| \\      /  F ield         | foam-extend: Open Source CFD                    |
|  \\    /   O peration     | Version:     4.1                                |
|   \\  /    A nd           | Web:         http://www.foam-extend.org         |
|    \\/     M anipulation  |                                                 |
\*---------------------------------------------------------------------------*/
FoamFile
{
    version     2.0;
    format      ascii;
    class       cellScalarField;
    location    "45.5";
    object      T;
}
// * * * * * * * * * * * * * * * * * * * * * * * * * * * * * * * * * * * * * //

dimensions      [0 0 0 0 1 0 0];

internalField   nonuniform 
100
(
(4 -5.703630593e-17 1.624202108e-17)
(4 -2.196299343e-16 -5.575751038e-17)
(4 1.31985554e-16 -3.77430901e-17)
(4 -1.358297902e-16 -7.104192623e-17)
(4 -1.002433146e-16 -1.291365033e-17)
(4 -3.548161976e-16 5.04631014e-17)
(4 3.867388768e-16 1.436985327e-16)
(4 -5.023894764e-16 1.012523946e-16)
(4 9.528514596e-16 -1.71901931e-17)
(4 -1.384238067e-15 -2.474702113e-16)
(4 8.497326799e-17 1.866129132e-17)
(4 3.853668204e-16 1.007496717e-17)
(4 4.20667006e-16 -1.270002009e-16)
(4 4.610105212e-18 -1.133818196e-16)
(4 3.573442565e-17 1.29555e-16)
(4 -1.771138092e-16 -1.781229298e-16)
(4 3.910286759e-17 1.202637502e-16)
(4 3.46796069e-18 5.656388924e-17)
(4 7.461678035e-17 2.352133254e-16)
(4 -4.520975312e-16 -2.621205952e-16)
(4 2.194219496e-16 -2.072725018e-16)
(4 3.372121659e-17 -9.686732899e-17)
(4 -1.761578234e-16 -1.875236406e-16)
(4 1.851671891e-16 -2.079362224e-16)
(4 -3.43482284e-16 1.091666764e-16)
(4 3.325174547e-16 -1.477684738e-16)
(4 1.895775449e-16 -1.811203461e-16)
(4 2.775105178e-18 7.246299581e-17)
(4 -6.178232255e-16 1.199051465e-17)
(4 4.669792219e-16 4.774454032e-18)
(4 -2.112246331e-16 2.455435183e-17)
(4 -6.604606465e-17 -3.651624732e-17)
(4 4.052591647e-17 -1.648918721e-16)
(4 -5.756965255e-16 8.490341831e-17)
(4 4.100651574e-16 -1.050243338e-16)
(4 -3.679841728e-16 1.415906195e-17)
(4 9.329787302e-16 1.265091496e-16)
(4 -6.6839769e-16 7.670151447e-17)
(4 1.953107496e-16 -5.28989732e-17)
(4 -2.188638225e-16 -5.031549173e-17)
(4 7.346263668e-17 5.520259684e-17)
(4 -1.045925888e-16 -1.518148488e-17)
(4 8.432516901e-17 2.613946546e-16)
(4 -1.554182995e-16 -1.463726083e-16)
(4 -7.414775616e-17 9.167311156e-17)
(4 5.319694812e-16 1.296829923e-16)
(4 -6.855772142e-16 -8.871715253e-18)
(4 6.466835785e-16 7.148890289e-17)
(4 -7.476352114e-16 -1.327840989e-16)
(4 3.68261725e-16 -7.739804564e-17)
(4 1.71302657e-16 2.01882282e-16)
(4 6.442851655e-17 -2.46623479e-17)
(4 -1.68356893e-16 -1.282776568e-17)
(4 -1.205530117e-16 -9.748147605e-17)
(4 1.614728664e-16 1.379142996e-16)
(4 -3.785735656e-17 -2.297119787e-17)
(4 -2.380764098e-16 2.275240935e-16)
(4 -1.574256582e-16 1.264293187e-17)
(4 2.115046615e-16 -1.262306716e-16)
(4 1.564046856e-15 6.012724009e-16)
(4 6.063413512e-15 3.216848558e-15)
(4 6.180845163e-14 2.82675666e-14)
(4 4.929883243e-13 2.032975438e-13)
(4 3.539111187e-12 1.404535513e-12)
(4 2.380451996e-11 9.055403571e-12)
(4 1.495560929e-10 5.432611906e-11)
(4.000000001 8.746204128e-10 3.022062181e-10)
(4.000000006 4.746522464e-09 1.553801035e-09)
(4.000000031 2.383909512e-08 7.363746485e-09)
(4.00000015 1.105677165e-07 3.210047366e-08)
(4.000000671 4.728768091e-07 1.285418824e-07)
(4.000002783 1.863407347e-06 4.725097292e-07)
(4.000010663 6.764684798e-06 1.594342423e-06)
(4.000037791 2.263325165e-05 4.940073391e-06)
(4.000123975 6.985164198e-05 1.406658014e-05)
(4.00037693 0.000199090427 3.68435038e-05)
(4.00106371 0.0005247869747 8.886025054e-05)
(4.00279109 0.001281314825 0.0001975537489)
(4.006822326 0.002902614758 0.0004052392225)
(4.015565729 0.006111156303 0.0007675807504)
(4.03321946 0.01197848442 0.001343187261)
(4.066456852 0.02189590225 0.002171599939)
(4.124903984 0.03738791284 0.00324203823)
(4.221052357 0.05973298711 0.004462888003)
(4.369250122 0.08943317738 0.005648181597)
(4.583598728 0.12567513 0.006536900513)
(4.874949462 0.1660001979 0.006850593914)
(5.247636015 0.2063936389 0.006377014088)
(5.696896247 0.2418857686 0.005050790285)
(6.207933687 0.2675637347 0.002996956726)
(6.75717335 0.2797070277 0.0005147448405)
(7.315592665 0.2766786406 -0.001996744655)
(7.853323846 0.2592761879 -0.004144606196)
(8.344317703 0.2304441665 -0.005641002913)
(8.769893213 0.1944777704 -0.006361412804)
(9.120431477 0.1560073847 -0.006348161727)
(9.395098604 0.1190821559 -0.005767564219)
(9.600040698 0.0865797749 -0.004843861099)
(9.745800246 0.0600182913 -0.003795617826)
(9.844710305 0.03970684958 -0.002792392147)
)
;

boundaryField
{
    left
    {
        type            dirichlet;
        value           uniform (4 0 0);
    }
    right
    {
        type            dirichlet;
        value           uniform (4 0 0);
    }
    sides
    {
        type            empty;
    }
}


// ************************************************************************* //
