/*--------------------------------*- C++ -*----------------------------------*\
| =========                 |                                                 |
| \\      /  F ield         | foam-extend: Open Source CFD                    |
|  \\    /   O peration     | Version:     4.1                                |
|   \\  /    A nd           | Web:         http://www.foam-extend.org         |
|    \\/     M anipulation  |                                                 |
\*---------------------------------------------------------------------------*/
FoamFile
{
    version     2.0;
    format      ascii;
    class       cellScalarField;
    location    "30.4";
    object      T;
}
// * * * * * * * * * * * * * * * * * * * * * * * * * * * * * * * * * * * * * //

dimensions      [0 0 0 0 1 0 0];

internalField   nonuniform 
100
(
(4 -5.703630593e-17 1.624202108e-17)
(4 -1.200494855e-16 -6.914185587e-18)
(4 -1.823303139e-16 -5.341845106e-17)
(4 -1.374033049e-17 -9.197802148e-18)
(4 -1.204713704e-16 -5.506738646e-18)
(4 -2.926760065e-16 5.93370915e-17)
(4 4.327176906e-16 4.492804591e-17)
(4 -5.883624888e-16 6.647563694e-17)
(4 8.822284923e-16 3.380325366e-17)
(4 -1.179688166e-15 9.342201046e-17)
(4 1.576320234e-16 -8.940521931e-17)
(4 9.585941753e-17 -3.000276344e-17)
(4 9.380644324e-16 -2.702192738e-16)
(4 2.173756062e-17 2.954535971e-17)
(4 -1.229110504e-16 2.531316723e-16)
(4 -2.004401115e-16 -1.663773445e-16)
(4 1.273144296e-16 -2.783107318e-17)
(4 -1.7325363e-16 1.699450455e-16)
(4 2.600521076e-16 -7.833702257e-17)
(4 -1.610867241e-16 2.510401162e-17)
(4 4.94452684e-17 9.920025095e-17)
(4 -1.872931564e-17 1.39413919e-16)
(4 -2.826194497e-17 -3.256328948e-17)
(4 -9.230055349e-17 2.285920161e-16)
(4 7.427847664e-17 7.65852752e-17)
(4 -2.244167602e-16 -4.176989531e-17)
(4 1.337738071e-16 -6.683570971e-18)
(4 -1.572865546e-16 -4.475454244e-17)
(4 -4.754821931e-16 8.146145254e-17)
(4 7.853026065e-16 7.585679506e-17)
(4 -3.724763503e-16 3.544833122e-17)
(4 2.155483889e-16 -2.064130422e-16)
(4 2.708254625e-17 -1.759134495e-17)
(4 -5.023162585e-16 -1.761029814e-17)
(4 9.035850863e-16 6.507298504e-18)
(4 7.821608459e-16 2.439986825e-15)
(4 4.044409533e-14 2.030989447e-14)
(4 4.348782379e-13 2.186709888e-13)
(4 4.432123883e-12 2.148159812e-12)
(4 4.199574471e-11 1.953184621e-11)
(4 3.676782312e-10 1.633002088e-10)
(4.000000003 2.956990827e-09 1.247182878e-09)
(4.000000024 2.170605041e-08 8.636148919e-09)
(4.000000164 1.443320486e-07 5.371745741e-08)
(4.000001024 8.618078086e-07 2.971687039e-07)
(4.000005757 4.583004555e-06 1.449964104e-06)
(4.000028881 2.15756861e-05 6.206533799e-06)
(4.000128883 8.964062701e-05 2.32533078e-05)
(4.000511163 0.0003285397242 7.626049544e-05)
(4.001804058 0.001063897411 0.0002192648891)
(4.005681598 0.003052719479 0.0005539422481)
(4.016026938 0.00778952357 0.001232483351)
(4.040670916 0.0177451274 0.002419427933)
(4.093286463 0.03623577561 0.004193970137)
(4.194355193 0.06658977623 0.006414391238)
(4.369678948 0.1105480922 0.00862373127)
(4.645320373 0.1664006123 0.01010030641)
(5.039426383 0.2278887762 0.01009885017)
(5.553535581 0.2848904645 0.008199913031)
(6.167305618 0.3261100333 0.004577040295)
(6.839860031 0.342809457 4.269199838e-06)
(7.518154287 0.3318543302 -0.004426760829)
(8.149423688 0.2966130839 -0.00773226699)
(8.692922683 0.245395876 -0.009378467311)
(9.12683426 0.1883707646 -0.009385676692)
(9.448798335 0.1344677011 -0.008192678608)
(9.671314067 0.08945974311 -0.006401075531)
(9.814851942 0.05558417241 -0.004542973956)
(9.901447444 0.03231930826 -0.0029568637)
(9.950401167 0.01761983121 -0.001776943493)
(9.976381623 0.009023640652 -0.00099109326)
(9.989349239 0.004348967283 -0.0005151815003)
(9.995447165 0.00197593616 -0.0002504507911)
(9.998153272 0.0008477659532 -0.0001142104811)
(9.999288437 0.0003440379134 -4.898521326e-05)
(9.999739266 0.0001322675027 -1.98079434e-05)
(9.99990904 4.82486341e-05 -7.567975925e-06)
(9.999969754 1.672439987e-05 -2.737568836e-06)
(9.999990403 5.516698044e-06 -9.393237233e-07)
(9.999997091 1.734131619e-06 -3.062674114e-07)
(9.999999157 5.201782559e-07 -9.504936243e-08)
(9.999999766 1.490957871e-07 -2.812230845e-08)
(9.999999938 4.088654092e-08 -7.94444187e-09)
(9.999999984 1.074086898e-08 -2.145923006e-09)
(9.999999996 2.706252782e-09 -5.55012701e-10)
(9.999999999 6.547564259e-10 -1.376279692e-10)
(10 1.522880008e-10 -3.276259509e-11)
(10 3.40883098e-11 -7.497436849e-12)
(10 7.350354771e-12 -1.650466828e-12)
(10 1.527681599e-12 -3.493080652e-13)
(10 3.075955915e-13 -7.223345646e-14)
(10 5.773184597e-14 -1.435851716e-14)
(10 1.399029129e-14 -2.680464714e-15)
(10 4.489070204e-15 -1.978647024e-15)
(10 -1.011772151e-15 2.279290436e-16)
(10 -1.455425279e-16 -9.13851709e-17)
(10 -7.626021318e-17 -2.167272624e-16)
(10 8.743182806e-17 -5.676469787e-16)
(10 -3.232965225e-17 -1.99548287e-16)
(10 -1.518239671e-15 3.492887854e-15)
)
;

boundaryField
{
    left
    {
        type            dirichlet;
        value           uniform (4 0 0);
    }
    right
    {
        type            dirichlet;
        value           uniform (4 0 0);
    }
    sides
    {
        type            empty;
    }
}


// ************************************************************************* //
