/*--------------------------------*- C++ -*----------------------------------*\
| =========                 |                                                 |
| \\      /  F ield         | foam-extend: Open Source CFD                    |
|  \\    /   O peration     | Version:     4.1                                |
|   \\  /    A nd           | Web:         http://www.foam-extend.org         |
|    \\/     M anipulation  |                                                 |
\*---------------------------------------------------------------------------*/
FoamFile
{
    version     2.0;
    format      ascii;
    class       volVectorField;
    location    "0";
    object      fvU;
}
// * * * * * * * * * * * * * * * * * * * * * * * * * * * * * * * * * * * * * //

dimensions      [0 1 -1 0 0 0 0];

internalField   nonuniform List<vector> 
1225
(
(-0.866854285714 0 0)
(-0.866854285714 0 0)
(-0.866854285714 0 0)
(-0.866854285714 0 0)
(-0.866854285714 0 0)
(-0.866854285714 0 0)
(-0.866854285714 0 0)
(-0.866854285714 0 0)
(-0.866854285714 0 0)
(-0.866854285714 0 0)
(-0.866854285714 0 0)
(-0.866854285714 0 0)
(-0.866854285714 0 0)
(-0.866854285714 0 0)
(-0.866854285714 0 0)
(-0.866854285714 0 0)
(-0.866854285714 0 0)
(-0.866854285714 0 0)
(-0.866854285714 0 0)
(-0.866854285714 0 0)
(-0.866854285714 0 0)
(-0.866854285714 0 0)
(-0.866854285714 0 0)
(-0.866854285714 0 0)
(-0.866854285714 0 0)
(-0.866854285714 0 0)
(-0.866854285714 0 0)
(-0.866854285714 0 0)
(-0.866854285714 0 0)
(-0.866854285714 0 0)
(-0.866854285714 0 0)
(-0.866854285714 0 0)
(-0.866854285714 0 0)
(-0.866854285714 0 0)
(-0.866854285714 0 0)
(-0.815862857143 0 0)
(-0.815862857143 0 0)
(-0.815862857143 0 0)
(-0.815862857143 0 0)
(-0.815862857143 0 0)
(-0.815862857143 0 0)
(-0.815862857143 0 0)
(-0.815862857143 0 0)
(-0.815862857143 0 0)
(-0.815862857143 0 0)
(-0.815862857143 0 0)
(-0.815862857143 0 0)
(-0.815862857143 0 0)
(-0.815862857143 0 0)
(-0.815862857143 0 0)
(-0.815862857143 0 0)
(-0.815862857143 0 0)
(-0.815862857143 0 0)
(-0.815862857143 0 0)
(-0.815862857143 0 0)
(-0.815862857143 0 0)
(-0.815862857143 0 0)
(-0.815862857143 0 0)
(-0.815862857143 0 0)
(-0.815862857143 0 0)
(-0.815862857143 0 0)
(-0.815862857143 0 0)
(-0.815862857143 0 0)
(-0.815862857143 0 0)
(-0.815862857143 0 0)
(-0.815862857143 0 0)
(-0.815862857143 0 0)
(-0.815862857143 0 0)
(-0.815862857143 0 0)
(-0.815862857143 0 0)
(-0.764871428571 0 0)
(-0.764871428571 0 0)
(-0.764871428571 0 0)
(-0.764871428571 0 0)
(-0.764871428571 0 0)
(-0.764871428571 0 0)
(-0.764871428571 0 0)
(-0.764871428571 0 0)
(-0.764871428571 0 0)
(-0.764871428571 0 0)
(-0.764871428571 0 0)
(-0.764871428571 0 0)
(-0.764871428571 0 0)
(-0.764871428571 0 0)
(-0.764871428571 0 0)
(-0.764871428571 0 0)
(-0.764871428571 0 0)
(-0.764871428571 0 0)
(-0.764871428571 0 0)
(-0.764871428571 0 0)
(-0.764871428571 0 0)
(-0.764871428571 0 0)
(-0.764871428571 0 0)
(-0.764871428571 0 0)
(-0.764871428571 0 0)
(-0.764871428571 0 0)
(-0.764871428571 0 0)
(-0.764871428571 0 0)
(-0.764871428571 0 0)
(-0.764871428571 0 0)
(-0.764871428571 0 0)
(-0.764871428571 0 0)
(-0.764871428571 0 0)
(-0.764871428571 0 0)
(-0.764871428571 0 0)
(-0.71388 0 0)
(-0.71388 0 0)
(-0.71388 0 0)
(-0.71388 0 0)
(-0.71388 0 0)
(-0.71388 0 0)
(-0.71388 0 0)
(-0.71388 0 0)
(-0.71388 0 0)
(-0.71388 0 0)
(-0.71388 0 0)
(-0.71388 0 0)
(-0.71388 0 0)
(-0.71388 0 0)
(-0.71388 0 0)
(-0.71388 0 0)
(-0.71388 0 0)
(-0.71388 0 0)
(-0.71388 0 0)
(-0.71388 0 0)
(-0.71388 0 0)
(-0.71388 0 0)
(-0.71388 0 0)
(-0.71388 0 0)
(-0.71388 0 0)
(-0.71388 0 0)
(-0.71388 0 0)
(-0.71388 0 0)
(-0.71388 0 0)
(-0.71388 0 0)
(-0.71388 0 0)
(-0.71388 0 0)
(-0.71388 0 0)
(-0.71388 0 0)
(-0.71388 0 0)
(-0.662888571429 0 0)
(-0.662888571429 0 0)
(-0.662888571429 0 0)
(-0.662888571429 0 0)
(-0.662888571429 0 0)
(-0.662888571429 0 0)
(-0.662888571429 0 0)
(-0.662888571429 0 0)
(-0.662888571429 0 0)
(-0.662888571429 0 0)
(-0.662888571429 0 0)
(-0.662888571429 0 0)
(-0.662888571429 0 0)
(-0.662888571429 0 0)
(-0.662888571429 0 0)
(-0.662888571429 0 0)
(-0.662888571429 0 0)
(-0.662888571429 0 0)
(-0.662888571429 0 0)
(-0.662888571429 0 0)
(-0.662888571429 0 0)
(-0.662888571429 0 0)
(-0.662888571429 0 0)
(-0.662888571429 0 0)
(-0.662888571429 0 0)
(-0.662888571429 0 0)
(-0.662888571429 0 0)
(-0.662888571429 0 0)
(-0.662888571429 0 0)
(-0.662888571429 0 0)
(-0.662888571429 0 0)
(-0.662888571429 0 0)
(-0.662888571429 0 0)
(-0.662888571429 0 0)
(-0.662888571429 0 0)
(-0.611897142857 0 0)
(-0.611897142857 0 0)
(-0.611897142857 0 0)
(-0.611897142857 0 0)
(-0.611897142857 0 0)
(-0.611897142857 0 0)
(-0.611897142857 0 0)
(-0.611897142857 0 0)
(-0.611897142857 0 0)
(-0.611897142857 0 0)
(-0.611897142857 0 0)
(-0.611897142857 0 0)
(-0.611897142857 0 0)
(-0.611897142857 0 0)
(-0.611897142857 0 0)
(-0.611897142857 0 0)
(-0.611897142857 0 0)
(-0.611897142857 0 0)
(-0.611897142857 0 0)
(-0.611897142857 0 0)
(-0.611897142857 0 0)
(-0.611897142857 0 0)
(-0.611897142857 0 0)
(-0.611897142857 0 0)
(-0.611897142857 0 0)
(-0.611897142857 0 0)
(-0.611897142857 0 0)
(-0.611897142857 0 0)
(-0.611897142857 0 0)
(-0.611897142857 0 0)
(-0.611897142857 0 0)
(-0.611897142857 0 0)
(-0.611897142857 0 0)
(-0.611897142857 0 0)
(-0.611897142857 0 0)
(-0.560905714286 0 0)
(-0.560905714286 0 0)
(-0.560905714286 0 0)
(-0.560905714286 0 0)
(-0.560905714286 0 0)
(-0.560905714286 0 0)
(-0.560905714286 0 0)
(-0.560905714286 0 0)
(-0.560905714286 0 0)
(-0.560905714286 0 0)
(-0.560905714286 0 0)
(-0.560905714286 0 0)
(-0.560905714286 0 0)
(-0.560905714286 0 0)
(-0.560905714286 0 0)
(-0.560905714286 0 0)
(-0.560905714286 0 0)
(-0.560905714286 0 0)
(-0.560905714286 0 0)
(-0.560905714286 0 0)
(-0.560905714286 0 0)
(-0.560905714286 0 0)
(-0.560905714286 0 0)
(-0.560905714286 0 0)
(-0.560905714286 0 0)
(-0.560905714286 0 0)
(-0.560905714286 0 0)
(-0.560905714286 0 0)
(-0.560905714286 0 0)
(-0.560905714286 0 0)
(-0.560905714286 0 0)
(-0.560905714286 0 0)
(-0.560905714286 0 0)
(-0.560905714286 0 0)
(-0.560905714286 0 0)
(-0.509914285714 0 0)
(-0.509914285714 0 0)
(-0.509914285714 0 0)
(-0.509914285714 0 0)
(-0.509914285714 0 0)
(-0.509914285714 0 0)
(-0.509914285714 0 0)
(-0.509914285714 0 0)
(-0.509914285714 0 0)
(-0.509914285714 0 0)
(-0.509914285714 0 0)
(-0.509914285714 0 0)
(-0.509914285714 0 0)
(-0.509914285714 0 0)
(-0.509914285714 0 0)
(-0.509914285714 0 0)
(-0.509914285714 0 0)
(-0.509914285714 0 0)
(-0.509914285714 0 0)
(-0.509914285714 0 0)
(-0.509914285714 0 0)
(-0.509914285714 0 0)
(-0.509914285714 0 0)
(-0.509914285714 0 0)
(-0.509914285714 0 0)
(-0.509914285714 0 0)
(-0.509914285714 0 0)
(-0.509914285714 0 0)
(-0.509914285714 0 0)
(-0.509914285714 0 0)
(-0.509914285714 0 0)
(-0.509914285714 0 0)
(-0.509914285714 0 0)
(-0.509914285714 0 0)
(-0.509914285714 0 0)
(-0.458922857143 0 0)
(-0.458922857143 0 0)
(-0.458922857143 0 0)
(-0.458922857143 0 0)
(-0.458922857143 0 0)
(-0.458922857143 0 0)
(-0.458922857143 0 0)
(-0.458922857143 0 0)
(-0.458922857143 0 0)
(-0.458922857143 0 0)
(-0.458922857143 0 0)
(-0.458922857143 0 0)
(-0.458922857143 0 0)
(-0.458922857143 0 0)
(-0.458922857143 0 0)
(-0.458922857143 0 0)
(-0.458922857143 0 0)
(-0.458922857143 0 0)
(-0.458922857143 0 0)
(-0.458922857143 0 0)
(-0.458922857143 0 0)
(-0.458922857143 0 0)
(-0.458922857143 0 0)
(-0.458922857143 0 0)
(-0.458922857143 0 0)
(-0.458922857143 0 0)
(-0.458922857143 0 0)
(-0.458922857143 0 0)
(-0.458922857143 0 0)
(-0.458922857143 0 0)
(-0.458922857143 0 0)
(-0.458922857143 0 0)
(-0.458922857143 0 0)
(-0.458922857143 0 0)
(-0.458922857143 0 0)
(-0.407931428571 0 0)
(-0.407931428571 0 0)
(-0.407931428571 0 0)
(-0.407931428571 0 0)
(-0.407931428571 0 0)
(-0.407931428571 0 0)
(-0.407931428571 0 0)
(-0.407931428571 0 0)
(-0.407931428571 0 0)
(-0.407931428571 0 0)
(-0.407931428571 0 0)
(-0.407931428571 0 0)
(-0.407931428571 0 0)
(-0.407931428571 0 0)
(-0.407931428571 0 0)
(-0.407931428571 0 0)
(-0.407931428571 0 0)
(-0.407931428571 0 0)
(-0.407931428571 0 0)
(-0.407931428571 0 0)
(-0.407931428571 0 0)
(-0.407931428571 0 0)
(-0.407931428571 0 0)
(-0.407931428571 0 0)
(-0.407931428571 0 0)
(-0.407931428571 0 0)
(-0.407931428571 0 0)
(-0.407931428571 0 0)
(-0.407931428571 0 0)
(-0.407931428571 0 0)
(-0.407931428571 0 0)
(-0.407931428571 0 0)
(-0.407931428571 0 0)
(-0.407931428571 0 0)
(-0.407931428571 0 0)
(-0.35694 0 0)
(-0.35694 0 0)
(-0.35694 0 0)
(-0.35694 0 0)
(-0.35694 0 0)
(-0.35694 0 0)
(-0.35694 0 0)
(-0.35694 0 0)
(-0.35694 0 0)
(-0.35694 0 0)
(-0.35694 0 0)
(-0.35694 0 0)
(-0.35694 0 0)
(-0.35694 0 0)
(-0.35694 0 0)
(-0.35694 0 0)
(-0.35694 0 0)
(-0.35694 0 0)
(-0.35694 0 0)
(-0.35694 0 0)
(-0.35694 0 0)
(-0.35694 0 0)
(-0.35694 0 0)
(-0.35694 0 0)
(-0.35694 0 0)
(-0.35694 0 0)
(-0.35694 0 0)
(-0.35694 0 0)
(-0.35694 0 0)
(-0.35694 0 0)
(-0.35694 0 0)
(-0.35694 0 0)
(-0.35694 0 0)
(-0.35694 0 0)
(-0.35694 0 0)
(-0.305948571429 0 0)
(-0.305948571429 0 0)
(-0.305948571429 0 0)
(-0.305948571429 0 0)
(-0.305948571429 0 0)
(-0.305948571429 0 0)
(-0.305948571429 0 0)
(-0.305948571429 0 0)
(-0.305948571429 0 0)
(-0.305948571429 0 0)
(-0.305948571429 0 0)
(-0.305948571429 0 0)
(-0.305948571429 0 0)
(-0.305948571429 0 0)
(-0.305948571429 0 0)
(-0.305948571429 0 0)
(-0.305948571429 0 0)
(-0.305948571429 0 0)
(-0.305948571429 0 0)
(-0.305948571429 0 0)
(-0.305948571429 0 0)
(-0.305948571429 0 0)
(-0.305948571429 0 0)
(-0.305948571429 0 0)
(-0.305948571429 0 0)
(-0.305948571429 0 0)
(-0.305948571429 0 0)
(-0.305948571429 0 0)
(-0.305948571429 0 0)
(-0.305948571429 0 0)
(-0.305948571429 0 0)
(-0.305948571429 0 0)
(-0.305948571429 0 0)
(-0.305948571429 0 0)
(-0.305948571429 0 0)
(-0.254957142857 0 0)
(-0.254957142857 0 0)
(-0.254957142857 0 0)
(-0.254957142857 0 0)
(-0.254957142857 0 0)
(-0.254957142857 0 0)
(-0.254957142857 0 0)
(-0.254957142857 0 0)
(-0.254957142857 0 0)
(-0.254957142857 0 0)
(-0.254957142857 0 0)
(-0.254957142857 0 0)
(-0.254957142857 0 0)
(-0.254957142857 0 0)
(-0.254957142857 0 0)
(-0.254957142857 0 0)
(-0.254957142857 0 0)
(-0.254957142857 0 0)
(-0.254957142857 0 0)
(-0.254957142857 0 0)
(-0.254957142857 0 0)
(-0.254957142857 0 0)
(-0.254957142857 0 0)
(-0.254957142857 0 0)
(-0.254957142857 0 0)
(-0.254957142857 0 0)
(-0.254957142857 0 0)
(-0.254957142857 0 0)
(-0.254957142857 0 0)
(-0.254957142857 0 0)
(-0.254957142857 0 0)
(-0.254957142857 0 0)
(-0.254957142857 0 0)
(-0.254957142857 0 0)
(-0.254957142857 0 0)
(-0.203965714286 0 0)
(-0.203965714286 0 0)
(-0.203965714286 0 0)
(-0.203965714286 0 0)
(-0.203965714286 0 0)
(-0.203965714286 0 0)
(-0.203965714286 0 0)
(-0.203965714286 0 0)
(-0.203965714286 0 0)
(-0.203965714286 0 0)
(-0.203965714286 0 0)
(-0.203965714286 0 0)
(-0.203965714286 0 0)
(-0.203965714286 0 0)
(-0.203965714286 0 0)
(-0.203965714286 0 0)
(-0.203965714286 0 0)
(-0.203965714286 0 0)
(-0.203965714286 0 0)
(-0.203965714286 0 0)
(-0.203965714286 0 0)
(-0.203965714286 0 0)
(-0.203965714286 0 0)
(-0.203965714286 0 0)
(-0.203965714286 0 0)
(-0.203965714286 0 0)
(-0.203965714286 0 0)
(-0.203965714286 0 0)
(-0.203965714286 0 0)
(-0.203965714286 0 0)
(-0.203965714286 0 0)
(-0.203965714286 0 0)
(-0.203965714286 0 0)
(-0.203965714286 0 0)
(-0.203965714286 0 0)
(-0.152974285714 0 0)
(-0.152974285714 0 0)
(-0.152974285714 0 0)
(-0.152974285714 0 0)
(-0.152974285714 0 0)
(-0.152974285714 0 0)
(-0.152974285714 0 0)
(-0.152974285714 0 0)
(-0.152974285714 0 0)
(-0.152974285714 0 0)
(-0.152974285714 0 0)
(-0.152974285714 0 0)
(-0.152974285714 0 0)
(-0.152974285714 0 0)
(-0.152974285714 0 0)
(-0.152974285714 0 0)
(-0.152974285714 0 0)
(-0.152974285714 0 0)
(-0.152974285714 0 0)
(-0.152974285714 0 0)
(-0.152974285714 0 0)
(-0.152974285714 0 0)
(-0.152974285714 0 0)
(-0.152974285714 0 0)
(-0.152974285714 0 0)
(-0.152974285714 0 0)
(-0.152974285714 0 0)
(-0.152974285714 0 0)
(-0.152974285714 0 0)
(-0.152974285714 0 0)
(-0.152974285714 0 0)
(-0.152974285714 0 0)
(-0.152974285714 0 0)
(-0.152974285714 0 0)
(-0.152974285714 0 0)
(-0.101982857143 0 0)
(-0.101982857143 0 0)
(-0.101982857143 0 0)
(-0.101982857143 0 0)
(-0.101982857143 0 0)
(-0.101982857143 0 0)
(-0.101982857143 0 0)
(-0.101982857143 0 0)
(-0.101982857143 0 0)
(-0.101982857143 0 0)
(-0.101982857143 0 0)
(-0.101982857143 0 0)
(-0.101982857143 0 0)
(-0.101982857143 0 0)
(-0.101982857143 0 0)
(-0.101982857143 0 0)
(-0.101982857143 0 0)
(-0.101982857143 0 0)
(-0.101982857143 0 0)
(-0.101982857143 0 0)
(-0.101982857143 0 0)
(-0.101982857143 0 0)
(-0.101982857143 0 0)
(-0.101982857143 0 0)
(-0.101982857143 0 0)
(-0.101982857143 0 0)
(-0.101982857143 0 0)
(-0.101982857143 0 0)
(-0.101982857143 0 0)
(-0.101982857143 0 0)
(-0.101982857143 0 0)
(-0.101982857143 0 0)
(-0.101982857143 0 0)
(-0.101982857143 0 0)
(-0.101982857143 0 0)
(-0.0509914285714 0 0)
(-0.0509914285714 0 0)
(-0.0509914285714 0 0)
(-0.0509914285714 0 0)
(-0.0509914285714 0 0)
(-0.0509914285714 0 0)
(-0.0509914285714 0 0)
(-0.0509914285714 0 0)
(-0.0509914285714 0 0)
(-0.0509914285714 0 0)
(-0.0509914285714 0 0)
(-0.0509914285714 0 0)
(-0.0509914285714 0 0)
(-0.0509914285714 0 0)
(-0.0509914285714 0 0)
(-0.0509914285714 0 0)
(-0.0509914285714 0 0)
(-0.0509914285714 0 0)
(-0.0509914285714 0 0)
(-0.0509914285714 0 0)
(-0.0509914285714 0 0)
(-0.0509914285714 0 0)
(-0.0509914285714 0 0)
(-0.0509914285714 0 0)
(-0.0509914285714 0 0)
(-0.0509914285714 0 0)
(-0.0509914285714 0 0)
(-0.0509914285714 0 0)
(-0.0509914285714 0 0)
(-0.0509914285714 0 0)
(-0.0509914285714 0 0)
(-0.0509914285714 0 0)
(-0.0509914285714 0 0)
(-0.0509914285714 0 0)
(-0.0509914285714 0 0)
(0 0 0)
(-2.89348770887e-19 0 0)
(-1.44674385444e-19 0 0)
(0 0 0)
(1.44674385444e-19 0 0)
(-2.89348770887e-19 0 0)
(0 0 0)
(-2.89348770887e-19 0 0)
(1.44674385444e-19 0 0)
(7.23371927218e-19 0 0)
(-1.44674385446e-19 0 0)
(5.78697541775e-19 0 0)
(-5.78697541775e-19 0 0)
(7.23371927218e-19 0 0)
(-1.44674385444e-19 0 0)
(-5.78697541778e-19 0 0)
(0 0 0)
(8.68046312665e-19 0 0)
(-1.44674385444e-19 0 0)
(2.89348770889e-19 0 0)
(-1.44674385444e-19 0 0)
(7.23371927218e-19 0 0)
(7.23371927218e-19 0 0)
(-2.89348770887e-19 0 0)
(-2.89348770892e-19 0 0)
(-5.78697541775e-19 0 0)
(-1.44674385444e-19 0 0)
(-1.44674385444e-19 0 0)
(1.44674385444e-19 0 0)
(-1.44674385444e-19 0 0)
(0 0 0)
(0 0 0)
(0 0 0)
(-1.44674385444e-19 0 0)
(-1.44674385444e-19 0 0)
(0.0509914285714 0 0)
(0.0509914285714 0 0)
(0.0509914285714 0 0)
(0.0509914285714 0 0)
(0.0509914285714 0 0)
(0.0509914285714 0 0)
(0.0509914285714 0 0)
(0.0509914285714 0 0)
(0.0509914285714 0 0)
(0.0509914285714 0 0)
(0.0509914285714 0 0)
(0.0509914285714 0 0)
(0.0509914285714 0 0)
(0.0509914285714 0 0)
(0.0509914285714 0 0)
(0.0509914285714 0 0)
(0.0509914285714 0 0)
(0.0509914285714 0 0)
(0.0509914285714 0 0)
(0.0509914285714 0 0)
(0.0509914285714 0 0)
(0.0509914285714 0 0)
(0.0509914285714 0 0)
(0.0509914285714 0 0)
(0.0509914285714 0 0)
(0.0509914285714 0 0)
(0.0509914285714 0 0)
(0.0509914285714 0 0)
(0.0509914285714 0 0)
(0.0509914285714 0 0)
(0.0509914285714 0 0)
(0.0509914285714 0 0)
(0.0509914285714 0 0)
(0.0509914285714 0 0)
(0.0509914285714 0 0)
(0.101982857143 0 0)
(0.101982857143 0 0)
(0.101982857143 0 0)
(0.101982857143 0 0)
(0.101982857143 0 0)
(0.101982857143 0 0)
(0.101982857143 0 0)
(0.101982857143 0 0)
(0.101982857143 0 0)
(0.101982857143 0 0)
(0.101982857143 0 0)
(0.101982857143 0 0)
(0.101982857143 0 0)
(0.101982857143 0 0)
(0.101982857143 0 0)
(0.101982857143 0 0)
(0.101982857143 0 0)
(0.101982857143 0 0)
(0.101982857143 0 0)
(0.101982857143 0 0)
(0.101982857143 0 0)
(0.101982857143 0 0)
(0.101982857143 0 0)
(0.101982857143 0 0)
(0.101982857143 0 0)
(0.101982857143 0 0)
(0.101982857143 0 0)
(0.101982857143 0 0)
(0.101982857143 0 0)
(0.101982857143 0 0)
(0.101982857143 0 0)
(0.101982857143 0 0)
(0.101982857143 0 0)
(0.101982857143 0 0)
(0.101982857143 0 0)
(0.152974285714 0 0)
(0.152974285714 0 0)
(0.152974285714 0 0)
(0.152974285714 0 0)
(0.152974285714 0 0)
(0.152974285714 0 0)
(0.152974285714 0 0)
(0.152974285714 0 0)
(0.152974285714 0 0)
(0.152974285714 0 0)
(0.152974285714 0 0)
(0.152974285714 0 0)
(0.152974285714 0 0)
(0.152974285714 0 0)
(0.152974285714 0 0)
(0.152974285714 0 0)
(0.152974285714 0 0)
(0.152974285714 0 0)
(0.152974285714 0 0)
(0.152974285714 0 0)
(0.152974285714 0 0)
(0.152974285714 0 0)
(0.152974285714 0 0)
(0.152974285714 0 0)
(0.152974285714 0 0)
(0.152974285714 0 0)
(0.152974285714 0 0)
(0.152974285714 0 0)
(0.152974285714 0 0)
(0.152974285714 0 0)
(0.152974285714 0 0)
(0.152974285714 0 0)
(0.152974285714 0 0)
(0.152974285714 0 0)
(0.152974285714 0 0)
(0.203965714286 0 0)
(0.203965714286 0 0)
(0.203965714286 0 0)
(0.203965714286 0 0)
(0.203965714286 0 0)
(0.203965714286 0 0)
(0.203965714286 0 0)
(0.203965714286 0 0)
(0.203965714286 0 0)
(0.203965714286 0 0)
(0.203965714286 0 0)
(0.203965714286 0 0)
(0.203965714286 0 0)
(0.203965714286 0 0)
(0.203965714286 0 0)
(0.203965714286 0 0)
(0.203965714286 0 0)
(0.203965714286 0 0)
(0.203965714286 0 0)
(0.203965714286 0 0)
(0.203965714286 0 0)
(0.203965714286 0 0)
(0.203965714286 0 0)
(0.203965714286 0 0)
(0.203965714286 0 0)
(0.203965714286 0 0)
(0.203965714286 0 0)
(0.203965714286 0 0)
(0.203965714286 0 0)
(0.203965714286 0 0)
(0.203965714286 0 0)
(0.203965714286 0 0)
(0.203965714286 0 0)
(0.203965714286 0 0)
(0.203965714286 0 0)
(0.254957142857 0 0)
(0.254957142857 0 0)
(0.254957142857 0 0)
(0.254957142857 0 0)
(0.254957142857 0 0)
(0.254957142857 0 0)
(0.254957142857 0 0)
(0.254957142857 0 0)
(0.254957142857 0 0)
(0.254957142857 0 0)
(0.254957142857 0 0)
(0.254957142857 0 0)
(0.254957142857 0 0)
(0.254957142857 0 0)
(0.254957142857 0 0)
(0.254957142857 0 0)
(0.254957142857 0 0)
(0.254957142857 0 0)
(0.254957142857 0 0)
(0.254957142857 0 0)
(0.254957142857 0 0)
(0.254957142857 0 0)
(0.254957142857 0 0)
(0.254957142857 0 0)
(0.254957142857 0 0)
(0.254957142857 0 0)
(0.254957142857 0 0)
(0.254957142857 0 0)
(0.254957142857 0 0)
(0.254957142857 0 0)
(0.254957142857 0 0)
(0.254957142857 0 0)
(0.254957142857 0 0)
(0.254957142857 0 0)
(0.254957142857 0 0)
(0.305948571429 0 0)
(0.305948571429 0 0)
(0.305948571429 0 0)
(0.305948571429 0 0)
(0.305948571429 0 0)
(0.305948571429 0 0)
(0.305948571429 0 0)
(0.305948571429 0 0)
(0.305948571429 0 0)
(0.305948571429 0 0)
(0.305948571429 0 0)
(0.305948571429 0 0)
(0.305948571429 0 0)
(0.305948571429 0 0)
(0.305948571429 0 0)
(0.305948571429 0 0)
(0.305948571429 0 0)
(0.305948571429 0 0)
(0.305948571429 0 0)
(0.305948571429 0 0)
(0.305948571429 0 0)
(0.305948571429 0 0)
(0.305948571429 0 0)
(0.305948571429 0 0)
(0.305948571429 0 0)
(0.305948571429 0 0)
(0.305948571429 0 0)
(0.305948571429 0 0)
(0.305948571429 0 0)
(0.305948571429 0 0)
(0.305948571429 0 0)
(0.305948571429 0 0)
(0.305948571429 0 0)
(0.305948571429 0 0)
(0.305948571429 0 0)
(0.35694 0 0)
(0.35694 0 0)
(0.35694 0 0)
(0.35694 0 0)
(0.35694 0 0)
(0.35694 0 0)
(0.35694 0 0)
(0.35694 0 0)
(0.35694 0 0)
(0.35694 0 0)
(0.35694 0 0)
(0.35694 0 0)
(0.35694 0 0)
(0.35694 0 0)
(0.35694 0 0)
(0.35694 0 0)
(0.35694 0 0)
(0.35694 0 0)
(0.35694 0 0)
(0.35694 0 0)
(0.35694 0 0)
(0.35694 0 0)
(0.35694 0 0)
(0.35694 0 0)
(0.35694 0 0)
(0.35694 0 0)
(0.35694 0 0)
(0.35694 0 0)
(0.35694 0 0)
(0.35694 0 0)
(0.35694 0 0)
(0.35694 0 0)
(0.35694 0 0)
(0.35694 0 0)
(0.35694 0 0)
(0.407931428571 0 0)
(0.407931428571 0 0)
(0.407931428571 0 0)
(0.407931428571 0 0)
(0.407931428571 0 0)
(0.407931428571 0 0)
(0.407931428571 0 0)
(0.407931428571 0 0)
(0.407931428571 0 0)
(0.407931428571 0 0)
(0.407931428571 0 0)
(0.407931428571 0 0)
(0.407931428571 0 0)
(0.407931428571 0 0)
(0.407931428571 0 0)
(0.407931428571 0 0)
(0.407931428571 0 0)
(0.407931428571 0 0)
(0.407931428571 0 0)
(0.407931428571 0 0)
(0.407931428571 0 0)
(0.407931428571 0 0)
(0.407931428571 0 0)
(0.407931428571 0 0)
(0.407931428571 0 0)
(0.407931428571 0 0)
(0.407931428571 0 0)
(0.407931428571 0 0)
(0.407931428571 0 0)
(0.407931428571 0 0)
(0.407931428571 0 0)
(0.407931428571 0 0)
(0.407931428571 0 0)
(0.407931428571 0 0)
(0.407931428571 0 0)
(0.458922857143 0 0)
(0.458922857143 0 0)
(0.458922857143 0 0)
(0.458922857143 0 0)
(0.458922857143 0 0)
(0.458922857143 0 0)
(0.458922857143 0 0)
(0.458922857143 0 0)
(0.458922857143 0 0)
(0.458922857143 0 0)
(0.458922857143 0 0)
(0.458922857143 0 0)
(0.458922857143 0 0)
(0.458922857143 0 0)
(0.458922857143 0 0)
(0.458922857143 0 0)
(0.458922857143 0 0)
(0.458922857143 0 0)
(0.458922857143 0 0)
(0.458922857143 0 0)
(0.458922857143 0 0)
(0.458922857143 0 0)
(0.458922857143 0 0)
(0.458922857143 0 0)
(0.458922857143 0 0)
(0.458922857143 0 0)
(0.458922857143 0 0)
(0.458922857143 0 0)
(0.458922857143 0 0)
(0.458922857143 0 0)
(0.458922857143 0 0)
(0.458922857143 0 0)
(0.458922857143 0 0)
(0.458922857143 0 0)
(0.458922857143 0 0)
(0.509914285714 0 0)
(0.509914285714 0 0)
(0.509914285714 0 0)
(0.509914285714 0 0)
(0.509914285714 0 0)
(0.509914285714 0 0)
(0.509914285714 0 0)
(0.509914285714 0 0)
(0.509914285714 0 0)
(0.509914285714 0 0)
(0.509914285714 0 0)
(0.509914285714 0 0)
(0.509914285714 0 0)
(0.509914285714 0 0)
(0.509914285714 0 0)
(0.509914285714 0 0)
(0.509914285714 0 0)
(0.509914285714 0 0)
(0.509914285714 0 0)
(0.509914285714 0 0)
(0.509914285714 0 0)
(0.509914285714 0 0)
(0.509914285714 0 0)
(0.509914285714 0 0)
(0.509914285714 0 0)
(0.509914285714 0 0)
(0.509914285714 0 0)
(0.509914285714 0 0)
(0.509914285714 0 0)
(0.509914285714 0 0)
(0.509914285714 0 0)
(0.509914285714 0 0)
(0.509914285714 0 0)
(0.509914285714 0 0)
(0.509914285714 0 0)
(0.560905714286 0 0)
(0.560905714286 0 0)
(0.560905714286 0 0)
(0.560905714286 0 0)
(0.560905714286 0 0)
(0.560905714286 0 0)
(0.560905714286 0 0)
(0.560905714286 0 0)
(0.560905714286 0 0)
(0.560905714286 0 0)
(0.560905714286 0 0)
(0.560905714286 0 0)
(0.560905714286 0 0)
(0.560905714286 0 0)
(0.560905714286 0 0)
(0.560905714286 0 0)
(0.560905714286 0 0)
(0.560905714286 0 0)
(0.560905714286 0 0)
(0.560905714286 0 0)
(0.560905714286 0 0)
(0.560905714286 0 0)
(0.560905714286 0 0)
(0.560905714286 0 0)
(0.560905714286 0 0)
(0.560905714286 0 0)
(0.560905714286 0 0)
(0.560905714286 0 0)
(0.560905714286 0 0)
(0.560905714286 0 0)
(0.560905714286 0 0)
(0.560905714286 0 0)
(0.560905714286 0 0)
(0.560905714286 0 0)
(0.560905714286 0 0)
(0.611897142857 0 0)
(0.611897142857 0 0)
(0.611897142857 0 0)
(0.611897142857 0 0)
(0.611897142857 0 0)
(0.611897142857 0 0)
(0.611897142857 0 0)
(0.611897142857 0 0)
(0.611897142857 0 0)
(0.611897142857 0 0)
(0.611897142857 0 0)
(0.611897142857 0 0)
(0.611897142857 0 0)
(0.611897142857 0 0)
(0.611897142857 0 0)
(0.611897142857 0 0)
(0.611897142857 0 0)
(0.611897142857 0 0)
(0.611897142857 0 0)
(0.611897142857 0 0)
(0.611897142857 0 0)
(0.611897142857 0 0)
(0.611897142857 0 0)
(0.611897142857 0 0)
(0.611897142857 0 0)
(0.611897142857 0 0)
(0.611897142857 0 0)
(0.611897142857 0 0)
(0.611897142857 0 0)
(0.611897142857 0 0)
(0.611897142857 0 0)
(0.611897142857 0 0)
(0.611897142857 0 0)
(0.611897142857 0 0)
(0.611897142857 0 0)
(0.662888571429 0 0)
(0.662888571429 0 0)
(0.662888571429 0 0)
(0.662888571429 0 0)
(0.662888571429 0 0)
(0.662888571429 0 0)
(0.662888571429 0 0)
(0.662888571429 0 0)
(0.662888571429 0 0)
(0.662888571429 0 0)
(0.662888571429 0 0)
(0.662888571429 0 0)
(0.662888571429 0 0)
(0.662888571429 0 0)
(0.662888571429 0 0)
(0.662888571429 0 0)
(0.662888571429 0 0)
(0.662888571429 0 0)
(0.662888571429 0 0)
(0.662888571429 0 0)
(0.662888571429 0 0)
(0.662888571429 0 0)
(0.662888571429 0 0)
(0.662888571429 0 0)
(0.662888571429 0 0)
(0.662888571429 0 0)
(0.662888571429 0 0)
(0.662888571429 0 0)
(0.662888571429 0 0)
(0.662888571429 0 0)
(0.662888571429 0 0)
(0.662888571429 0 0)
(0.662888571429 0 0)
(0.662888571429 0 0)
(0.662888571429 0 0)
(0.71388 0 0)
(0.71388 0 0)
(0.71388 0 0)
(0.71388 0 0)
(0.71388 0 0)
(0.71388 0 0)
(0.71388 0 0)
(0.71388 0 0)
(0.71388 0 0)
(0.71388 0 0)
(0.71388 0 0)
(0.71388 0 0)
(0.71388 0 0)
(0.71388 0 0)
(0.71388 0 0)
(0.71388 0 0)
(0.71388 0 0)
(0.71388 0 0)
(0.71388 0 0)
(0.71388 0 0)
(0.71388 0 0)
(0.71388 0 0)
(0.71388 0 0)
(0.71388 0 0)
(0.71388 0 0)
(0.71388 0 0)
(0.71388 0 0)
(0.71388 0 0)
(0.71388 0 0)
(0.71388 0 0)
(0.71388 0 0)
(0.71388 0 0)
(0.71388 0 0)
(0.71388 0 0)
(0.71388 0 0)
(0.764871428571 0 0)
(0.764871428571 0 0)
(0.764871428571 0 0)
(0.764871428571 0 0)
(0.764871428571 0 0)
(0.764871428571 0 0)
(0.764871428571 0 0)
(0.764871428571 0 0)
(0.764871428571 0 0)
(0.764871428571 0 0)
(0.764871428571 0 0)
(0.764871428571 0 0)
(0.764871428571 0 0)
(0.764871428571 0 0)
(0.764871428571 0 0)
(0.764871428571 0 0)
(0.764871428571 0 0)
(0.764871428571 0 0)
(0.764871428571 0 0)
(0.764871428571 0 0)
(0.764871428571 0 0)
(0.764871428571 0 0)
(0.764871428571 0 0)
(0.764871428571 0 0)
(0.764871428571 0 0)
(0.764871428571 0 0)
(0.764871428571 0 0)
(0.764871428571 0 0)
(0.764871428571 0 0)
(0.764871428571 0 0)
(0.764871428571 0 0)
(0.764871428571 0 0)
(0.764871428571 0 0)
(0.764871428571 0 0)
(0.764871428571 0 0)
(0.815862857143 0 0)
(0.815862857143 0 0)
(0.815862857143 0 0)
(0.815862857143 0 0)
(0.815862857143 0 0)
(0.815862857143 0 0)
(0.815862857143 0 0)
(0.815862857143 0 0)
(0.815862857143 0 0)
(0.815862857143 0 0)
(0.815862857143 0 0)
(0.815862857143 0 0)
(0.815862857143 0 0)
(0.815862857143 0 0)
(0.815862857143 0 0)
(0.815862857143 0 0)
(0.815862857143 0 0)
(0.815862857143 0 0)
(0.815862857143 0 0)
(0.815862857143 0 0)
(0.815862857143 0 0)
(0.815862857143 0 0)
(0.815862857143 0 0)
(0.815862857143 0 0)
(0.815862857143 0 0)
(0.815862857143 0 0)
(0.815862857143 0 0)
(0.815862857143 0 0)
(0.815862857143 0 0)
(0.815862857143 0 0)
(0.815862857143 0 0)
(0.815862857143 0 0)
(0.815862857143 0 0)
(0.815862857143 0 0)
(0.815862857143 0 0)
(0.866854285714 0 0)
(0.866854285714 0 0)
(0.866854285714 0 0)
(0.866854285714 0 0)
(0.866854285714 0 0)
(0.866854285714 0 0)
(0.866854285714 0 0)
(0.866854285714 0 0)
(0.866854285714 0 0)
(0.866854285714 0 0)
(0.866854285714 0 0)
(0.866854285714 0 0)
(0.866854285714 0 0)
(0.866854285714 0 0)
(0.866854285714 0 0)
(0.866854285714 0 0)
(0.866854285714 0 0)
(0.866854285714 0 0)
(0.866854285714 0 0)
(0.866854285714 0 0)
(0.866854285714 0 0)
(0.866854285714 0 0)
(0.866854285714 0 0)
(0.866854285714 0 0)
(0.866854285714 0 0)
(0.866854285714 0 0)
(0.866854285714 0 0)
(0.866854285714 0 0)
(0.866854285714 0 0)
(0.866854285714 0 0)
(0.866854285714 0 0)
(0.866854285714 0 0)
(0.866854285714 0 0)
(0.866854285714 0 0)
(0.866854285714 0 0)
)
;

boundaryField
{
}


// ************************************************************************* //
