/*--------------------------------*- C++ -*----------------------------------*\
| =========                 |                                                 |
| \\      /  F ield         | foam-extend: Open Source CFD                    |
|  \\    /   O peration     | Version:     4.1                                |
|   \\  /    A nd           | Web:         http://www.foam-extend.org         |
|    \\/     M anipulation  |                                                 |
\*---------------------------------------------------------------------------*/
FoamFile
{
    version     2.0;
    format      ascii;
    class       cellScalarField;
    location    "6.6";
    object      T;
}
// * * * * * * * * * * * * * * * * * * * * * * * * * * * * * * * * * * * * * //

dimensions      [0 0 0 0 1 0 0];

internalField   nonuniform 
100
(
(4 -4.772512048e-14 -3.419368101e-14)
(4 3.884732723e-12 2.747444359e-12)
(4 -8.890700422e-11 -6.661105736e-11)
(4.000000001 3.267082877e-09 3.116639722e-09)
(4.000000038 2.089246245e-08 -7.814380864e-09)
(4.00000059 9.609736838e-07 1.16272865e-06)
(4.000022295 2.711826376e-05 1.193263581e-05)
(4.000264515 0.000270151326 0.0001822307429)
(4.003989129 0.004788042209 0.002694494815)
(4.044016603 0.04377485229 0.01522861277)
(4.259268946 0.1907884454 0.03908749702)
(4.902620407 0.4634778767 0.04801076728)
(6.084982147 0.6981913616 0.01852363241)
(7.520454038 0.7012340976 -0.02438248833)
(8.734751906 0.4956354555 -0.04204648784)
(9.481651666 0.2575441666 -0.03253866092)
(9.828039406 0.1021308235 -0.0164501895)
(9.953114126 0.03194189085 -0.006078674732)
(9.98930845 0.008112225318 -0.00174451999)
(9.997924174 0.001716700953 -0.0004053370356)
(9.999650932 0.0003096147933 -7.86934939e-05)
(9.999948359 4.852958411e-05 -1.30906759e-05)
(9.999993184 6.722704304e-06 -1.904508787e-06)
(9.999999187 8.349846433e-07 -2.46459244e-07)
(9.999999912 9.413431015e-08 -2.877162015e-08)
(9.999999991 9.734621859e-09 -3.06599904e-09)
(9.999999999 9.317650598e-10 -3.012331022e-10)
(10 8.319266547e-11 -2.751906389e-11)
(10 6.973368424e-12 -2.355112887e-12)
(10 5.516879317e-13 -1.902512439e-13)
(10 4.395871449e-14 -1.548005337e-14)
(10 2.152582536e-15 -1.490862329e-15)
(10 -1.533970238e-17 -1.057656096e-16)
(10 3.669323016e-16 2.473711417e-16)
(10 -1.179320723e-15 -5.397029788e-17)
(10 8.104720947e-16 1.188594513e-16)
(10 -1.770010777e-15 -4.820793369e-18)
(10 1.418976142e-15 2.709092913e-16)
(10 -1.44143752e-15 3.723533989e-16)
(10 7.383310488e-16 -3.30463676e-16)
(10 -6.774781941e-17 -7.645040683e-17)
(10 3.174886652e-16 -1.698167982e-16)
(10 2.390555822e-17 2.877268992e-17)
(10 3.432253644e-16 4.938079391e-16)
(10 -1.587065247e-16 -1.96274717e-16)
(10 2.203303442e-16 1.995583508e-16)
(10 -4.706422429e-16 3.302730777e-16)
(10 -6.422600055e-18 8.396332752e-17)
(10 -3.411530548e-16 4.579992094e-16)
(10 -5.616091268e-17 -1.244888887e-16)
(10 1.058035975e-17 -3.079679197e-16)
(10 -1.095733631e-16 1.724496246e-16)
(10 -3.152750007e-16 -3.063104234e-16)
(10 -3.405254472e-16 -2.392138048e-16)
(10 2.895190041e-16 4.494675869e-16)
(10 -4.884724923e-16 4.162309362e-16)
(10 -3.416005078e-17 -2.017949339e-17)
(10 -1.211978972e-16 7.451010497e-17)
(10 -2.0783034e-16 3.386079116e-16)
(10 -3.460344677e-16 -5.48222837e-17)
(10 -4.077308312e-16 -3.072755195e-17)
(10 5.943933883e-16 -4.712290685e-16)
(10 -6.475134384e-18 1.05236753e-16)
(10 -1.593671191e-16 -5.750183036e-16)
(10 3.610322661e-16 -1.397187613e-16)
(10 -5.959907549e-17 -9.052737729e-17)
(10 3.634839453e-16 -1.278542971e-16)
(10 -1.675796112e-16 -3.525298529e-17)
(10 3.711401597e-16 3.213878139e-16)
(10 -4.577580063e-16 -7.78076163e-17)
(10 2.61971127e-16 2.944102588e-17)
(10 -1.365836193e-16 -1.744382481e-17)
(10 2.188365319e-16 -5.564608655e-16)
(10 1.000862126e-15 -5.078880228e-16)
(10 -1.354184948e-16 7.673887687e-17)
(10 -4.236895983e-18 2.400961845e-18)
(10 -1.325615648e-19 7.511991335e-20)
(10 -4.147510002e-21 2.350308647e-21)
(10 -1.297649077e-22 7.353510526e-23)
(10 -4.060009803e-24 2.300724083e-24)
(10 -1.270272518e-25 7.198373196e-26)
(10 -3.974355601e-27 2.252185608e-27)
(10 -1.243473524e-28 7.046508807e-29)
(10 -3.890508449e-30 2.204671151e-30)
(10 -1.217239909e-31 6.897848307e-32)
(10 -3.808430225e-33 2.158159109e-33)
(10 -1.191559747e-34 6.752324105e-35)
(10 -3.728083609e-36 2.112628334e-36)
(10 -1.16642136e-37 6.609870033e-38)
(10 -3.649432069e-39 2.068058123e-39)
(10 -1.141813318e-40 6.470421321e-41)
(10 -3.572439844e-42 2.024428212e-42)
(10 -1.117724433e-43 6.333914564e-44)
(10 -3.497071927e-45 1.981718763e-45)
(10 -1.094143753e-46 6.200287697e-47)
(10 -3.42329405e-48 1.939910357e-48)
(10 -1.071060555e-49 6.069479961e-50)
(10 -3.351072669e-51 1.898983985e-51)
(10 -1.048464345e-52 5.941431881e-53)
(10 -1.335646296e-16 3.720752952e-15)
)
;

boundaryField
{
    left
    {
        type            dirichlet;
        value           uniform (4 0 0);
    }
    right
    {
        type            dirichlet;
        value           uniform (4 0 0);
    }
    sides
    {
        type            empty;
    }
}


// ************************************************************************* //
