/*--------------------------------*- C++ -*----------------------------------*\
| =========                 |                                                 |
| \\      /  F ield         | foam-extend: Open Source CFD                    |
|  \\    /   O peration     | Version:     4.1                                |
|   \\  /    A nd           | Web:         http://www.foam-extend.org         |
|    \\/     M anipulation  |                                                 |
\*---------------------------------------------------------------------------*/
FoamFile
{
    version     2.0;
    format      ascii;
    class       cellScalarField;
    location    "13.6";
    object      T;
}
// * * * * * * * * * * * * * * * * * * * * * * * * * * * * * * * * * * * * * //

dimensions      [0 0 0 0 1 0 0];

internalField   nonuniform 
100
(
(4 -5.703630593e-17 1.624202108e-17)
(4 -1.552381021e-16 -1.746575136e-16)
(4 3.369936806e-16 -1.057624701e-16)
(4 -3.924839041e-17 1.620068855e-16)
(4 -1.278240551e-16 -2.773300423e-18)
(4 -4.259441637e-16 -2.813139311e-17)
(4 3.759788859e-16 9.385389404e-17)
(4 -3.034358638e-16 3.14118712e-16)
(4 6.766689814e-16 -2.688746536e-16)
(4 -1.47572997e-15 8.418425913e-16)
(4 6.560008541e-14 4.866851856e-14)
(4 1.094782902e-12 6.145770657e-13)
(4 2.26207075e-11 1.68629844e-11)
(4 4.578655795e-10 2.681347008e-10)
(4.000000006 6.635665188e-09 3.980934792e-09)
(4.000000087 9.891505744e-08 5.681443004e-08)
(4.00000113 1.22762749e-06 6.312555074e-07)
(4.000012299 1.275716686e-05 6.22904617e-06)
(4.000117962 0.00011824429 5.275253356e-05)
(4.000955569 0.0008886410781 0.0003340695101)
(4.006056447 0.004980107278 0.001502124675)
(4.029212184 0.02052684191 0.004820129681)
(4.108212488 0.06332830766 0.01121923242)
(4.314912486 0.1498230145 0.01909783209)
(4.738639999 0.2781247006 0.02343342193)
(5.432567969 0.413332801 0.01912318116)
(6.356025061 0.5003461378 0.006275531808)
(7.369577935 0.500804796 -0.008833258346)
(8.29916412 0.4199791446 -0.01882540642)
(9.01998079 0.298587065 -0.02073417229)
(9.497564495 0.1819027959 -0.01670253868)
(9.77057348 0.0958931098 -0.01076252733)
(9.906438219 0.04414190992 -0.005778301202)
(9.965795719 0.01789352966 -0.002648461551)
(9.988740956 0.006437989659 -0.001054043705)
(9.996647077 0.002071226754 -0.0003690355095)
(9.999092237 0.0005999891143 -0.000114888549)
(9.999775468 0.0001575163514 -3.209664987e-05)
(9.999949015 3.770722317e-05 -8.111496638e-06)
(9.999989322 8.277891618e-06 -1.867691199e-06)
(9.999997928 1.675435177e-06 -3.94337623e-07)
(9.999999626 3.142018458e-07 -7.679393575e-08)
(9.999999937 5.484981307e-08 -1.386733392e-08)
(9.99999999 8.951553902e-09 -2.333350196e-09)
(9.999999999 1.371255557e-09 -3.674730008e-10)
(10 1.978996279e-10 -5.438867493e-11)
(10 2.700151465e-11 -7.594153683e-12)
(10 3.494600698e-12 -1.002784485e-12)
(10 4.311134665e-13 -1.25573273e-13)
(10 4.861830009e-14 -1.537377445e-14)
(10 3.950452632e-15 -1.143228244e-15)
(10 -1.801951046e-15 4.443433125e-16)
(10 7.710742756e-16 -9.92191813e-17)
(10 -5.798091286e-17 1.55504476e-16)
(10 -1.694296115e-16 -4.281609133e-16)
(10 -2.213662057e-17 -4.098273527e-16)
(10 -1.019454018e-16 -6.143068343e-16)
(10 2.36875411e-16 -2.711130033e-16)
(10 1.543866553e-16 -8.623235148e-17)
(10 -8.072752576e-17 -2.377288404e-16)
(10 1.563262486e-16 1.422844278e-16)
(10 1.529761728e-16 -5.837861962e-16)
(10 2.29968605e-16 -5.607690241e-16)
(10 -1.349741049e-16 -3.767251003e-16)
(10 4.317651983e-16 1.732041863e-16)
(10 3.862826831e-16 1.221740712e-16)
(10 -5.659991633e-16 2.423331718e-16)
(10 3.915154346e-16 -1.351883202e-16)
(10 5.311981767e-16 4.668056007e-16)
(10 -2.250382269e-16 -9.960251981e-17)
(10 3.876478071e-16 2.357617765e-17)
(10 -6.132437602e-17 2.103490338e-16)
(10 3.870556512e-16 2.919711629e-16)
(10 3.419906919e-16 2.827602542e-16)
(10 -2.728789262e-16 1.161156896e-16)
(10 -1.09564727e-16 5.893627065e-16)
(10 2.3428431e-16 1.456989419e-16)
(10 -1.854323129e-16 2.556578838e-16)
(10 3.443618776e-16 -5.131051828e-16)
(10 -3.020491835e-16 6.916148106e-16)
(10 -3.813514979e-16 -5.799260563e-16)
(10 2.950047484e-16 -6.070854674e-16)
(10 1.13830296e-17 -1.575994947e-16)
(10 5.609530036e-16 -1.375041694e-16)
(10 -1.358233747e-16 4.322488957e-16)
(10 -1.530206441e-16 -1.775908494e-16)
(10 4.351447471e-16 -1.816982522e-16)
(10 -4.690021839e-17 -1.033194384e-16)
(10 4.012862444e-16 -1.799099608e-16)
(10 1.818737588e-16 4.502116456e-16)
(10 1.698011397e-16 -1.450534272e-17)
(10 -4.793638975e-17 2.521547146e-16)
(10 -3.499448293e-16 3.767787509e-16)
(10 -8.266533928e-17 2.374916619e-16)
(10 -4.173594625e-16 -5.476420633e-17)
(10 4.309898029e-16 -2.931178046e-16)
(10 -1.411764601e-16 -2.442439625e-16)
(10 2.675925783e-16 -2.114235784e-16)
(10 9.83765897e-17 -2.356400193e-16)
(10 -1.653137917e-15 3.773475123e-15)
)
;

boundaryField
{
    left
    {
        type            dirichlet;
        value           uniform (4 0 0);
    }
    right
    {
        type            dirichlet;
        value           uniform (4 0 0);
    }
    sides
    {
        type            empty;
    }
}


// ************************************************************************* //
