/*--------------------------------*- C++ -*----------------------------------*\
| =========                 |                                                 |
| \\      /  F ield         | foam-extend: Open Source CFD                    |
|  \\    /   O peration     | Version:     4.1                                |
|   \\  /    A nd           | Web:         http://www.foam-extend.org         |
|    \\/     M anipulation  |                                                 |
\*---------------------------------------------------------------------------*/
FoamFile
{
    version     2.0;
    format      ascii;
    class       cellScalarField;
    location    "31.1";
    object      T;
}
// * * * * * * * * * * * * * * * * * * * * * * * * * * * * * * * * * * * * * //

dimensions      [0 0 0 0 1 0 0];

internalField   nonuniform 
100
(
(4 -5.703630593e-17 1.624202108e-17)
(4 -1.517435507e-16 1.845512586e-16)
(4 -2.239779744e-16 2.468063556e-16)
(4 7.662250006e-17 -8.746684986e-17)
(4 8.835149617e-18 2.921583853e-16)
(4 -2.919720162e-16 -7.328238953e-17)
(4 2.701262598e-16 -1.048620524e-17)
(4 -3.990354443e-16 3.624964916e-17)
(4 8.266048438e-16 1.086199569e-16)
(4 -1.224001844e-15 -2.570165065e-17)
(4 3.486983173e-16 9.881262132e-17)
(4 -3.039626737e-16 -1.491085388e-17)
(4 1.344540284e-15 -2.120821363e-16)
(4 -4.748210305e-16 -3.218749972e-17)
(4 2.765873967e-16 6.727230271e-18)
(4 -3.59685014e-17 5.517361587e-17)
(4 -1.903294479e-17 6.42905899e-17)
(4 -7.753886184e-17 -2.331003526e-17)
(4 8.52858419e-17 1.012157991e-16)
(4 -1.798547327e-16 2.354327008e-16)
(4 -7.401284754e-17 1.290564837e-16)
(4 -1.085901407e-16 -4.749323668e-17)
(4 -2.892396761e-17 7.079705685e-18)
(4 -8.669003491e-17 1.86998434e-17)
(4 -9.805068279e-17 5.031610122e-17)
(4 -1.207402257e-16 2.891832443e-16)
(4 6.271360948e-17 -3.560380346e-17)
(4 -5.620898193e-17 7.982329292e-17)
(4 -4.299351207e-16 -1.126975391e-16)
(4 4.345723878e-16 -2.865054819e-17)
(4 -8.742907284e-17 2.346593472e-16)
(4 6.960547861e-17 -5.801378127e-17)
(4 2.984412534e-18 6.213982175e-17)
(4 -2.663130129e-16 -2.238683452e-17)
(4 8.325328374e-16 2.058340024e-17)
(4 -1.073616352e-15 2.966354069e-16)
(4 1.212681861e-15 1.633244939e-15)
(4 2.783097945e-14 1.50428834e-14)
(4 3.165885921e-13 1.580217488e-13)
(4 3.188253002e-12 1.537637268e-12)
(4 2.994972898e-11 1.386892233e-11)
(4 2.603227544e-10 1.151908625e-10)
(4.000000002 2.081625456e-09 8.754489816e-10)
(4.000000017 1.521940302e-08 6.044388383e-09)
(4.000000115 1.01007788e-07 3.758182547e-08)
(4.000000717 6.035490504e-07 2.084761124e-07)
(4.00000404 3.221715672e-06 1.023597349e-06)
(4.000020372 1.527361404e-05 4.424891242e-06)
(4.00009164 6.410598827e-05 1.680051123e-05)
(4.000367352 0.000238054016 5.601750225e-05)
(4.001313553 0.0007831263556 0.0001642412167)
(4.004200004 0.002288158182 0.0004243221091)
(4.012049945 0.005957766117 0.0009681172671)
(4.031147248 0.01387493469 0.001954334499)
(4.072858619 0.02901278902 0.003494486697)
(4.154950989 0.05467751432 0.005533010317)
(4.301059946 0.09321597021 0.007737810716)
(4.537043725 0.1442675201 0.009494411571)
(4.884066465 0.2033774824 0.01007135191)
(5.350159706 0.2619848541 0.008924759774)
(5.923648734 0.3093124047 0.005995296293)
(6.571903634 0.3356643323 0.001816710555)
(7.246901846 0.3357173134 -0.002651339026)
(7.895991646 0.310253973 -0.0063892817)
(8.473831933 0.2655803868 -0.008689347149)
(8.95116132 0.2110668831 -0.009352201369)
(9.317850031 0.1560827732 -0.008647034352)
(9.580372699 0.1076279068 -0.007105859593)
(9.755885828 0.0693452399 -0.005284350463)
(9.865679036 0.04182950698 -0.003596032019)
(9.930063729 0.02366705041 -0.002256450844)
(9.965522238 0.01258324636 -0.00131296977)
(9.983894035 0.006297864736 -0.0007116084453)
(9.992864479 0.002972252891 -0.0003605563805)
(9.996998968 0.001324909294 -0.0001713182271)
(9.998800608 0.0005587125639 -7.65447911e-05)
(9.999544011 0.0002232366695 -3.223789711e-05)
(9.999834911 8.463895887e-05 -1.282676037e-05)
(9.999943019 3.049555161e-05 -4.831141326e-06)
(9.99998123 1.045633295e-05 -1.725780953e-06)
(9.999994093 3.416619658e-06 -5.857244553e-07)
(9.999998222 1.065291904e-06 -1.891895364e-07)
(9.999999487 3.173651102e-07 -5.824825669e-08)
(9.999999858 9.045153209e-08 -1.711997487e-08)
(9.999999962 2.469281753e-08 -4.810383884e-09)
(9.99999999 6.464573903e-09 -1.29392211e-09)
(9.999999998 1.624894217e-09 -3.336238548e-10)
(9.999999999 3.925640006e-10 -8.256015907e-11)
(10 9.125772695e-11 -1.963269362e-11)
(10 2.04379249e-11 -4.492373854e-12)
(10 4.410131727e-12 -9.894065905e-13)
(10 9.170767376e-13 -2.1037046e-13)
(10 1.851309167e-13 -4.349338727e-14)
(10 3.439082553e-14 -6.766410411e-15)
(10 1.17205871e-14 -2.611098929e-15)
(10 1.195285424e-15 -4.053979809e-16)
(10 -2.420977852e-16 -8.547254361e-17)
(10 -1.089011534e-16 -2.376590287e-16)
(10 2.075076451e-16 -6.793129219e-16)
(10 -5.860944967e-16 3.656326873e-15)
)
;

boundaryField
{
    left
    {
        type            dirichlet;
        value           uniform (4 0 0);
    }
    right
    {
        type            dirichlet;
        value           uniform (4 0 0);
    }
    sides
    {
        type            empty;
    }
}


// ************************************************************************* //
