/*--------------------------------*- C++ -*----------------------------------*\
| =========                 |                                                 |
| \\      /  F ield         | foam-extend: Open Source CFD                    |
|  \\    /   O peration     | Version:     4.1                                |
|   \\  /    A nd           | Web:         http://www.foam-extend.org         |
|    \\/     M anipulation  |                                                 |
\*---------------------------------------------------------------------------*/
FoamFile
{
    version     2.0;
    format      ascii;
    class       cellScalarField;
    location    "1.7";
    object      T;
}
// * * * * * * * * * * * * * * * * * * * * * * * * * * * * * * * * * * * * * //

dimensions      [0 0 0 0 1 0 0];

internalField   nonuniform 
100
(
(4.000484689 -0.0008682131289 -0.001257829925)
(4.029255799 0.06706823033 0.07347725427)
(4.899263949 0.9334706829 0.1761348768)
(7.420819345 1.352769102 -0.1021407823)
(9.350914579 0.5420278399 -0.1156365809)
(9.908722726 0.09449104476 -0.0269621289)
(9.991238528 0.01016074488 -0.003305486557)
(9.999344149 0.0008159341304 -0.000286413643)
(9.999958658 5.397044051e-05 -1.992600877e-05)
(9.999997701 3.10946143e-06 -1.190591068e-06)
(9.999999884 1.615560199e-07 -6.360065221e-08)
(9.999999995 7.746065943e-09 -3.117433104e-09)
(10 3.482985517e-10 -1.427275409e-10)
(10 1.4859347e-11 -6.181463798e-12)
(10 6.050109391e-13 -2.560631479e-13)
(10 2.3035018e-14 -8.863554596e-15)
(10 1.703510508e-15 -1.149982028e-15)
(10 9.967268282e-16 -2.325721605e-17)
(10 -1.923836728e-15 1.432961384e-16)
(10 6.066442158e-16 -4.938650204e-16)
(10 2.347675295e-16 1.599170602e-16)
(10 -2.449404367e-16 -3.965127404e-17)
(10 1.374870162e-16 1.698846035e-17)
(10 -2.188345408e-16 5.564645596e-16)
(10 -1.000864482e-15 5.078895998e-16)
(10 1.35418297e-16 -7.673875544e-17)
(10 4.236884935e-18 -2.400955287e-18)
(10 1.325610631e-19 -7.511962075e-20)
(10 4.147489972e-21 -2.350297052e-21)
(10 1.297641575e-22 -7.353466927e-23)
(10 4.059981061e-24 -2.300707089e-24)
(10 1.270260122e-25 -7.198298193e-26)
(10 3.974293585e-27 -2.252147533e-27)
(10 1.243439623e-28 -7.046300332e-29)
(10 3.890320637e-30 -2.204556324e-30)
(10 1.217138877e-31 -6.897235612e-32)
(10 3.807910701e-33 -2.157846629e-33)
(10 1.191305172e-34 -6.750804564e-35)
(10 3.726893579e-36 -2.111923016e-36)
(10 1.165889862e-37 -6.606741012e-38)
(10 3.647163268e-39 -2.06673138e-39)
(10 1.140889417e-40 -6.465057105e-41)
(10 3.568870067e-42 -2.022372713e-42)
(10 1.116430785e-43 -6.326545158e-44)
(10 3.49278147e-45 -1.979313851e-45)
(10 1.092916795e-46 -6.193621477e-47)
(10 3.420841068e-48 -1.938709901e-48)
(10 1.071231165e-49 -6.07150219e-50)
(10 3.356885438e-51 -1.90281301e-51)
(10 1.052976789e-52 -5.969553455e-53)
(10 3.307392276e-54 -1.875393215e-54)
(10 1.040694814e-55 -5.902512467e-56)
(10 3.282063069e-57 -1.862058739e-57)
(10 1.03799646e-58 -5.891192823e-59)
(10 3.294021544e-60 -1.870352391e-60)
(10 1.049542312e-61 -5.96230936e-62)
(10 3.359449456e-63 -1.909525504e-63)
(10 1.080826022e-64 -6.14718873e-65)
(10 3.49657746e-66 -1.98994647e-66)
(10 1.13775597e-67 -6.479341681e-68)
(10 3.724076416e-69 -2.122173593e-69)
(10 1.226069921e-70 -6.991107512e-71)
(10 4.059020997e-72 -2.315792924e-72)
(10 1.350653803e-73 -7.709781988e-74)
(10 4.514692422e-75 -2.578174156e-75)
(10 1.514858061e-76 -8.653761674e-77)
(10 5.098530358e-78 -2.913320399e-78)
(10 1.71990957e-79 -9.829257435e-80)
(10 5.810529238e-81 -3.320977628e-81)
(10 1.96450379e-82 -1.122805026e-82)
(10 6.642308603e-84 -3.796131196e-84)
(10 2.244634956e-85 -1.282660689e-85)
(10 7.576987116e-87 -4.328959541e-87)
(10 2.553687474e-88 -1.458667589e-88)
(10 8.589876698e-90 -4.905251075e-90)
(10 2.882776312e-91 -1.645728511e-91)
(10 9.649906949e-93 -5.507230583e-93)
(10 3.221293634e-94 -1.837789074e-94)
(10 1.072160658e-95 -6.114695018e-96)
(10 3.557597394e-97 -2.028230937e-97)
(10 1.176741719e-98 -6.70633052e-99)
(10 3.879766877e-100 -2.210300655e-100)
(10 1.275009813e-101 -7.261074025e-102)
(10 4.176350094e-103 -2.377531841e-103)
(10 1.363499596e-104 -7.75939206e-105)
(10 4.437036846e-106 -2.524123474e-106)
(10 1.439199132e-107 -8.184372107e-108)
(10 4.653206456e-109 -2.645246002e-109)
(10 1.49969905e-110 -8.52255302e-111)
(10 4.818317642e-112 -2.737257345e-112)
(10 1.543288907e-113 -8.764455187e-114)
(10 4.92812703e-115 -2.797821692e-115)
(10 1.56899933e-116 -8.904803815e-117)
(10 4.980739997e-118 -2.825933636e-118)
(10 1.576593445e-119 -8.942466536e-120)
(10 4.976511452e-121 -2.821857946e-121)
(10 1.566514878e-122 -8.880147444e-123)
(10 4.917823881e-124 -2.787000689e-124)
(10 1.539801988e-125 -8.723892795e-126)
(10 -1.319787583e-15 3.015699544e-15)
)
;

boundaryField
{
    left
    {
        type            dirichlet;
        value           uniform (4 0 0);
    }
    right
    {
        type            dirichlet;
        value           uniform (4 0 0);
    }
    sides
    {
        type            empty;
    }
}


// ************************************************************************* //
