/*--------------------------------*- C++ -*----------------------------------*\
| =========                 |                                                 |
| \\      /  F ield         | foam-extend: Open Source CFD                    |
|  \\    /   O peration     | Version:     4.1                                |
|   \\  /    A nd           | Web:         http://www.foam-extend.org         |
|    \\/     M anipulation  |                                                 |
\*---------------------------------------------------------------------------*/
FoamFile
{
    version     2.0;
    format      ascii;
    class       cellScalarField;
    location    "20.7";
    object      T;
}
// * * * * * * * * * * * * * * * * * * * * * * * * * * * * * * * * * * * * * //

dimensions      [0 0 0 0 1 0 0];

internalField   nonuniform 
100
(
(4 -5.703630593e-17 1.624202108e-17)
(4 1.020678428e-17 3.355317159e-18)
(4 -1.191040176e-16 2.67202646e-16)
(4 -1.29585945e-16 2.718387165e-16)
(4 1.693976991e-16 -1.528873278e-16)
(4 -5.074791356e-16 -1.217006723e-16)
(4 3.724509814e-16 5.363106589e-18)
(4 -4.136171429e-16 -5.70001196e-17)
(4 7.552343466e-16 1.352115207e-16)
(4 -1.269898809e-15 -3.004286797e-17)
(4 2.206385574e-17 -1.15631212e-16)
(4 9.138518575e-16 5.051797085e-17)
(4 -4.845843872e-16 -9.918060092e-17)
(4 1.023293552e-16 -1.472529051e-17)
(4 4.456767927e-16 1.595157151e-16)
(4 -2.762134629e-16 -6.625695572e-17)
(4 1.176723898e-16 -8.393042599e-17)
(4 1.09775331e-16 -1.558652647e-17)
(4 2.395457128e-15 -5.220921869e-16)
(4 1.577860236e-15 -7.33192066e-17)
(4 3.35513164e-15 4.368192312e-15)
(4 1.034407586e-13 6.211097336e-14)
(4 1.543054572e-12 8.981494147e-13)
(4 2.114767959e-11 1.174790537e-11)
(4 2.624081224e-10 1.400302043e-10)
(4.000000003 2.984531058e-09 1.521502341e-09)
(4.00000003 3.064525635e-08 1.47311846e-08)
(4.000000282 2.805177436e-07 1.265506948e-07)
(4.000002385 2.28014352e-06 9.553828355e-07)
(4.000017817 1.617031442e-05 6.1542064e-06)
(4.000115008 9.736756602e-05 3.283730384e-05)
(4.000629386 0.000487999044 0.000142891724)
(4.00289367 0.002021578323 0.0005056265617)
(4.011179762 0.00693850729 0.001460222773)
(4.036521018 0.01987316588 0.003460490291)
(4.101800565 0.04792914683 0.006757874164)
(4.244670958 0.09824037444 0.01088006214)
(4.512600787 0.1726603133 0.01433949579)
(4.946614669 0.2623527849 0.01510862373)
(5.558432286 0.3472585118 0.01183941282)
(6.314133187 0.4031806147 0.004973059002)
(7.137177517 0.4132216516 -0.003257650599)
(7.932176016 0.3760485741 -0.01004951928)
(8.616906297 0.3055177117 -0.0135420707)
(9.145429338 0.222717278 -0.01354211118)
(9.512747751 0.1463697728 -0.01116242286)
(9.743624102 0.0871090731 -0.00790821872)
(9.875417353 0.04714318865 -0.004924115187)
(9.944015211 0.02329451705 -0.002732990273)
(9.976694748 0.01054919962 -0.001365739588)
(9.990995504 0.004394324324 -0.0006192682173)
(9.996763986 0.001689574199 -0.0002563983986)
(9.998915886 0.0006016107973 -9.745685919e-05)
(9.999660652 0.0001990153198 -3.416772233e-05)
(9.999900523 6.134950948e-05 -1.109576738e-05)
(9.999972628 1.76748166e-05 -3.350431456e-06)
(9.999992914 4.772325113e-06 -9.44008717e-07)
(9.999998271 1.210868109e-06 -2.490008061e-07)
(9.999999601 2.894448716e-07 -6.167320213e-08)
(9.999999913 6.534302062e-08 -1.438469244e-08)
(9.999999982 1.396407302e-08 -3.167928119e-09)
(9.999999996 2.831227436e-09 -6.604127832e-10)
(9.999999999 5.457739562e-10 -1.306319452e-10)
(10 1.002350428e-10 -2.457444967e-11)
(10 1.757354762e-11 -4.405740365e-12)
(10 2.944623839e-12 -7.547923512e-13)
(10 4.680627767e-13 -1.227512447e-13)
(10 7.26957977e-14 -1.875778529e-14)
(10 1.301923128e-14 -2.910701459e-15)
(10 1.089781439e-15 -7.620550254e-16)
(10 5.632372182e-17 4.248858842e-16)
(10 -5.631825319e-17 -1.67208536e-16)
(10 4.829890778e-17 -1.670109188e-16)
(10 2.166655402e-16 2.039219271e-16)
(10 -5.386982925e-16 4.363367098e-16)
(10 2.399158958e-16 1.609258589e-16)
(10 -2.501581403e-16 -2.109721197e-16)
(10 -1.035396402e-16 -3.977325551e-16)
(10 1.846448768e-16 -3.228561452e-16)
(10 4.39275973e-16 -5.384586287e-16)
(10 2.898164948e-16 -5.700274368e-16)
(10 1.289477833e-16 1.458887844e-16)
(10 9.437245513e-18 -3.307552671e-16)
(10 3.822884526e-16 -4.24425922e-16)
(10 -5.629043659e-16 4.547182034e-16)
(10 3.288089655e-16 -3.243076403e-16)
(10 -3.65604311e-16 3.291515578e-16)
(10 3.801704028e-16 6.400261157e-16)
(10 -4.134328676e-16 4.323859703e-16)
(10 -3.66165882e-16 -8.697133045e-17)
(10 4.280841595e-16 -5.908129661e-16)
(10 -5.353948088e-16 5.195492724e-16)
(10 3.754130116e-16 1.632589094e-16)
(10 -1.51237991e-16 4.040723518e-17)
(10 1.957469809e-16 1.799395429e-16)
(10 4.231341526e-16 4.754084115e-17)
(10 -5.746212128e-16 7.215518825e-17)
(10 -8.529401792e-17 3.414009653e-16)
(10 1.399946906e-16 -1.813097488e-16)
(10 -5.426143e-16 3.338789604e-15)
)
;

boundaryField
{
    left
    {
        type            dirichlet;
        value           uniform (4 0 0);
    }
    right
    {
        type            dirichlet;
        value           uniform (4 0 0);
    }
    sides
    {
        type            empty;
    }
}


// ************************************************************************* //
