/*--------------------------------*- C++ -*----------------------------------*\
| =========                 |                                                 |
| \\      /  F ield         | foam-extend: Open Source CFD                    |
|  \\    /   O peration     | Version:     4.1                                |
|   \\  /    A nd           | Web:         http://www.foam-extend.org         |
|    \\/     M anipulation  |                                                 |
\*---------------------------------------------------------------------------*/
FoamFile
{
    version     2.0;
    format      ascii;
    class       cellScalarField;
    location    "0.1";
    object      T;
}
// * * * * * * * * * * * * * * * * * * * * * * * * * * * * * * * * * * * * * //

dimensions      [0 0 0 0 1 0 0];

internalField   nonuniform 
100
(
(8.830508475 2.288135593 -1.271186441)
(9.970267165 0.05817293881 -0.03231829934)
(9.99924408 0.001478973021 -0.0008216516781)
(9.999980782 3.7601009e-05 -2.088944944e-05)
(9.999999511 9.559578559e-07 -5.310876977e-07)
(9.999999988 2.430401329e-08 -1.35022296e-08)
(10 6.178986429e-10 -3.432770238e-10)
(10 1.570928753e-11 -8.727381961e-12)
(10 3.99388666e-13 -2.218825922e-13)
(10 1.015394914e-14 -5.641082853e-15)
(10 2.581512492e-16 -1.434173607e-16)
(10 6.563167353e-18 -3.646204085e-18)
(10 1.668601869e-19 -9.270010386e-20)
(10 4.242208143e-21 -2.356782301e-21)
(10 1.078527494e-22 -5.991819411e-23)
(10 2.742019052e-24 -1.523343918e-24)
(10 6.971234879e-26 -3.872908266e-26)
(10 1.772347851e-27 -9.846376947e-28)
(10 4.505969111e-29 -2.503316173e-29)
(10 1.145585367e-30 -6.364363152e-31)
(10 2.912505171e-32 -1.618058428e-32)
(10 7.404674164e-34 -4.113707869e-34)
(10 1.882544279e-35 -1.045857933e-35)
(10 4.786129523e-37 -2.658960846e-37)
(10 1.216812591e-38 -6.760069947e-39)
(10 3.093591332e-40 -1.718661851e-40)
(10 7.865062708e-42 -4.369479282e-42)
(10 1.999592214e-43 -1.110884563e-43)
(10 5.083709019e-45 -2.824282788e-45)
(10 1.292468395e-46 -7.18037997e-47)
(10 3.285936596e-48 -1.825520331e-48)
(10 8.354076092e-50 -4.641153385e-50)
(10 2.123917651e-51 -1.17995425e-51)
(10 5.399790637e-53 -2.999883687e-53)
(10 1.372828128e-54 -7.626822934e-55)
(10 3.490241004e-56 -1.93902278e-56)
(10 8.873494077e-58 -4.929718932e-58)
(10 2.25597307e-59 -1.253318372e-59)
(10 5.735524755e-61 -3.186402642e-61)
(10 1.45818426e-62 -8.101023666e-63)
(10 3.707248118e-64 -2.059582288e-64)
(10 9.42520708e-66 -5.236226156e-66)
(10 2.396239088e-67 -1.331243938e-67)
(10 6.092133275e-69 -3.384518486e-69)
(10 1.548847443e-70 -8.604708015e-71)
(10 3.937747736e-72 -2.187637631e-72)
(10 1.001122306e-73 -5.561790587e-74)
(10 2.545226201e-75 -1.414014556e-75)
(10 6.47091407e-77 -3.594952261e-77)
(10 1.645147645e-78 -9.139709139e-79)
(10 4.182578758e-80 -2.323654866e-80)
(10 1.063367481e-81 -5.907597116e-82)
(10 2.703476647e-83 -1.50193147e-83)
(10 6.873245712e-85 -3.81846984e-85)
(10 1.74743535e-86 -9.707974169e-87)
(10 4.442632247e-88 -2.468129026e-88)
(10 1.129482775e-89 -6.274904303e-90)
(10 2.871566376e-91 -1.595314653e-91)
(10 7.300592482e-93 -4.055884712e-93)
(10 1.856082834e-94 -1.03115713e-94)
(10 4.718854663e-96 -2.621585924e-96)
(10 1.199708813e-97 -6.66504896e-98)
(10 3.050107151e-99 -1.694503973e-99)
(10 7.754509706e-101 -4.308060948e-101)
(10 1.971485518e-102 -1.095269732e-102)
(10 5.012251318e-104 -2.784584066e-104)
(10 1.274301183e-105 -7.079451014e-106)
(10 3.239748769e-107 -1.799860427e-107)
(10 8.236649413e-109 -4.575916341e-109)
(10 2.09406341e-110 -1.163368561e-110)
(10 5.323890026e-112 -2.957716681e-112)
(10 1.353531363e-113 -7.519618681e-114)
(10 3.44118143e-115 -1.911767461e-115)
(10 8.748766348e-117 -4.860425749e-117)
(10 2.224262631e-118 -1.235701462e-118)
(10 5.654904994e-120 -3.141613885e-120)
(10 1.43768771e-121 -7.987153946e-122)
(10 3.655138246e-123 -2.030632359e-123)
(10 9.292724355e-125 -5.162624642e-125)
(10 2.362557039e-126 -1.312531689e-126)
(10 6.006500948e-128 -3.336944971e-128)
(10 1.527076512e-129 -8.483758401e-130)
(10 3.882397912e-131 -2.156887729e-131)
(10 9.870503167e-133 -5.48361287e-133)
(10 2.509449958e-134 -1.394138865e-134)
(10 6.379957519e-136 -3.544420844e-136)
(10 1.622023098e-137 -9.011239434e-138)
(10 4.123787538e-139 -2.290993076e-139)
(10 1.04842056e-140 -5.824558669e-141)
(10 2.665476001e-142 -1.480820001e-142)
(10 6.776633901e-144 -3.764796612e-144)
(10 1.722873026e-145 -9.571516809e-146)
(10 4.380185659e-147 -2.433436477e-147)
(10 1.113606523e-148 -6.186702908e-149)
(10 2.831203025e-150 -1.57289057e-150)
(10 7.197973794e-152 -3.99887433e-152)
(10 1.829993337e-153 -1.016662965e-153)
(10 4.652525434e-155 -2.584736352e-155)
(10 1.182845449e-156 -6.571363607e-157)
(10 3.612929165e-16 2.167757499e-15)
)
;

boundaryField
{
    left
    {
        type            dirichlet;
        value           uniform (4 0 0);
    }
    right
    {
        type            dirichlet;
        value           uniform (4 0 0);
    }
    sides
    {
        type            empty;
    }
}


// ************************************************************************* //
