/*--------------------------------*- C++ -*----------------------------------*\
| =========                 |                                                 |
| \\      /  F ield         | foam-extend: Open Source CFD                    |
|  \\    /   O peration     | Version:     4.1                                |
|   \\  /    A nd           | Web:         http://www.foam-extend.org         |
|    \\/     M anipulation  |                                                 |
\*---------------------------------------------------------------------------*/
FoamFile
{
    version     2.0;
    format      ascii;
    class       cellScalarField;
    location    "46.6";
    object      T;
}
// * * * * * * * * * * * * * * * * * * * * * * * * * * * * * * * * * * * * * //

dimensions      [0 0 0 0 1 0 0];

internalField   nonuniform 
100
(
(4 -5.703630593e-17 1.624202108e-17)
(4 -2.265796434e-16 -1.756639227e-16)
(4 -7.820204271e-18 1.23733621e-16)
(4 -3.704391041e-16 -8.215148542e-17)
(4 -7.39898138e-18 -1.011312953e-17)
(4 -5.38996067e-16 -6.735024585e-17)
(4 3.797872391e-16 -7.3703401e-17)
(4 -3.429985358e-16 -2.101108231e-16)
(4 8.473703056e-16 1.271151853e-16)
(4 -1.35925005e-15 3.049285397e-16)
(4 3.622044001e-16 -5.002867034e-17)
(4 -2.797654944e-16 9.553973305e-17)
(4 8.202529051e-16 -1.023135231e-16)
(4 2.390248367e-16 -8.784920022e-17)
(4 9.451578188e-17 1.497567844e-16)
(4 2.943116618e-17 3.173350531e-17)
(4 -2.154780247e-16 1.512905237e-16)
(4 -1.814456902e-16 2.771059829e-16)
(4 -1.505489733e-16 -2.951946095e-17)
(4 -2.429087438e-17 1.567367957e-16)
(4 1.10337184e-16 -1.252054079e-17)
(4 -1.915103342e-16 6.012219841e-17)
(4 6.855004862e-17 -2.114510852e-16)
(4 -8.393212673e-19 2.546571523e-16)
(4 -2.248190298e-16 -1.071787198e-16)
(4 -5.185717394e-17 -7.550400654e-17)
(4 4.317862101e-17 -3.579733066e-17)
(4 -3.615004097e-17 -1.029885104e-17)
(4 -5.041844791e-16 2.327972553e-16)
(4 4.248223133e-16 1.076619904e-16)
(4 -1.15842977e-16 1.497413294e-16)
(4 -1.895534482e-16 -7.612420535e-17)
(4 2.480410342e-17 -2.200518919e-16)
(4 -4.60055707e-16 -1.243041595e-16)
(4 4.96470585e-16 -9.560612887e-17)
(4 -3.500356011e-16 1.1126999e-16)
(4 8.274972916e-16 1.746572752e-16)
(4 -1.056560722e-15 -2.064581781e-16)
(4 5.288337717e-16 1.557903967e-16)
(4 -7.834052155e-18 -5.361415295e-17)
(4 1.606388329e-16 5.261609959e-17)
(4 2.913250617e-17 2.989549376e-17)
(4 -1.337607424e-16 1.394992216e-16)
(4 -1.234973281e-16 1.091973964e-16)
(4 -3.915310194e-16 4.971959639e-17)
(4 9.152289624e-16 -7.269215226e-17)
(4 -9.713939366e-16 7.589291187e-17)
(4 8.265103423e-16 -1.428797801e-16)
(4 -9.600230134e-16 1.277190453e-16)
(4 5.778901183e-16 2.474647973e-16)
(4 -4.224245992e-16 2.079319332e-16)
(4 1.32580696e-16 -1.764515709e-16)
(4 -2.362111793e-16 -8.630714881e-18)
(4 1.358525957e-16 -1.637593019e-16)
(4 2.48964206e-16 -7.123501064e-17)
(4 -5.039757814e-18 4.659360689e-17)
(4 -2.018081906e-16 -1.39378037e-16)
(4 -3.025040502e-17 -2.069390892e-16)
(4 9.40650302e-17 6.649681925e-17)
(4 -1.389225105e-16 2.3454403e-16)
(4 1.578793064e-16 -1.051007945e-16)
(4 1.921720646e-15 2.178993882e-16)
(4 8.823321418e-15 5.106215891e-15)
(4 8.999315592e-14 3.794960315e-14)
(4 6.66501757e-13 2.703762665e-13)
(4 4.645442015e-12 1.80910582e-12)
(4 3.031793933e-11 1.130891392e-11)
(4 1.848258817e-10 6.580421246e-11)
(4.000000001 1.049388371e-09 3.552861123e-10)
(4.000000007 5.533368442e-09 1.77469761e-09)
(4.000000036 2.703237684e-08 8.18192541e-09)
(4.000000168 1.221299391e-07 3.475457935e-08)
(4.000000735 5.096602955e-07 1.358694843e-07)
(4.000002976 1.96342009e-06 4.886323965e-07)
(4.000011167 6.982697178e-06 1.616657733e-06)
(4.000038836 2.293643769e-05 4.92302075e-06)
(4.00012527 6.964726387e-05 1.380863023e-05)
(4.000375248 0.0001957334527 3.570915972e-05)
(4.001045421 0.0005098056637 8.522318266e-05)
(4.002713258 0.001232470288 0.0001878970566)
(4.006572085 0.002769927106 0.0003830555941)
(4.014885356 0.005796750768 0.0007226085808)
(4.031588198 0.01131444008 0.001261963943)
(4.062935249 0.02063077676 0.002040452094)
(4.117973941 0.03519831982 0.003053010207)
(4.208519713 0.05627630544 0.004221559864)
(4.348299287 0.08444639096 0.005380350006)
(4.551078228 0.1191030231 0.006289906261)
(4.827908852 0.1581117356 0.006685986057)
(5.18403691 0.1978325069 0.006354601842)
(5.616319686 0.2336122189 0.005208669598)
(6.112053997 0.2606814328 0.003335301095)
(6.649803916 0.2752165517 0.0009907864582)
(7.202231381 0.2752352285 -0.001459391004)
(7.74029043 0.2610336026 -0.003635289639)
(8.237711915 0.2350354485 -0.005237888769)
(8.67465413 0.2011319887 -0.006112700692)
(9.039726467 0.1637538665 -0.006264521291)
(9.330146362 0.1269704922 -0.005826517974)
(9.550332832 0.09385128772 -0.005002317678)
)
;

boundaryField
{
    left
    {
        type            dirichlet;
        value           uniform (4 0 0);
    }
    right
    {
        type            dirichlet;
        value           uniform (4 0 0);
    }
    sides
    {
        type            empty;
    }
}


// ************************************************************************* //
