/*--------------------------------*- C++ -*----------------------------------*\
| =========                 |                                                 |
| \\      /  F ield         | foam-extend: Open Source CFD                    |
|  \\    /   O peration     | Version:     4.1                                |
|   \\  /    A nd           | Web:         http://www.foam-extend.org         |
|    \\/     M anipulation  |                                                 |
\*---------------------------------------------------------------------------*/
FoamFile
{
    version     2.0;
    format      ascii;
    class       cellScalarField;
    location    "41.9";
    object      T;
}
// * * * * * * * * * * * * * * * * * * * * * * * * * * * * * * * * * * * * * //

dimensions      [0 0 0 0 1 0 0];

internalField   nonuniform 
100
(
(4 -5.703630593e-17 1.624202108e-17)
(4 -1.846179568e-16 -1.806192129e-16)
(4 1.373600758e-16 1.371067339e-16)
(4 -2.41729921e-16 -1.362970844e-16)
(4 -5.867976512e-17 -2.539081518e-17)
(4 -2.804254674e-16 1.31026328e-16)
(4 1.364498419e-16 1.864198323e-16)
(4 -5.483768048e-16 -7.76938516e-17)
(4 8.858440837e-16 9.218732553e-17)
(4 -1.172440991e-15 6.703690278e-17)
(4 2.233057927e-16 -1.226130148e-16)
(4 5.0751837e-17 8.205106732e-18)
(4 7.331594586e-16 -1.077385371e-16)
(4 -1.256784618e-16 1.358232945e-16)
(4 -8.740837636e-17 2.570770014e-16)
(4 -5.542082771e-17 -1.703376778e-16)
(4 1.150463103e-16 1.097312904e-16)
(4 -2.399415757e-16 9.797653435e-17)
(4 2.840874936e-16 8.350603587e-17)
(4 -7.925062375e-16 -2.110705966e-16)
(4 9.056111128e-16 8.207534365e-17)
(4 -9.858614312e-16 1.339786962e-16)
(4 7.495701343e-16 -2.99098088e-16)
(4 -4.731824616e-16 3.861393659e-16)
(4 4.561196517e-17 -4.396149743e-17)
(4 -1.52456519e-16 2.574079646e-16)
(4 -1.421142791e-16 -1.316287341e-16)
(4 4.573062745e-17 2.378747416e-16)
(4 -4.447197857e-16 1.39854581e-16)
(4 5.194403472e-16 1.634317317e-16)
(4 -1.239153683e-16 4.269195452e-17)
(4 -2.457816704e-17 2.206467713e-16)
(4 -1.38911869e-16 1.392602659e-17)
(4 -3.613749509e-16 3.490798054e-16)
(4 3.701731305e-16 2.174044652e-16)
(4 -3.543409143e-16 1.961873652e-16)
(4 5.698060466e-16 1.900363141e-17)
(4 -9.080698127e-16 -2.107416522e-16)
(4 5.609287349e-16 -1.171884719e-16)
(4 5.570461477e-17 -3.84180325e-17)
(4 -1.060625209e-19 2.444550046e-16)
(4 -1.710806837e-16 -1.585754776e-16)
(4 6.59056835e-17 2.990439578e-16)
(4 1.835654721e-17 -3.450775137e-16)
(4 -2.199569222e-16 7.214795688e-17)
(4 3.862311538e-16 4.325510417e-17)
(4 -7.219784271e-16 2.811152678e-16)
(4 1.852534143e-16 -2.095359959e-16)
(4 -3.28060155e-17 -2.338013946e-16)
(4 -3.523395706e-17 1.025331554e-16)
(4 3.368302913e-16 -1.791568453e-16)
(4 4.820229696e-17 1.258336705e-16)
(4 5.121859886e-17 -4.474184415e-17)
(4 1.55813907e-15 6.003517056e-16)
(4 6.254046092e-15 2.53846641e-15)
(4 6.165415038e-14 2.763274789e-14)
(4 5.109174941e-13 2.208846934e-13)
(4 3.950842223e-12 1.636880423e-12)
(4 2.846084149e-11 1.129759969e-11)
(4 1.909876813e-10 7.236471173e-11)
(4.000000001 1.189128796e-09 4.281758892e-10)
(4.000000008 6.842692545e-09 2.33053335e-09)
(4.000000046 3.625884107e-08 1.162494389e-08)
(4.000000233 1.763869704e-07 5.298172925e-08)
(4.000001088 7.859987843e-07 2.201754452e-07)
(4.000004679 3.204197744e-06 8.333754531e-07)
(4.000018474 1.19449313e-05 2.872275167e-06)
(4.000066988 4.073528435e-05 9.017653155e-06)
(4.000223325 0.0001272029583 2.581135432e-05)
(4.000685474 0.0003642257561 6.743183686e-05)
(4.001940645 0.0009579194715 0.0001609878725)
(4.005078166 0.002318418587 0.0003516588049)
(4.012310086 0.005173967226 0.0007035732249)
(4.02771123 0.0106685937 0.001290301291)
(4.058073974 0.02036688967 0.002169738613)
(4.113596288 0.03606997219 0.003344324084)
(4.207951565 0.05937712628 0.004718495267)
(4.357247665 0.09102651241 0.006075779078)
(4.577591244 0.130192781 0.007099339627)
(4.881456328 0.1740371162 0.007445961877)
(5.273668214 0.2178057382 0.006857191689)
(5.748264006 0.2556096014 0.005266060514)
(6.287485472 0.2817382977 0.002850321591)
(6.863590991 0.2920988196 1.780238477e-06)
(7.443227343 0.2852715781 -0.002781579621)
(7.993188634 0.2628078534 -0.00503852525)
(8.485924557 0.228693519 -0.006466282785)
(8.903336031 0.1882214975 -0.006978405261)
(9.238090308 0.14669981 -0.006687815977)
(9.492553711 0.1084082031 -0.005835327509)
(9.676110846 0.07604622711 -0.004700029571)
(9.801904218 0.05069571146 -0.003525016092)
(9.88389482 0.03215313287 -0.002476501499)
(9.934775849 0.01942230154 -0.001636968204)
(9.964870274 0.01118554969 -0.001021518761)
(9.981852528 0.006148015886 -0.0006034700418)
(9.991004467 0.003228225989 -0.000338277319)
(9.995719209 0.001620927472 -0.0001802864438)
(9.998043221 0.0007790099544 -9.151416578e-05)
(9.999140337 0.0003586752529 -4.431308821e-05)
)
;

boundaryField
{
    left
    {
        type            dirichlet;
        value           uniform (4 0 0);
    }
    right
    {
        type            dirichlet;
        value           uniform (4 0 0);
    }
    sides
    {
        type            empty;
    }
}


// ************************************************************************* //
