/*--------------------------------*- C++ -*----------------------------------*\
| =========                 |                                                 |
| \\      /  F ield         | foam-extend: Open Source CFD                    |
|  \\    /   O peration     | Version:     4.1                                |
|   \\  /    A nd           | Web:         http://www.foam-extend.org         |
|    \\/     M anipulation  |                                                 |
\*---------------------------------------------------------------------------*/
FoamFile
{
    version     2.0;
    format      ascii;
    class       cellScalarField;
    location    "15.8";
    object      T;
}
// * * * * * * * * * * * * * * * * * * * * * * * * * * * * * * * * * * * * * //

dimensions      [0 0 0 0 1 0 0];

internalField   nonuniform 
100
(
(4 -5.703630593e-17 1.624202108e-17)
(4 -2.067518948e-16 2.078874408e-16)
(4 -8.88660995e-17 -1.39685524e-16)
(4 -8.401468963e-17 -1.706513165e-16)
(4 2.473861605e-16 -5.850629131e-17)
(4 -2.952642928e-16 2.124288734e-16)
(4 1.138292611e-16 -3.339915031e-18)
(4 -2.545253849e-16 1.037132036e-16)
(4 5.214601314e-16 -1.345607131e-16)
(4 -1.379305118e-15 -1.381740247e-16)
(4 2.42906932e-16 -1.87711834e-16)
(4 1.62286659e-15 -6.023596262e-18)
(4 8.545269706e-16 1.840735363e-16)
(4 2.385060783e-14 1.78026493e-14)
(4 4.545254753e-13 2.770950583e-13)
(4 8.231978203e-12 5.438540466e-12)
(4 1.420140883e-10 8.354198715e-11)
(4.000000002 2.003586019e-09 1.147422148e-09)
(4.000000024 2.675210514e-08 1.474786878e-08)
(4.000000293 3.139496284e-07 1.592775288e-07)
(4.000003077 3.15886411e-06 1.501695081e-06)
(4.000028402 2.803574136e-05 1.23058408e-05)
(4.000226256 0.0002100556529 8.082263291e-05)
(4.001480057 0.001248035551 0.0004031611435)
(4.007708113 0.005731346917 0.001511517963)
(4.03184838 0.02041077976 0.004294210399)
(4.105621916 0.05720276364 0.009340526091)
(4.28607499 0.1283385699 0.01561841073)
(4.644832627 0.2342907963 0.01985603996)
(5.232832141 0.3531539931 0.0182521838)
(6.037507264 0.4452500408 0.009742317516)
(6.967461663 0.4749581928 -0.002444985211)
(7.884348646 0.4330809859 -0.01290068413)
(8.66269413 0.3406937461 -0.01783485285)
(9.236375942 0.2331889214 -0.017040989)
(9.606343646 0.1399519556 -0.01290082069)
(9.816607043 0.07418484168 -0.008147387285)
(9.922625649 0.03496630493 -0.004411253828)
(9.970351847 0.01474816851 -0.00208390493)
(9.98964809 0.005599864971 -0.0008699894234)
(9.996694646 0.001924960272 -0.0003242239003)
(9.999031273 0.0006022700223 -0.0001087706922)
(9.999738422 0.0001723777684 -3.308689916e-05)
(9.999934681 4.534902492e-05 -9.18448571e-06)
(9.999984861 1.101573409e-05 -2.339936769e-06)
(9.999996732 2.481248241e-06 -5.5001181e-07)
(9.99999934 5.203377716e-07 -1.198492465e-07)
(9.999999875 1.019775695e-07 -2.431675014e-08)
(9.999999978 1.874463223e-08 -4.612628599e-09)
(9.999999996 3.242338231e-09 -8.211064415e-10)
(9.999999999 5.294388579e-10 -1.376495165e-10)
(10 8.185615611e-11 -2.180255225e-11)
(10 1.201537983e-11 -3.273467553e-12)
(10 1.678449241e-12 -4.669159068e-13)
(10 2.224609231e-13 -6.237290073e-14)
(10 2.896808527e-14 -9.279912777e-15)
(10 -8.779828223e-16 1.105826211e-15)
(10 -4.554259533e-16 -3.313672339e-16)
(10 -8.185174002e-17 -2.498645481e-16)
(10 5.206925824e-16 -8.205883921e-17)
(10 1.293107501e-16 -4.475211807e-16)
(10 1.974993714e-16 1.240400623e-16)
(10 2.418674988e-16 -4.55304282e-16)
(10 1.97807552e-17 -3.760163598e-16)
(10 2.485780558e-17 -4.074822323e-16)
(10 2.540565568e-16 -2.489164605e-16)
(10 3.191333975e-17 3.947115155e-17)
(10 5.58250613e-18 3.977627983e-17)
(10 4.069895149e-16 1.494346333e-16)
(10 -4.8107494e-17 -4.924051248e-16)
(10 4.682045787e-17 -5.479255245e-16)
(10 1.897167424e-16 -3.264968204e-16)
(10 1.684968934e-16 -2.323928545e-16)
(10 4.888967391e-18 -2.727587433e-16)
(10 5.196684236e-16 -4.298082333e-16)
(10 -1.408640316e-17 -2.136662374e-16)
(10 3.285244406e-16 5.516272854e-16)
(10 -1.144061213e-16 3.90793217e-16)
(10 -2.196407409e-16 4.489312188e-16)
(10 -8.823172031e-17 -4.081768224e-16)
(10 5.997186042e-16 -5.075417323e-16)
(10 1.534493695e-16 2.054396308e-16)
(10 3.321748391e-16 1.1670167e-16)
(10 5.448693482e-17 3.830815596e-17)
(10 3.239830419e-16 1.942942024e-16)
(10 8.774586402e-17 -3.605341487e-16)
(10 3.895316236e-16 -2.324236566e-16)
(10 2.315024642e-16 1.516388828e-16)
(10 -1.275299424e-16 -9.570823153e-17)
(10 1.720499337e-16 -1.577262354e-16)
(10 2.037100824e-16 -4.63074114e-16)
(10 2.232295214e-16 9.727976281e-19)
(10 -2.851776304e-17 3.883270532e-16)
(10 2.936784366e-16 5.566377005e-17)
(10 -1.400272626e-16 -3.104493551e-16)
(10 4.987965336e-16 5.322993365e-17)
(10 -2.660062427e-16 4.104091595e-17)
(10 -1.376943898e-16 -3.321767985e-16)
(10 -1.37127449e-16 -6.584996699e-17)
(10 -5.518310061e-16 3.370594436e-15)
)
;

boundaryField
{
    left
    {
        type            dirichlet;
        value           uniform (4 0 0);
    }
    right
    {
        type            dirichlet;
        value           uniform (4 0 0);
    }
    sides
    {
        type            empty;
    }
}


// ************************************************************************* //
