/*--------------------------------*- C++ -*----------------------------------*\
| =========                 |                                                 |
| \\      /  F ield         | foam-extend: Open Source CFD                    |
|  \\    /   O peration     | Version:     4.1                                |
|   \\  /    A nd           | Web:         http://www.foam-extend.org         |
|    \\/     M anipulation  |                                                 |
\*---------------------------------------------------------------------------*/
FoamFile
{
    version     2.0;
    format      ascii;
    class       cellScalarField;
    location    "17.6";
    object      T;
}
// * * * * * * * * * * * * * * * * * * * * * * * * * * * * * * * * * * * * * //

dimensions      [0 0 0 0 1 0 0];

internalField   nonuniform 
100
(
(4 -5.703630593e-17 1.624202108e-17)
(4 -2.138571121e-16 1.315915415e-16)
(4 -7.17370337e-17 1.886548631e-16)
(4 -2.043206264e-16 -8.91470178e-17)
(4 1.901899268e-16 1.149359285e-16)
(4 -5.855337256e-16 2.950900051e-17)
(4 3.950735772e-16 1.115242312e-16)
(4 -6.244935935e-16 -1.180860912e-16)
(4 8.838418447e-16 -7.770496068e-17)
(4 -1.324253727e-15 -2.579886312e-16)
(4 5.811156778e-16 -1.419751948e-17)
(4 8.655758084e-16 1.932846846e-17)
(4 1.779676827e-15 -2.10156774e-16)
(4 -6.270050854e-16 1.710758687e-16)
(4 -1.590916254e-16 5.992775846e-17)
(4 2.779552621e-15 1.795209618e-15)
(4 5.530582899e-14 3.388860187e-14)
(4 9.255810307e-13 5.827773365e-13)
(4 1.545227823e-11 9.299365557e-12)
(4 2.233174685e-10 1.262222464e-10)
(4.000000003 2.903682761e-09 1.594108975e-09)
(4.000000032 3.463151192e-08 1.792196464e-08)
(4.000000349 3.618243036e-07 1.746219492e-07)
(4.000003331 3.322556689e-06 1.499226773e-06)
(4.000028026 2.670105334e-05 1.097981297e-05)
(4.000202308 0.0001799879209 6.488262797e-05)
(4.001210602 0.0009790873183 0.0003000073257)
(4.005898419 0.004238618558 0.001079839912)
(4.02338843 0.01465753808 0.003044447353)
(4.076188379 0.04094781167 0.006776814175)
(4.206683942 0.0936508872 0.01195979042)
(4.473979699 0.1776487327 0.01665234063)
(4.933024826 0.2828690173 0.01783132829)
(5.601040476 0.382182656 0.01342751998)
(6.432703537 0.4424149934 0.00426454794)
(7.3262206 0.4426483219 -0.006091201827)
(8.161202506 0.3858390645 -0.01362878766)
(8.844809351 0.2951409075 -0.01630820792)
(9.338421292 0.1994541171 -0.0147066295)
(9.654726425 0.1198276688 -0.01089288218)
(9.835646528 0.06437358976 -0.006880897644)
(9.928521244 0.03109426339 -0.003787202728)
(9.971532139 0.01357461878 -0.001842340793)
(9.989589506 0.005382499206 -0.0008005815012)
(9.996494215 0.001947489309 -0.0003134000105)
(9.998909536 0.0006458421157 -0.0001113086295)
(9.999685741 0.0001971373243 -3.608812094e-05)
(9.99991583 5.56088624e-05 -1.073927627e-05)
(9.999978984 1.455149201e-05 -2.947811552e-06)
(9.999995094 3.545134087e-06 -7.497056184e-07)
(9.999998926 8.068879516e-07 -1.773964468e-07)
(9.999999779 1.721338831e-07 -3.92035235e-08)
(9.999999957 3.45251319e-08 -8.120383398e-09)
(9.999999992 6.529688837e-09 -1.581756333e-09)
(9.999999999 1.167723877e-09 -2.906418659e-10)
(10 1.979820773e-10 -5.052246503e-11)
(10 3.19008523e-11 -8.332035826e-12)
(10 4.898449397e-12 -1.307000215e-12)
(10 7.181388238e-13 -1.961697708e-13)
(10 9.504057873e-14 -2.780424596e-14)
(10 1.392681228e-14 -3.646276593e-15)
(10 7.700530467e-16 -1.438339185e-15)
(10 5.028670782e-16 -7.699714119e-16)
(10 3.384443672e-16 -4.429812418e-16)
(10 8.049169232e-17 -6.653281877e-18)
(10 3.610420755e-16 -1.535944667e-16)
(10 4.321576241e-17 -5.232111042e-18)
(10 -2.351303757e-16 5.409202563e-17)
(10 1.150255064e-16 3.007482848e-16)
(10 -1.022752685e-16 -1.64933114e-16)
(10 -1.746888873e-16 -3.424276047e-16)
(10 -2.598244727e-16 2.704221255e-16)
(10 2.322771312e-16 5.752806762e-16)
(10 -2.736509497e-16 6.20868567e-16)
(10 2.669180205e-16 7.910805345e-17)
(10 1.253418099e-16 1.933755054e-16)
(10 -5.755853604e-17 5.025474272e-19)
(10 -1.007921107e-16 -2.384433677e-16)
(10 1.267573302e-18 -2.851534283e-17)
(10 2.235915675e-16 -7.419337392e-17)
(10 -7.690452894e-17 -1.414300768e-16)
(10 2.485986195e-17 3.030249853e-16)
(10 -2.008475287e-16 2.800057603e-16)
(10 -6.041470915e-16 6.953379823e-17)
(10 -1.741089926e-17 -2.22760073e-17)
(10 -1.248426699e-16 1.936994713e-16)
(10 -3.499061377e-16 2.462551729e-17)
(10 1.758331677e-17 8.788911598e-17)
(10 1.639693553e-16 3.616678759e-16)
(10 -1.205093744e-16 6.592234013e-16)
(10 -1.763721167e-16 1.631771651e-16)
(10 -2.821601816e-17 2.766779314e-16)
(10 8.250104929e-17 3.550679624e-16)
(10 2.084927938e-16 6.899361602e-17)
(10 -2.21819535e-17 3.214638513e-16)
(10 9.487458085e-17 -6.217371894e-18)
(10 -4.419693452e-16 -7.346776465e-17)
(10 -1.470450029e-16 1.926079086e-16)
(10 1.094987651e-16 1.71919729e-16)
(10 -1.398920676e-15 4.164789909e-15)
)
;

boundaryField
{
    left
    {
        type            dirichlet;
        value           uniform (4 0 0);
    }
    right
    {
        type            dirichlet;
        value           uniform (4 0 0);
    }
    sides
    {
        type            empty;
    }
}


// ************************************************************************* //
