/*--------------------------------*- C++ -*----------------------------------*\
| =========                 |                                                 |
| \\      /  F ield         | foam-extend: Open Source CFD                    |
|  \\    /   O peration     | Version:     4.1                                |
|   \\  /    A nd           | Web:         http://www.foam-extend.org         |
|    \\/     M anipulation  |                                                 |
\*---------------------------------------------------------------------------*/
FoamFile
{
    version     2.0;
    format      ascii;
    class       cellScalarField;
    location    "1.4";
    object      T;
}
// * * * * * * * * * * * * * * * * * * * * * * * * * * * * * * * * * * * * * //

dimensions      [0 0 0 0 1 0 0];

internalField   nonuniform 
100
(
(3.998477585 -0.007020717809 0.004686281354)
(4.230703138 0.3972040489 0.2031621584)
(6.254454997 1.53085169 0.01901241681)
(8.88885909 0.894733379 -0.172708387)
(9.842636083 0.1661002995 -0.04798150582)
(9.985892733 0.01684354427 -0.005626267012)
(9.999034719 0.001237909758 -0.0004471514318)
(9.999944602 7.449373021e-05 -2.829034253e-05)
(9.999997189 3.910476642e-06 -1.538468382e-06)
(9.99999987 1.858542935e-07 -7.508481975e-08)
(9.999999994 8.189726546e-09 -3.378301191e-09)
(10 3.400392835e-10 -1.426632745e-10)
(10 1.345459797e-11 -5.725669011e-12)
(10 5.130159232e-13 -2.20925852e-13)
(10 1.758006897e-14 -8.273335839e-15)
(10 1.496033929e-15 -5.13193473e-16)
(10 -1.16618775e-15 -2.718666167e-16)
(10 2.469871464e-16 1.530672424e-16)
(10 -8.294331427e-16 5.783964779e-16)
(10 1.355032646e-18 -9.596337477e-17)
(10 2.233679513e-16 -5.590096613e-16)
(10 1.000995204e-15 -5.07961599e-16)
(10 -1.354152891e-16 7.673712131e-17)
(10 -4.236830366e-18 2.40092405e-18)
(10 -1.325594113e-19 7.511847447e-20)
(10 -4.147340261e-21 2.350194935e-21)
(10 -1.297509772e-22 7.352618518e-23)
(10 -4.059059698e-24 2.300134471e-24)
(10 -1.269715901e-25 7.194988362e-26)
(10 -3.971437878e-27 2.250436039e-27)
(10 -1.242067382e-28 7.038165502e-29)
(10 -3.884174707e-30 2.200945561e-30)
(10 -1.21455013e-31 6.882152035e-32)
(10 -3.797636313e-33 2.151911591e-33)
(10 -1.187485341e-34 6.728965443e-35)
(10 -3.713825833e-36 2.104559122e-36)
(10 -1.161956727e-37 6.585133736e-38)
(10 -3.638110836e-39 2.062087481e-39)
(10 -1.140452785e-40 6.465368215e-41)
(10 -3.58141804e-42 2.030912665e-42)
(10 -1.127551019e-43 6.39639234e-44)
(10 -3.562136979e-45 2.021716229e-45)
(10 -1.130362439e-46 6.419323272e-47)
(10 -3.60680705e-48 2.049780079e-48)
(10 -1.158464985e-49 6.589098485e-50)
(10 -3.748891186e-51 2.134226454e-51)
(10 -1.223180303e-52 6.97017674e-53)
(10 -4.025461443e-54 2.296082478e-54)
(10 -1.336235273e-55 7.628804851e-56)
(10 -4.472224282e-57 2.55542774e-57)
(10 -1.508026626e-58 8.623128165e-59)
(10 -5.117784424e-60 2.92814313e-60)
(10 -1.745817444e-61 9.993022041e-62)
(10 -5.978253863e-63 3.422888018e-63)
(10 -2.052213239e-64 1.175160172e-64)
(10 -7.05323043e-66 4.038878722e-66)
(10 -2.424199558e-67 1.387997577e-67)
(10 -8.323860262e-69 4.764860878e-69)
(10 -2.852901567e-70 1.63261108e-70)
(10 -9.753269967e-72 5.579424445e-72)
(10 -3.324085813e-73 1.9007882e-73)
(10 -1.12892227e-74 6.452567353e-75)
(10 -3.819298838e-76 2.181968224e-76)
(10 -1.286850776e-77 7.348222281e-78)
(10 -4.317448879e-79 2.464147449e-79)
(10 -1.442236607e-80 8.22734811e-81)
(10 -4.79659511e-82 2.734894949e-82)
(10 -1.588219495e-83 9.051158015e-84)
(10 -5.235711453e-85 2.98234763e-85)
(10 -1.718484287e-86 9.7840976e-87)
(10 -5.616229171e-88 3.196075166e-88)
(10 -1.827696163e-89 1.039627672e-89)
(10 -5.923220483e-91 3.367738658e-91)
(10 -1.911808308e-92 1.086517259e-92)
(10 -6.146150879e-94 3.491503895e-94)
(10 -1.968229241e-95 1.117653708e-95)
(10 -6.279189239e-97 3.564204644e-97)
(10 -1.995854791e-98 1.132454106e-98)
(10 -6.321114784e-100 3.58527928e-100)
(10 -1.994983159e-101 1.13112632e-101)
(10 -6.274894377e-103 3.556523118e-103)
(10 -1.967139864e-104 1.11456766e-104)
(10 -6.147022172e-106 3.481708854e-106)
(10 -1.914842819e-107 1.084230497e-107)
(10 -5.946717825e-109 3.366129556e-109)
(10 -1.841337252e-110 1.041971603e-110)
(10 -5.685072566e-112 3.216114464e-112)
(10 -1.75032666e-113 9.898999033e-114)
(10 -5.3742181e-115 3.038559592e-115)
(10 -1.645720707e-116 9.302343491e-117)
(10 -5.026575027e-118 2.840504707e-118)
(10 -1.531414946e-119 8.651801403e-120)
(10 -4.65421829e-121 2.62877741e-121)
(10 -1.411111306e-122 7.968282304e-123)
(10 -4.268379281e-124 2.40971497e-124)
(10 -1.288183049e-125 7.270800579e-126)
(10 -3.879089097e-127 2.188966086e-127)
(10 -1.165583599e-128 6.5759708e-129)
(10 -3.494955725e-130 1.971368202e-130)
(10 -1.81184467e-15 4.051108786e-15)
)
;

boundaryField
{
    left
    {
        type            dirichlet;
        value           uniform (4 0 0);
    }
    right
    {
        type            dirichlet;
        value           uniform (4 0 0);
    }
    sides
    {
        type            empty;
    }
}


// ************************************************************************* //
