/*--------------------------------*- C++ -*----------------------------------*\
| =========                 |                                                 |
| \\      /  F ield         | foam-extend: Open Source CFD                    |
|  \\    /   O peration     | Version:     4.1                                |
|   \\  /    A nd           | Web:         http://www.foam-extend.org         |
|    \\/     M anipulation  |                                                 |
\*---------------------------------------------------------------------------*/
FoamFile
{
    version     2.0;
    format      ascii;
    class       cellScalarField;
    location    "35.8";
    object      T;
}
// * * * * * * * * * * * * * * * * * * * * * * * * * * * * * * * * * * * * * //

dimensions      [0 0 0 0 1 0 0];

internalField   nonuniform 
100
(
(4 -5.703630593e-17 1.624202108e-17)
(4 -1.227538225e-16 -1.618184284e-16)
(4 1.100395657e-16 -1.18062818e-16)
(4 -1.235367709e-16 -1.611355681e-16)
(4 1.892315005e-17 -5.93698103e-17)
(4 -5.515487225e-16 -5.23464601e-18)
(4 5.267238878e-16 -3.302111602e-17)
(4 -3.632869688e-16 -9.70945026e-17)
(4 9.086028464e-16 -4.052120052e-17)
(4 -1.329105998e-15 -1.137969679e-16)
(4 2.768470164e-16 4.968189706e-17)
(4 -5.368493431e-16 -1.146530006e-16)
(4 8.360921239e-16 1.869801371e-16)
(4 -4.743881182e-16 -1.054548014e-16)
(4 3.271727493e-16 -3.33203148e-16)
(4 4.799243781e-17 9.422566744e-17)
(4 -6.611623895e-17 2.674291135e-16)
(4 -2.246895743e-16 -1.717426031e-16)
(4 3.509008102e-16 4.544463446e-17)
(4 -6.438230204e-16 -3.856577219e-16)
(4 1.091230981e-15 -1.9789158e-16)
(4 -7.35643232e-16 8.014314064e-18)
(4 6.778267922e-16 2.080348282e-16)
(4 -9.345054069e-16 -2.313066594e-16)
(4 7.656526654e-16 -2.16469612e-16)
(4 -1.15713971e-15 2.383307397e-16)
(4 1.06183249e-15 -2.009023811e-16)
(4 -1.130575988e-15 3.215141989e-16)
(4 -8.632250497e-17 -7.857774026e-17)
(4 5.364179553e-16 -1.772651544e-16)
(4 1.035498821e-16 -2.478902248e-17)
(4 6.896565436e-17 2.701151575e-17)
(4 -1.760009425e-17 -1.656209657e-16)
(4 -4.010678761e-16 5.253036583e-17)
(4 8.300796083e-16 1.059820985e-16)
(4 -8.868616459e-16 -2.082745667e-16)
(4 4.790128151e-16 -4.107524061e-17)
(4 -4.110677078e-16 -1.7000996e-16)
(4 2.964751445e-16 -1.579390555e-17)
(4 1.621046922e-16 -1.513429896e-17)
(4 -2.119941288e-16 3.002748683e-16)
(4 -1.828101618e-16 -3.864753618e-17)
(4 2.593650058e-16 -8.262639685e-17)
(4 -9.146745214e-17 3.378125055e-16)
(4 5.704946439e-15 3.60737207e-15)
(4 6.718311068e-14 3.355036647e-14)
(4 6.448323652e-13 2.98522748e-13)
(4 5.651263344e-12 2.520852069e-12)
(4 4.610851788e-11 1.971470324e-11)
(4 3.488874301e-10 1.423048496e-10)
(4.000000003 2.435200963e-09 9.425423509e-10)
(4.000000018 1.559283404e-08 5.692463588e-09)
(4.000000109 9.106681402e-08 3.11508745e-08)
(4.000000608 4.825143989e-07 1.536071643e-07)
(4.000003068 2.309544685e-06 6.79781741e-07)
(4.000014035 9.959335569e-06 2.693608942e-06)
(4.000058099 3.864898579e-05 9.549264027e-06)
(4.000217669 0.0001350093179 3.030068898e-05)
(4.000738978 0.0004250852163 8.615792551e-05)
(4.002277994 0.001208803542 0.0002198804118)
(4.006392938 0.003112275302 0.0005044941946)
(4.016382726 0.007274851765 0.0010422226)
(4.038462047 0.01548175784 0.001940763517)
(4.083011083 0.03008131011 0.003258782496)
(4.165290481 0.0535134237 0.004930389053)
(4.304764593 0.08739591787 0.006703961567)
(4.522313729 0.1313743492 0.008145621295)
(4.835318234 0.1822224165 0.00874121584)
(5.251704309 0.2337744901 0.008079930216)
(5.765005146 0.2780234621 0.006044150982)
(6.352645997 0.3071810566 0.002906517403)
(6.978695578 0.3159606953 -0.0007284860175)
(7.600588619 0.3031478816 -0.00412124359)
(8.177687142 0.2718185797 -0.006641837501)
(8.678868432 0.228188111 -0.007952834598)
(9.086908161 0.1796597591 -0.008061486709)
(9.398866068 0.1328856657 -0.007244020254)
(9.623188172 0.0924855241 -0.005900513464)
(9.775138829 0.06066129515 -0.004412978886)
(9.872242718 0.03755285058 -0.003055896315)
(9.930870312 0.02197339424 -0.001970995794)
(9.96435969 0.01216982169 -0.001189385957)
(9.98248316 0.006388447845 -0.0006739114448)
(9.991787324 0.003182763527 -0.0003595944137)
(9.996324349 0.001506845274 -0.0001811565886)
(9.998428437 0.0006787816242 -8.635589004e-05)
(9.999357577 0.0002912834013 -3.902923814e-05)
(9.999748721 0.0001192171418 -1.675456726e-05)
(9.999905876 4.659063205e-05 -6.842951651e-06)
(9.999966208 1.74053251e-05 -2.6631276e-06)
(9.999988362 6.222481244e-06 -9.890256827e-07)
(9.999996152 2.131106906e-06 -3.509807708e-07)
(9.999998777 6.999349566e-07 -1.191740036e-07)
(9.999999626 2.206786139e-07 -3.876480318e-08)
(9.99999989 6.685613683e-08 -1.209380858e-08)
(9.999999969 1.94813128e-08 -3.622830552e-09)
(9.999999991 5.465105012e-09 -1.043191637e-09)
(9.999999998 1.477334333e-09 -2.890432757e-10)
(9.999999999 3.851634093e-10 -7.714021081e-11)
(10 9.693191646e-11 -1.984672944e-11)
)
;

boundaryField
{
    left
    {
        type            dirichlet;
        value           uniform (4 0 0);
    }
    right
    {
        type            dirichlet;
        value           uniform (4 0 0);
    }
    sides
    {
        type            empty;
    }
}


// ************************************************************************* //
