/*--------------------------------*- C++ -*----------------------------------*\
| =========                 |                                                 |
| \\      /  F ield         | foam-extend: Open Source CFD                    |
|  \\    /   O peration     | Version:     4.1                                |
|   \\  /    A nd           | Web:         http://www.foam-extend.org         |
|    \\/     M anipulation  |                                                 |
\*---------------------------------------------------------------------------*/
FoamFile
{
    version     2.0;
    format      ascii;
    class       cellScalarField;
    location    "19.2";
    object      T;
}
// * * * * * * * * * * * * * * * * * * * * * * * * * * * * * * * * * * * * * //

dimensions      [0 0 0 0 1 0 0];

internalField   nonuniform 
100
(
(4 -5.703630593e-17 1.624202108e-17)
(4 -1.525573039e-16 1.723084176e-18)
(4 4.404592554e-17 -1.660070075e-16)
(4 -1.870543393e-16 -1.053497868e-16)
(4 6.947751422e-17 -6.207912521e-17)
(4 -1.567470357e-16 -8.585996239e-18)
(4 3.105258994e-16 2.465840271e-16)
(4 -4.410145604e-16 -2.401883141e-16)
(4 6.581463981e-16 -1.548746511e-16)
(4 -1.446658966e-15 -2.644056623e-16)
(4 1.797216391e-16 -2.881085823e-17)
(4 1.281063375e-15 -1.264160857e-16)
(4 -3.366248358e-16 -2.830756073e-16)
(4 1.512908686e-16 1.798934797e-16)
(4 1.176045274e-16 -3.821421997e-17)
(4 2.104077771e-15 -3.914767286e-16)
(4 -6.348604967e-17 -1.914224505e-16)
(4 1.383497023e-15 6.341843073e-16)
(4 1.320036413e-14 9.822509069e-15)
(4 2.532275705e-13 1.537897813e-13)
(4 3.956621057e-12 2.351161331e-12)
(4 5.619195414e-11 3.156563712e-11)
(4.000000001 7.153191407e-10 3.871683212e-10)
(4.000000008 8.357404441e-09 4.309011714e-09)
(4.000000084 8.726886158e-08 4.220229734e-08)
(4.000000807 8.057517218e-07 3.649320099e-07)
(4.000006862 6.569477173e-06 2.747740301e-06)
(4.000051001 4.611006175e-05 1.729748121e-05)
(4.000322352 0.0002693086272 8.805643656e-05)
(4.00169741 0.001283270868 0.0003578478931)
(4.007396301 0.004971574634 0.001161802193)
(4.026769531 0.01575490008 0.003031714032)
(4.081231038 0.04125084189 0.006396959794)
(4.209103085 0.09022234895 0.01094093983)
(4.462411963 0.1666049102 0.01508939603)
(4.889852249 0.262326473 0.01641494153)
(5.509703953 0.3553725127 0.01312180208)
(6.288444422 0.4175985908 0.005562522446)
(7.142312356 0.428839467 -0.003638500253)
(7.964961167 0.387475059 -0.01111879333)
(8.665716878 0.3099742008 -0.01471870124)
(9.19654415 0.2208318114 -0.01435239808)
(9.556055261 0.1408655168 -0.01145850482)
(9.77485047 0.08086531241 -0.007814921132)
(9.895076533 0.04197741634 -0.004658462642)
(9.954994089 0.01979407073 -0.002462879344)
(9.982193911 0.0085151273 -0.001167081171)
(9.993486888 0.003355552977 -0.0004997806364)
(9.997791901 0.001216049044 -0.0001947206735)
(9.999304357 0.000406791215 -6.942425206e-05)
(9.999795809 0.0001260583658 -2.276608892e-05)
(9.999944009 3.631012607e-05 -6.898095075e-06)
(9.99998562 9.753247391e-06 -1.939282216e-06)
(9.999996532 2.450648911e-06 -5.077922594e-07)
(9.999999213 5.777049259e-07 -1.242807233e-07)
(9.999999831 1.281288e-07 -2.852510355e-08)
(9.999999966 2.680819496e-08 -6.15879416e-09)
(9.999999993 5.304893327e-09 -1.254480099e-09)
(9.999999999 9.952419829e-10 -2.417182897e-10)
(10 1.774312588e-10 -4.417167002e-11)
(10 3.01255807e-11 -7.674056534e-12)
(10 4.882522241e-12 -1.270404107e-12)
(10 7.502964495e-13 -2.007577371e-13)
(10 1.092980937e-13 -3.038662976e-14)
(10 1.854796316e-14 -3.865124607e-15)
(10 4.574046443e-15 -1.988447248e-15)
(10 -4.789190178e-16 -2.56279804e-18)
(10 -2.021632961e-16 -2.662145793e-16)
(10 -3.644566474e-16 -8.545889451e-17)
(10 7.412349106e-18 2.315390659e-16)
(10 -5.530599301e-16 -1.598184012e-16)
(10 -4.441947234e-17 -2.205323796e-16)
(10 -1.733627805e-17 1.704255139e-16)
(10 1.988199627e-16 -2.586632317e-16)
(10 -5.156702087e-17 1.633358714e-16)
(10 7.330571564e-17 9.622668737e-17)
(10 -1.251382787e-16 -2.351760844e-16)
(10 3.584907713e-16 1.200046523e-16)
(10 3.508981583e-16 7.141810965e-16)
(10 -5.067907334e-16 7.719638756e-16)
(10 -6.065533898e-16 4.692769112e-16)
(10 2.961817696e-16 3.777990089e-17)
(10 -2.986227743e-16 2.27789973e-16)
(10 -5.051623661e-16 3.027176594e-16)
(10 -6.087250547e-16 -1.238138382e-16)
(10 -6.148408884e-17 7.65197852e-17)
(10 -2.769393283e-16 2.148093689e-16)
(10 -6.64944498e-16 3.417280937e-18)
(10 2.389599824e-16 -4.562368828e-16)
(10 6.247175105e-17 1.04289061e-18)
(10 1.717786341e-16 -4.422355946e-16)
(10 -3.840928446e-16 6.846272294e-17)
(10 3.660336797e-16 5.504731536e-17)
(10 3.219441217e-16 2.347062571e-16)
(10 -4.424970406e-16 3.61344521e-16)
(10 -1.193929642e-16 2.496271747e-17)
(10 -6.279523681e-17 3.663160306e-16)
(10 -3.258864576e-16 3.91772982e-16)
(10 -1.627881851e-16 -3.497699186e-16)
(10 -6.535888254e-17 2.902670146e-15)
)
;

boundaryField
{
    left
    {
        type            dirichlet;
        value           uniform (4 0 0);
    }
    right
    {
        type            dirichlet;
        value           uniform (4 0 0);
    }
    sides
    {
        type            empty;
    }
}


// ************************************************************************* //
