/*--------------------------------*- C++ -*----------------------------------*\
| =========                 |                                                 |
| \\      /  F ield         | foam-extend: Open Source CFD                    |
|  \\    /   O peration     | Version:     4.1                                |
|   \\  /    A nd           | Web:         http://www.foam-extend.org         |
|    \\/     M anipulation  |                                                 |
\*---------------------------------------------------------------------------*/
FoamFile
{
    version     2.0;
    format      ascii;
    class       cellScalarField;
    location    "30.7";
    object      T;
}
// * * * * * * * * * * * * * * * * * * * * * * * * * * * * * * * * * * * * * //

dimensions      [0 0 0 0 1 0 0];

internalField   nonuniform 
100
(
(4 -5.703630593e-17 1.624202108e-17)
(4 -6.936232968e-18 5.886027394e-17)
(4 -9.671591452e-17 8.274803833e-17)
(4 -2.248587343e-16 -3.077751011e-17)
(4 6.584022921e-17 3.004636534e-17)
(4 -4.026192881e-16 1.144444697e-16)
(4 3.972083277e-16 2.968435409e-17)
(4 -7.087953063e-16 7.567641516e-17)
(4 8.929653522e-16 7.719880452e-17)
(4 -1.279447815e-15 2.009188304e-16)
(4 3.932923233e-16 3.025177495e-17)
(4 -2.696948423e-16 3.922657064e-18)
(4 9.44525071e-16 -1.717176158e-16)
(4 -6.201964028e-16 -7.838604744e-18)
(4 2.163269944e-16 -4.832433053e-17)
(4 -1.155590366e-16 -2.359793372e-17)
(4 -2.817034811e-17 -9.699444613e-17)
(4 -1.205754534e-17 -6.750242646e-18)
(4 8.162232821e-17 2.332395923e-17)
(4 -8.491013029e-17 6.535482564e-17)
(4 -1.572000852e-16 2.356485986e-16)
(4 -1.687900421e-16 -1.334590473e-16)
(4 8.174646411e-17 -2.189400299e-16)
(4 -4.740452717e-17 -6.073118527e-17)
(4 2.123264052e-16 -2.123865449e-16)
(4 9.39093543e-17 1.157567724e-16)
(4 -9.286320562e-18 -6.090484955e-18)
(4 -2.048105349e-16 1.267462232e-16)
(4 -3.337336887e-16 -2.99603084e-17)
(4 1.963412667e-16 1.714235343e-16)
(4 -1.181805063e-16 1.618191447e-16)
(4 1.481570298e-16 9.119661404e-17)
(4 -5.890260606e-17 3.904197371e-17)
(4 -4.393389696e-16 1.0043874e-17)
(4 8.851260624e-16 7.485822873e-17)
(4 -1.154530198e-15 3.292257666e-17)
(4 1.193626085e-14 6.531754766e-15)
(4 1.370507519e-13 7.039072193e-14)
(4 1.438851502e-12 7.062079004e-13)
(4 1.401272692e-11 6.62319327e-12)
(4 1.26561219e-10 5.726985787e-11)
(4.000000001 1.053430481e-09 4.539474843e-10)
(4.000000009 8.03147688e-09 3.276136243e-09)
(4.000000062 5.570456487e-08 2.134845449e-08)
(4.000000406 3.486169207e-07 1.244023016e-07)
(4.000002391 1.952067789e-06 6.424140691e-07)
(4.000012623 9.711624414e-06 2.920415915e-06)
(4.000059418 4.27410352e-05 1.1645636e-05)
(4.000248894 0.0001661378077 4.069794234e-05)
(4.000928075 0.0005707725468 0.0001247597087)
(4.003086869 0.001737052155 0.0003361346029)
(4.009188221 0.004698033732 0.0007977780625)
(4.024573294 0.01133411259 0.001671431581)
(4.059313253 0.02448650454 0.003095602728)
(4.129823045 0.04755959461 0.005069076925)
(4.258937262 0.08336502558 0.007325203383)
(4.473012419 0.1323610318 0.00929028797)
(4.795506875 0.1910231658 0.01021224134)
(5.238365597 0.2514206232 0.009455437022)
(5.794455133 0.3027373293 0.006830280425)
(6.434837551 0.3344787704 0.002762676848)
(7.113042591 0.3400378063 -0.001820547992)
(7.775349743 0.3189314417 -0.005845676401)
(8.373248656 0.2766793474 -0.008496809142)
(8.873406584 0.2225413939 -0.009466244945)
(9.261996522 0.1663402204 -0.008956771225)
(9.543013034 0.11579521 -0.007488435946)
(9.732569973 0.0752325463 -0.005645226713)
(9.852076308 0.04571110355 -0.003884295122)
(9.922631427 0.02602461338 -0.002459520291)
(9.961712389 0.01390941544 -0.001441808812)
(9.982058709 0.006991697524 -0.0007861744032)
(9.992032247 0.003311055164 -0.000400264035)
(9.99664319 0.001479777795 -0.0001908971445)
(9.998657005 0.0006251525725 -8.552742201e-05)
(9.999489206 0.000250049609 -3.608762769e-05)
(9.999815107 9.483908512e-05 -1.437307055e-05)
(9.999936235 3.416016936e-05 -5.414885834e-06)
(9.999979024 1.170187643e-05 -1.933401992e-06)
(9.999993411 3.817743644e-06 -6.554479619e-07)
(9.999998021 1.187869952e-06 -2.113398285e-07)
(9.999999431 3.529553439e-07 -6.491656496e-08)
(9.999999843 1.002814062e-07 -1.902521854e-08)
(9.999999959 2.72781889e-08 -5.327719916e-09)
(9.99999999 7.112687552e-09 -1.427579024e-09)
(9.999999997 1.779867611e-09 -3.66511267e-10)
(9.999999999 4.279339466e-10 -9.02739145e-11)
(10 9.896376184e-11 -2.135780574e-11)
(10 2.20396617e-11 -4.860227e-12)
(10 4.727724946e-12 -1.06515029e-12)
(10 9.804086119e-13 -2.249488233e-13)
(10 1.952333097e-13 -4.57529476e-14)
(10 3.580477477e-14 -8.690659062e-15)
(10 1.188165732e-14 -2.395859817e-15)
(10 5.457497364e-16 -1.513471814e-16)
(10 3.211342584e-16 5.514151124e-16)
(10 -1.319378064e-15 -9.783466885e-17)
(10 2.023105656e-16 -2.637610636e-16)
(10 -1.098285273e-16 -5.88932417e-16)
(10 -4.813914203e-16 3.718890828e-15)
)
;

boundaryField
{
    left
    {
        type            dirichlet;
        value           uniform (4 0 0);
    }
    right
    {
        type            dirichlet;
        value           uniform (4 0 0);
    }
    sides
    {
        type            empty;
    }
}


// ************************************************************************* //
