/*--------------------------------*- C++ -*----------------------------------*\
| =========                 |                                                 |
| \\      /  F ield         | foam-extend: Open Source CFD                    |
|  \\    /   O peration     | Version:     4.1                                |
|   \\  /    A nd           | Web:         http://www.foam-extend.org         |
|    \\/     M anipulation  |                                                 |
\*---------------------------------------------------------------------------*/
FoamFile
{
    version     2.0;
    format      ascii;
    class       cellScalarField;
    location    "49.7";
    object      T;
}
// * * * * * * * * * * * * * * * * * * * * * * * * * * * * * * * * * * * * * //

dimensions      [0 0 0 0 1 0 0];

internalField   nonuniform 
100
(
(4 -5.703630593e-17 1.624202108e-17)
(4 -2.628282306e-16 -8.691603198e-17)
(4 1.839706978e-16 2.599123336e-17)
(4 -5.101120371e-17 2.386789705e-18)
(4 -3.294725431e-16 1.515516694e-16)
(4 -3.514898194e-16 1.156153936e-16)
(4 3.796180885e-16 4.501204283e-17)
(4 -2.531390573e-16 3.843580633e-17)
(4 7.328991591e-16 -8.302696087e-17)
(4 -1.355712134e-15 1.588291656e-17)
(4 1.526537993e-16 -8.766689915e-17)
(4 4.658218362e-16 -9.419306111e-17)
(4 4.33682421e-16 -8.354486557e-18)
(4 2.734421261e-17 1.740879762e-16)
(4 -7.356851039e-17 1.205027875e-16)
(4 6.986724905e-17 1.202536159e-16)
(4 1.281798775e-16 -1.652050245e-16)
(4 -1.329401779e-16 1.625671389e-16)
(4 -2.442561015e-16 -2.534725827e-17)
(4 -2.387720278e-17 -6.658609995e-18)
(4 -3.814911174e-17 -6.315280032e-17)
(4 1.046681339e-16 1.849398856e-16)
(4 5.909268681e-17 -1.064772807e-16)
(4 -3.344973444e-17 -1.443313465e-16)
(4 3.660137726e-17 -1.936010445e-16)
(4 -8.564889722e-17 2.488147856e-16)
(4 -2.556848521e-17 -4.668401222e-19)
(4 -5.600990714e-17 -3.73252717e-17)
(4 -3.977732555e-16 6.504448653e-17)
(4 3.467140894e-16 -2.302175453e-17)
(4 -1.347855168e-16 7.289236799e-17)
(4 -8.496400338e-17 2.923441373e-16)
(4 -9.562162112e-17 -7.902093655e-17)
(4 -3.109252575e-16 2.306895735e-16)
(4 9.833285131e-17 2.510174241e-16)
(4 -4.447485774e-16 3.717871412e-17)
(4 8.156942696e-16 -1.074843447e-16)
(4 -8.377503304e-16 4.888388726e-17)
(4 3.857452276e-16 -1.790869075e-16)
(4 1.164245797e-16 9.084788051e-17)
(4 1.20552003e-16 -1.724893335e-17)
(4 -1.160025737e-17 3.390901638e-17)
(4 -3.047847703e-17 1.609451972e-16)
(4 -1.613241671e-16 -2.46982378e-17)
(4 -4.889889035e-16 -1.543466823e-16)
(4 8.946664583e-16 -2.205250211e-17)
(4 -8.698134113e-16 1.24385674e-16)
(4 8.548693024e-16 1.960298945e-16)
(4 -8.000314138e-16 -4.492938599e-17)
(4 4.378188935e-16 5.282034815e-17)
(4 6.049250464e-17 8.382355902e-17)
(4 -8.136074093e-17 3.191021694e-16)
(4 -6.249370513e-17 1.708140206e-16)
(4 -1.936878614e-16 -1.696190987e-16)
(4 -1.599156571e-16 -8.02898728e-17)
(4 9.50704419e-18 1.215202759e-16)
(4 -4.913962862e-17 -5.093255137e-17)
(4 1.219939697e-16 -7.744662182e-17)
(4 3.219144914e-18 -3.194582684e-17)
(4 -1.762978112e-16 1.460670193e-16)
(4 -5.045656376e-17 -8.276242454e-17)
(4 -1.906999851e-16 -2.912474276e-17)
(4 9.709748476e-17 4.033939753e-17)
(4 -6.56148413e-17 4.121818412e-17)
(4 -4.063868458e-17 1.092986011e-16)
(4 -1.219035144e-17 -3.565388078e-17)
(4 9.219022728e-16 8.619483449e-16)
(4 7.530091146e-15 3.598567034e-15)
(4 6.091757302e-14 2.513116919e-14)
(4 4.305211725e-13 1.702962212e-13)
(4 2.873729425e-12 1.090280976e-12)
(4 1.803399372e-11 6.558867256e-12)
(4 1.059471321e-10 3.682560744e-11)
(4.000000001 5.816204688e-10 1.925736539e-10)
(4.000000004 2.976779094e-09 9.357394126e-10)
(4.000000019 1.41769959e-08 4.216980459e-09)
(4.000000087 6.273700989e-08 1.760114574e-08)
(4.000000375 2.577279037e-07 6.798403629e-08)
(4.0000015 9.824556715e-07 2.429106029e-07)
(4.000005584 3.475315605e-06 8.029502193e-07)
(4.000019349 1.141278758e-05 2.45644483e-06)
(4.000062475 3.482005239e-05 6.959546893e-06)
(4.000188166 9.87954179e-05 1.827506219e-05)
(4.000529303 0.0002609878388 4.451691818e-05)
(4.001392561 0.0006427455651 0.0001006862964)
(4.003431966 0.001477699303 0.0002116237507)
(4.007936044 0.003175941902 0.0004136462315)
(4.017248143 0.006390238226 0.0007523316428)
(4.035296221 0.01205415901 0.001273615296)
(4.06813254 0.02134727087 0.002006736342)
(4.12429001 0.03554121904 0.002941121189)
(4.214689818 0.05570468415 0.004004229635)
(4.351840369 0.08229809067 0.005051324384)
(4.548196897 0.114756954 0.005877898916)
(4.813805689 0.151215047 0.006259156617)
(5.153668904 0.1885194974 0.006009707003)
(5.56550994 0.2226202205 0.005045332032)
(6.038663531 0.2492904107 0.003423541986)
(6.554592308 0.2650019544 0.001344717342)
(7.089089897 0.267701034 -0.000890212652)
)
;

boundaryField
{
    left
    {
        type            dirichlet;
        value           uniform (4 0 0);
    }
    right
    {
        type            dirichlet;
        value           uniform (4 0 0);
    }
    sides
    {
        type            empty;
    }
}


// ************************************************************************* //
