/*--------------------------------*- C++ -*----------------------------------*\
| =========                 |                                                 |
| \\      /  F ield         | foam-extend: Open Source CFD                    |
|  \\    /   O peration     | Version:     4.1                                |
|   \\  /    A nd           | Web:         http://www.foam-extend.org         |
|    \\/     M anipulation  |                                                 |
\*---------------------------------------------------------------------------*/
FoamFile
{
    version     2.0;
    format      ascii;
    class       cellScalarField;
    location    "11.7";
    object      T;
}
// * * * * * * * * * * * * * * * * * * * * * * * * * * * * * * * * * * * * * //

dimensions      [0 0 0 0 1 0 0];

internalField   nonuniform 
100
(
(4 -5.703630593e-17 1.624202108e-17)
(4 -1.057410068e-16 -1.015134737e-16)
(4 6.033260041e-17 -1.26710479e-16)
(4 1.518973982e-16 -1.39845761e-16)
(4 -6.491566045e-17 2.515083038e-16)
(4 -3.423670059e-16 1.980298589e-16)
(4 1.64107374e-16 -5.567753277e-16)
(4 1.011527088e-14 3.157551586e-14)
(4 9.200497095e-13 3.235556149e-13)
(4 9.285974709e-12 9.543428133e-12)
(4 3.778307953e-10 2.433336502e-10)
(4.000000005 5.679106755e-09 3.31986892e-09)
(4.000000081 9.52084661e-08 6.139225935e-08)
(4.000001264 1.436879454e-06 7.73645469e-07)
(4.000015243 1.613213917e-05 8.24787118e-06)
(4.000160958 0.0001674218286 8.094607359e-05)
(4.001467045 0.001430183662 0.0005734373405)
(4.010146093 0.008639172781 0.002679477475)
(4.050841122 0.03615952218 0.008365421421)
(4.187491045 0.1079486596 0.01787468581)
(4.52601507 0.2379615774 0.02624795958)
(5.162811503 0.3993148813 0.0251951069)
(6.09529418 0.5232215004 0.01160643238)
(7.180891947 0.5468682985 -0.007493959942)
(8.20404569 0.464339719 -0.02111484733)
(8.997135719 0.3254470081 -0.02401666723)
(9.509915495 0.1909870013 -0.0189422298)
(9.79001229 0.09506391786 -0.01160010334)
(9.920792287 0.04061258088 -0.005793230315)
(9.973556933 0.01505542405 -0.002428607114)
(9.992139405 0.004892438766 -0.0008720429321)
(9.997906052 0.001406886368 -0.00027242251)
(9.999496918 0.0003611638655 -7.499785842e-05)
(9.999890296 8.344415304e-05 -1.83956506e-05)
(9.999978154 1.748258484e-05 -4.058798969e-06)
(9.999996004 3.344681401e-06 -8.124097535e-07)
(9.999999325 5.880671905e-07 -1.486392276e-07)
(9.999999894 9.558331896e-08 -2.502781181e-08)
(9.999999985 1.444011833e-08 -3.902139664e-09)
(9.999999998 2.037741064e-09 -5.664709938e-10)
(10 2.698319642e-10 -7.695176776e-11)
(10 3.366885894e-11 -9.827007387e-12)
(10 3.976123131e-12 -1.185024761e-12)
(10 4.431960599e-13 -1.355921038e-13)
(10 4.722192177e-14 -1.479666082e-14)
(10 2.675489976e-15 -1.992271682e-15)
(10 -3.367078679e-16 -3.180993332e-16)
(10 4.715441747e-16 2.027545536e-16)
(10 -1.63628759e-16 -1.996114596e-16)
(10 2.419907953e-16 -1.495434755e-16)
(10 2.380812187e-16 1.598891946e-16)
(10 -2.700106153e-16 1.082181757e-16)
(10 1.018948702e-16 -4.449053367e-16)
(10 3.31419471e-17 -1.826852584e-16)
(10 -1.140822357e-16 1.716819983e-16)
(10 6.847939785e-16 -5.436733313e-16)
(10 -2.718966918e-17 -2.703754183e-16)
(10 4.945703942e-16 -8.88172492e-16)
(10 4.187110735e-16 -2.285407085e-16)
(10 2.250657255e-17 -1.520714478e-16)
(10 1.320807383e-16 -3.806103756e-16)
(10 1.056428513e-16 -3.977812553e-16)
(10 1.872441806e-16 8.200643479e-17)
(10 -2.333043414e-16 -2.604477734e-16)
(10 7.180428485e-18 -3.939769797e-17)
(10 3.413292967e-16 -3.797765719e-16)
(10 4.063014055e-17 -4.925021341e-16)
(10 -1.964236667e-16 1.836831682e-16)
(10 1.386223899e-16 4.972519147e-16)
(10 -3.970091066e-16 -4.110569617e-16)
(10 2.488664741e-16 8.840575677e-17)
(10 2.358077784e-16 -1.235144596e-16)
(10 -1.885337911e-16 9.550960118e-17)
(10 1.874167704e-17 3.569106556e-16)
(10 -2.01785861e-16 1.465376844e-16)
(10 4.20759309e-17 -5.311494288e-16)
(10 1.377009387e-17 -4.877335644e-16)
(10 4.86313198e-16 -2.560146439e-16)
(10 1.408903437e-16 -2.825632211e-16)
(10 3.072420549e-16 -7.610801879e-17)
(10 4.560823547e-16 -1.635716901e-16)
(10 1.859937943e-16 4.392516695e-17)
(10 -1.726747358e-18 5.177572766e-16)
(10 -1.847901335e-16 5.916341099e-16)
(10 2.281362688e-16 4.674254431e-18)
(10 -4.313342519e-16 -4.953256608e-16)
(10 4.445512537e-16 5.818162192e-17)
(10 2.262883363e-16 1.959639721e-16)
(10 4.007096406e-16 -1.731680511e-16)
(10 -1.471222171e-16 -3.932331512e-16)
(10 1.615526373e-16 2.36635451e-16)
(10 2.270862824e-16 3.746005056e-16)
(10 1.828714758e-16 3.196643839e-16)
(10 -1.827562711e-16 -2.76714782e-16)
(10 1.565927748e-16 6.160380722e-17)
(10 -3.119270162e-16 2.379022785e-16)
(10 4.593988443e-16 3.832337925e-16)
(10 -3.817954542e-16 -3.411569147e-16)
(10 -3.764792687e-17 1.25218338e-16)
(10 -1.543334579e-15 4.228343617e-15)
)
;

boundaryField
{
    left
    {
        type            dirichlet;
        value           uniform (4 0 0);
    }
    right
    {
        type            dirichlet;
        value           uniform (4 0 0);
    }
    sides
    {
        type            empty;
    }
}


// ************************************************************************* //
