/*--------------------------------*- C++ -*----------------------------------*\
| =========                 |                                                 |
| \\      /  F ield         | foam-extend: Open Source CFD                    |
|  \\    /   O peration     | Version:     4.1                                |
|   \\  /    A nd           | Web:         http://www.foam-extend.org         |
|    \\/     M anipulation  |                                                 |
\*---------------------------------------------------------------------------*/
FoamFile
{
    version     2.0;
    format      ascii;
    class       cellScalarField;
    location    "35.9";
    object      T;
}
// * * * * * * * * * * * * * * * * * * * * * * * * * * * * * * * * * * * * * //

dimensions      [0 0 0 0 1 0 0];

internalField   nonuniform 
100
(
(4 -5.703630593e-17 1.624202108e-17)
(4 -2.302042179e-16 -7.623007187e-17)
(4 -1.393921045e-17 -2.740690075e-17)
(4 -2.197257871e-16 -8.201088449e-17)
(4 4.569003623e-17 -8.351737825e-17)
(4 -5.589082978e-16 -1.324735886e-17)
(4 5.346700964e-16 -5.187780621e-17)
(4 -2.626546577e-16 -9.113279688e-17)
(4 9.335724646e-16 -7.210128253e-18)
(4 -1.455622831e-15 -2.277154359e-16)
(4 3.452512637e-16 3.401433116e-17)
(4 -6.020079487e-16 2.916813265e-17)
(4 1.144158359e-15 -4.946438082e-17)
(4 -5.231453228e-16 -3.770680205e-16)
(4 4.405700363e-16 -2.944724505e-17)
(4 1.341949321e-16 1.044064141e-16)
(4 -1.617230287e-16 -7.113341916e-17)
(4 -3.110948714e-20 -3.453872711e-17)
(4 2.887533096e-16 1.420343931e-16)
(4 -4.050140459e-16 -4.124424578e-16)
(4 8.632686758e-16 -1.230892277e-16)
(4 -7.948581186e-16 -6.904829986e-17)
(4 8.36810179e-16 1.215368974e-16)
(4 -1.005001011e-15 9.976409446e-17)
(4 8.273838268e-16 -1.936181204e-16)
(4 -1.125148655e-15 -4.679441015e-17)
(4 1.090294001e-15 -1.378640633e-16)
(4 -1.076726865e-15 6.673112129e-17)
(4 2.759023926e-16 -2.059335851e-16)
(4 2.228765827e-16 8.78163508e-17)
(4 3.668805348e-17 -8.640859402e-17)
(4 1.379105204e-16 3.602690341e-17)
(4 -9.320244159e-17 -4.057474364e-17)
(4 -3.676526339e-16 1.247204509e-16)
(4 7.888611318e-16 1.812747464e-16)
(4 -7.833270201e-16 -2.358006268e-16)
(4 4.342238174e-16 -5.982545365e-17)
(4 -3.873589201e-16 -2.413323432e-17)
(4 2.620013634e-16 1.477223685e-17)
(4 1.088564692e-16 -4.856829338e-17)
(4 6.854073877e-17 1.267392709e-16)
(4 -4.236714419e-17 6.494432527e-17)
(4 -1.495093844e-17 3.829115097e-17)
(4 -1.253472942e-16 -2.566565256e-17)
(4 3.631543306e-15 2.32176686e-15)
(4 4.650109034e-14 2.264153979e-14)
(4 4.473075551e-13 2.093466275e-13)
(4 3.964377064e-12 1.777672844e-12)
(4 3.265536743e-11 1.40455326e-11)
(4 2.497011362e-10 1.025383751e-10)
(4.000000002 1.763000599e-09 6.876253605e-10)
(4.000000013 1.143084724e-08 4.209702851e-09)
(4.000000081 6.767393137e-08 2.337967074e-08)
(4.000000455 3.638503739e-07 1.171268463e-07)
(4.00000233 1.768717351e-06 5.270535437e-07)
(4.000010821 7.750870502e-06 2.124794685e-06)
(4.000045491 3.05783623e-05 7.666767727e-06)
(4.000173118 0.0001086118877 2.476546868e-05)
(4.000596993 0.0003477296879 7.169460205e-05)
(4.001869115 0.001005403718 0.0001862933726)
(4.005326451 0.002631579853 0.0004352177586)
(4.013856524 0.006252175194 0.000915561184)
(4.0330129 0.01352068678 0.001736405094)
(4.072277535 0.0266897179 0.002970478728)
(4.145930595 0.04822520198 0.004581363968)
(4.272704512 0.07997649784 0.006356553872)
(4.473443431 0.1220504966 0.007895125242)
(4.766577441 0.1718261058 0.008689466772)
(5.162271455 0.2236900567 0.008295773061)
(5.657142659 0.2698984492 0.006528613073)
(6.231790041 0.3024775735 0.003581885281)
(6.852634326 0.3155187286 2.708379915e-06)
(7.47793974 0.306942018 -0.003481601409)
(8.066172988 0.2790035152 -0.006205576669)
(8.583947244 0.2373961305 -0.007766511209)
(9.011135205 0.1894109011 -0.008104463366)
(9.342045503 0.1419486032 -0.007449638716)
(9.583098464 0.1000811974 -0.006186656344)
(9.74848452 0.06648818521 -0.004708154108)
(9.855518047 0.04168303487 -0.003313178934)
(9.920952165 0.0246960677 -0.002169594964)
(9.958793041 0.01384715796 -0.001328315469)
(9.979522172 0.007357832395 -0.00076318412)
(9.990292705 0.003709966987 -0.0004127556155)
(9.995607494 0.001777375169 -0.0002106799156)
(9.998101338 0.0008100642819 -0.0001017201065)
(9.999215411 0.0003516566009 -4.655041249e-05)
(9.999689796 0.0001455762383 -2.022879823e-05)
(9.999882559 5.753533965e-05 -8.361376993e-06)
(9.999957388 2.173393954e-05 -3.292495003e-06)
(9.99998517 7.855548004e-06 -1.236934539e-06)
(9.999995045 2.719640106e-06 -4.439564792e-07)
(9.99999841 9.028057773e-07 -1.524306792e-07)
(9.999999509 2.876503374e-07 -5.012811479e-08)
(9.999999854 8.805456697e-08 -1.5808175e-08)
(9.999999958 2.592228203e-08 -4.785926213e-09)
(9.999999988 7.34576139e-09 -1.392539466e-09)
(9.999999997 2.005577848e-09 -3.898163021e-10)
(9.999999999 5.280429657e-10 -1.050907545e-10)
(10 1.341818955e-10 -2.73075124e-11)
)
;

boundaryField
{
    left
    {
        type            dirichlet;
        value           uniform (4 0 0);
    }
    right
    {
        type            dirichlet;
        value           uniform (4 0 0);
    }
    sides
    {
        type            empty;
    }
}


// ************************************************************************* //
