/*--------------------------------*- C++ -*----------------------------------*\
| =========                 |                                                 |
| \\      /  F ield         | foam-extend: Open Source CFD                    |
|  \\    /   O peration     | Version:     4.1                                |
|   \\  /    A nd           | Web:         http://www.foam-extend.org         |
|    \\/     M anipulation  |                                                 |
\*---------------------------------------------------------------------------*/
FoamFile
{
    version     2.0;
    format      ascii;
    class       cellScalarField;
    location    "11.5";
    object      T;
}
// * * * * * * * * * * * * * * * * * * * * * * * * * * * * * * * * * * * * * //

dimensions      [0 0 0 0 1 0 0];

internalField   nonuniform 
100
(
(4 -5.703630593e-17 1.624202108e-17)
(4 -1.983196068e-16 1.160041541e-16)
(4 -1.048656389e-16 -8.379457196e-17)
(4 -2.069632559e-17 -1.438704951e-17)
(4 6.814864206e-17 1.302311962e-16)
(4 -3.708020354e-16 3.609625823e-16)
(4 -9.282137505e-16 -1.563826253e-15)
(4 7.847966749e-14 9.247482379e-14)
(4 1.678970347e-12 4.726537096e-13)
(4 2.904193576e-11 3.009388085e-11)
(4.000000001 9.307958702e-10 5.310073667e-10)
(4.000000012 1.296257275e-08 8.20076912e-09)
(4.000000195 2.325955429e-07 1.441556643e-07)
(4.000002876 3.192846356e-06 1.667392616e-06)
(4.000033095 3.483097865e-05 1.784373607e-05)
(4.000342107 0.0003533530518 0.0001645633451)
(4.002930733 0.00277002563 0.001036061518)
(4.018487664 0.01498121961 0.004258773114)
(4.084071891 0.05613278025 0.01170289954)
(4.282751976 0.150865924 0.02194666595)
(4.729062103 0.3011942197 0.02782618514)
(5.494003444 0.4601082035 0.02158757465)
(6.518812535 0.551218392 0.004085915971)
(7.614263261 0.528737104 -0.0144359893)
(8.565206172 0.4133885058 -0.02400587225)
(9.246095261 0.2676099083 -0.02288520659)
(9.653856489 0.1454763581 -0.01601966778)
(9.860703025 0.06726696112 -0.008896250849)
(9.950626726 0.02677042935 -0.004075157822)
(9.984494822 0.00927032947 -0.001578682363)
(9.995657952 0.00282177147 -0.0005267545408)
(9.998908494 0.0007621153477 -0.0001536106898)
(9.999752066 0.0001842384184 -3.963141538e-05)
(9.999948783 4.018890189e-05 -9.141949466e-06)
(9.999990319 7.96957191e-06 -1.902996681e-06)
(9.999998316 1.446596213e-06 -3.604176769e-07)
(9.999999729 2.41870059e-07 -6.25654179e-08)
(9.999999959 3.746725826e-08 -1.002050818e-08)
(9.999999994 5.405785432e-09 -1.489552061e-09)
(9.999999999 7.299775759e-10 -2.066182643e-10)
(10 9.267163954e-11 -2.687509592e-11)
(10 1.110518541e-11 -3.292440984e-12)
(10 1.262295683e-12 -3.833003242e-13)
(10 1.332921385e-13 -4.123305141e-14)
(10 1.29363284e-14 -4.417279314e-15)
(10 4.726838686e-16 -7.826455285e-16)
(10 -7.655804025e-17 -6.137240303e-16)
(10 2.444983449e-16 -1.783792946e-18)
(10 -2.684549595e-17 -1.247648192e-16)
(10 1.668618471e-17 3.140813436e-16)
(10 -4.983582651e-17 6.286768938e-16)
(10 -1.567787526e-16 1.384829305e-16)
(10 -3.418416545e-17 -1.927736052e-16)
(10 3.781918068e-16 -3.257651078e-16)
(10 5.010599723e-16 3.433733822e-16)
(10 1.095054631e-16 -2.495359411e-16)
(10 5.820441662e-16 6.021107353e-17)
(10 2.282850861e-16 -3.06710177e-16)
(10 2.097355434e-16 4.990197537e-16)
(10 -2.370425646e-16 5.804156051e-16)
(10 5.541476679e-17 -6.71419365e-16)
(10 3.073679975e-16 -1.943242703e-16)
(10 3.124190799e-16 9.835552578e-17)
(10 -2.788359452e-16 5.13131012e-16)
(10 -1.325785101e-16 9.986985099e-17)
(10 8.301291749e-17 -2.153779448e-16)
(10 5.778749003e-16 -4.292631e-17)
(10 -2.09127816e-16 2.645448571e-16)
(10 7.996597172e-17 2.338801651e-16)
(10 -1.743308961e-16 -1.546941851e-16)
(10 -3.545180967e-16 3.172500416e-16)
(10 1.217607463e-16 2.488213789e-16)
(10 -4.381061864e-16 -4.413222136e-17)
(10 1.269336346e-16 9.690764041e-17)
(10 -2.848086017e-16 2.021928695e-17)
(10 2.206019591e-16 -2.259661656e-16)
(10 4.115497526e-16 -5.840202475e-16)
(10 1.218344999e-16 -1.490959882e-16)
(10 4.128580057e-16 -3.547771414e-17)
(10 2.673819577e-17 -1.114489876e-17)
(10 1.946605663e-16 -1.774241201e-16)
(10 -1.858246676e-17 5.079030928e-16)
(10 -3.509438243e-16 1.252888812e-16)
(10 1.143070782e-16 1.895512289e-16)
(10 2.836042145e-16 -6.411173076e-16)
(10 -1.2713169e-16 -2.440031389e-16)
(10 2.362468005e-16 6.275088449e-16)
(10 4.156863455e-16 2.570336815e-16)
(10 4.378442043e-16 4.994906125e-17)
(10 -2.84614644e-16 -7.123653151e-16)
(10 5.034378614e-16 1.667947301e-16)
(10 -4.18541704e-16 5.851169445e-16)
(10 2.905719453e-17 6.169572558e-16)
(10 1.604203903e-16 -4.290983995e-16)
(10 -3.565444165e-16 2.861276914e-16)
(10 -2.938351545e-17 1.146999023e-16)
(10 2.288537361e-16 1.038496599e-16)
(10 -1.290548358e-16 -1.567161856e-16)
(10 9.225547441e-17 -4.501204844e-16)
(10 -1.72523333e-15 3.685487597e-15)
)
;

boundaryField
{
    left
    {
        type            dirichlet;
        value           uniform (4 0 0);
    }
    right
    {
        type            dirichlet;
        value           uniform (4 0 0);
    }
    sides
    {
        type            empty;
    }
}


// ************************************************************************* //
