/*--------------------------------*- C++ -*----------------------------------*\
| =========                 |                                                 |
| \\      /  F ield         | foam-extend: Open Source CFD                    |
|  \\    /   O peration     | Version:     4.1                                |
|   \\  /    A nd           | Web:         http://www.foam-extend.org         |
|    \\/     M anipulation  |                                                 |
\*---------------------------------------------------------------------------*/
FoamFile
{
    version     2.0;
    format      ascii;
    class       cellScalarField;
    location    "10.7";
    object      T;
}
// * * * * * * * * * * * * * * * * * * * * * * * * * * * * * * * * * * * * * //

dimensions      [0 0 0 0 1 0 0];

internalField   nonuniform 
100
(
(4 -5.703630593e-17 1.624202108e-17)
(4 -1.921348176e-17 -5.66072299e-17)
(4 -1.036264531e-16 1.412719373e-16)
(4 -2.180175379e-16 -1.516742906e-16)
(4 2.177769541e-16 1.181898434e-16)
(4 -4.185791206e-15 -3.606485857e-15)
(4 1.554193956e-13 1.780697524e-13)
(4 2.443075983e-12 2.443678482e-13)
(4 5.176438837e-11 6.132203165e-11)
(4.000000001 1.794997095e-09 9.473755813e-10)
(4.000000022 2.381950413e-08 1.616891856e-08)
(4.000000393 4.785831135e-07 2.974141332e-07)
(4.00000586 6.462000365e-06 3.347284839e-06)
(4.00006742 7.131366616e-05 3.736616911e-05)
(4.000711504 0.0007401832404 0.0003419617117)
(4.005998948 0.005593685343 0.002000740517)
(4.035807114 0.02798662147 0.007371676198)
(4.150826665 0.09498249724 0.01768545803)
(4.465223034 0.2283789078 0.0280420484)
(5.096312058 0.4043751381 0.02817413485)
(6.055674009 0.5441900861 0.01324637726)
(7.188797905 0.5712342787 -0.008526288393)
(8.25136167 0.4780206801 -0.02357600493)
(9.057316589 0.3249635359 -0.02589690596)
(9.560002977 0.1824840789 -0.0194659678)
(9.821676303 0.08593144167 -0.01123525973)
(9.936913372 0.03440198847 -0.005239514094)
(9.980388265 0.01185798283 -0.002035518353)
(9.994603395 0.003560447865 -0.0006732150197)
(9.99867557 0.0009413452779 -0.0001927911765)
(9.999707923 0.0002213419187 -4.847957467e-05)
(9.999941698 4.671136534e-05 -1.083342455e-05)
(9.999989393 8.922164559e-06 -2.173874836e-06)
(9.99999823 1.554318401e-06 -3.953244594e-07)
(9.999999727 2.486984739e-07 -6.568453571e-08)
(9.999999961 3.678234018e-08 -1.004429685e-08)
(9.999999995 5.057754299e-09 -1.422809715e-09)
(9.999999999 6.500109724e-10 -1.877933047e-10)
(10 7.84521094e-11 -2.321501904e-11)
(10 8.935005059e-12 -2.701678959e-12)
(10 9.632575622e-13 -2.972569849e-13)
(10 9.531577998e-14 -3.112943504e-14)
(10 7.72182041e-15 -2.873146764e-15)
(10 -5.105562618e-16 2.363982911e-16)
(10 -5.281377108e-17 1.181071984e-16)
(10 -1.967078274e-16 6.607283776e-16)
(10 -6.820961388e-16 6.319182838e-16)
(10 -2.558589092e-16 4.823781503e-16)
(10 -3.542991361e-18 4.037342984e-16)
(10 -4.846489388e-17 -7.862843411e-17)
(10 3.729592793e-16 -4.277208868e-16)
(10 -6.188788411e-16 -6.47938131e-17)
(10 1.441032616e-16 -7.583952458e-17)
(10 -6.12344723e-18 1.512121728e-16)
(10 1.48347349e-16 2.135111549e-16)
(10 -1.200156789e-16 3.676538067e-16)
(10 -3.553876165e-16 4.054932194e-16)
(10 -2.417048398e-16 7.16409322e-17)
(10 4.745649288e-16 9.960591335e-17)
(10 2.456437588e-16 2.210031678e-16)
(10 -1.971457928e-16 1.123178896e-16)
(10 -1.361801413e-16 2.418577088e-16)
(10 -6.234406814e-17 -6.520854931e-16)
(10 2.506201808e-16 -3.83048754e-16)
(10 -2.827459278e-16 2.331730125e-17)
(10 2.519397914e-16 -4.497887221e-16)
(10 1.07242671e-16 1.005936667e-16)
(10 2.424026284e-17 -4.067846454e-16)
(10 -1.69088065e-16 -1.739799742e-16)
(10 1.959783367e-16 -1.88116462e-16)
(10 4.136653619e-16 -3.576416538e-17)
(10 2.665294375e-17 -1.112440634e-17)
(10 1.946814508e-16 -1.774229079e-16)
(10 -1.85926119e-17 5.079040284e-16)
(10 -3.509404985e-16 1.252874898e-16)
(10 1.143072731e-16 1.895523028e-16)
(10 2.836029148e-16 -6.411176711e-16)
(10 -1.271307591e-16 -2.440032669e-16)
(10 2.362465688e-16 6.275090709e-16)
(10 4.156861973e-16 2.570335498e-16)
(10 4.378444e-16 4.994911144e-17)
(10 -2.84614776e-16 -7.123653395e-16)
(10 5.03437944e-16 1.667947481e-16)
(10 -4.185417594e-16 5.85116935e-16)
(10 2.90572283e-17 6.169572579e-16)
(10 1.604203739e-16 -4.290983989e-16)
(10 -3.565444101e-16 2.861276906e-16)
(10 -2.938351744e-17 1.146999031e-16)
(10 2.288537362e-16 1.038496593e-16)
(10 -1.290548351e-16 -1.567161852e-16)
(10 9.225547362e-17 -4.501204846e-16)
(10 -1.68460357e-16 2.017738867e-16)
(10 -3.94504843e-16 -5.395500869e-16)
(10 1.416077706e-16 -1.838653843e-16)
(10 5.067129336e-16 4.735176635e-17)
(10 -2.603288151e-16 7.48973434e-16)
(10 -2.192187726e-16 5.69266038e-17)
(10 -1.854297256e-16 6.769899063e-17)
(10 -3.414641057e-16 4.102568964e-16)
(10 -1.158181993e-15 3.244348101e-15)
)
;

boundaryField
{
    left
    {
        type            dirichlet;
        value           uniform (4 0 0);
    }
    right
    {
        type            dirichlet;
        value           uniform (4 0 0);
    }
    sides
    {
        type            empty;
    }
}


// ************************************************************************* //
