/*--------------------------------*- C++ -*----------------------------------*\
| =========                 |                                                 |
| \\      /  F ield         | foam-extend: Open Source CFD                    |
|  \\    /   O peration     | Version:     4.1                                |
|   \\  /    A nd           | Web:         http://www.foam-extend.org         |
|    \\/     M anipulation  |                                                 |
\*---------------------------------------------------------------------------*/
FoamFile
{
    version     2.0;
    format      ascii;
    class       cellScalarField;
    location    "13.4";
    object      T;
}
// * * * * * * * * * * * * * * * * * * * * * * * * * * * * * * * * * * * * * //

dimensions      [0 0 0 0 1 0 0];

internalField   nonuniform 
100
(
(4 -5.703630593e-17 1.624202108e-17)
(4 -2.278103791e-16 9.208935972e-17)
(4 6.759956416e-17 2.775201488e-17)
(4 -9.911756692e-17 3.686112051e-17)
(4 -2.39173491e-17 -1.055726288e-16)
(4 -6.935601424e-16 9.367371016e-17)
(4 5.293451661e-16 7.169071776e-17)
(4 -4.023861627e-16 1.114221646e-16)
(4 6.117263448e-16 2.304038454e-16)
(4 -1.212092986e-16 4.329746377e-15)
(4 1.779502912e-13 1.03702719e-13)
(4 2.411455781e-12 1.6142637e-12)
(4 5.991968715e-11 4.200512292e-11)
(4.000000001 1.05952646e-09 6.08603191e-10)
(4.000000014 1.549511003e-08 9.435567764e-09)
(4.0000002 2.272493778e-07 1.265136825e-07)
(4.000002488 2.662771396e-06 1.346831125e-06)
(4.000026182 2.697993187e-05 1.300380098e-05)
(4.000242844 0.0002401217153 0.0001030037279)
(4.001851347 0.001670649399 0.0005910776908)
(4.010842835 0.008533448586 0.002388757787)
(4.048128428 0.03201589016 0.006885820578)
(4.164522035 0.09021070207 0.01438068585)
(4.444138211 0.1957418433 0.02181233038)
(4.972333164 0.3345842123 0.02329869828)
(5.772045871 0.45944774 0.01507812875)
(6.758804238 0.5154640235 4.219219715e-05)
(7.765593132 0.4794717154 -0.01402485894)
(8.62598934 0.3745927163 -0.02086279163)
(9.249001442 0.2486788585 -0.01980712806)
(9.635263828 0.1417739896 -0.01438039351)
(9.842297345 0.07009035617 -0.008501867146)
(9.939092746 0.03032093001 -0.004228648967)
(9.978899148 0.01157453219 -0.001806845083)
(9.993411568 0.003929707482 -0.0006734757472)
(9.998136738 0.001195410925 -0.0002216591003)
(9.999520302 0.0003280787837 -6.507720072e-05)
(9.999887011 8.176294746e-05 -1.719375574e-05)
(9.999975532 1.861591245e-05 -4.119869507e-06)
(9.999995105 3.894211967e-06 -9.01541108e-07)
(9.999999092 7.524093009e-07 -1.813021056e-07)
(9.999999843 1.349340258e-07 -3.369855421e-08)
(9.999999975 2.256341033e-08 -5.819269496e-09)
(9.999999996 3.533015752e-09 -9.3807686e-10)
(9.999999999 5.20058094e-10 -1.417808512e-10)
(10 7.222807248e-11 -2.017048513e-11)
(10 9.49717446e-12 -2.710167501e-12)
(10 1.186930465e-12 -3.45555325e-13)
(10 1.417172554e-13 -4.186341479e-14)
(10 1.306378284e-14 -5.157911178e-15)
(10 1.209178692e-15 -3.049631063e-16)
(10 -5.670699254e-16 2.992184019e-16)
(10 2.117932462e-16 -5.162932281e-17)
(10 4.481303801e-17 2.939696741e-17)
(10 -1.07633717e-16 -1.746819897e-16)
(10 -1.00562723e-16 -1.362793532e-16)
(10 3.532653584e-16 -6.417132809e-16)
(10 2.459186799e-16 -4.416910304e-17)
(10 -1.728713241e-17 3.777389139e-16)
(10 -1.457062177e-16 3.591293994e-16)
(10 1.595347262e-16 -4.488217938e-16)
(10 9.49270521e-17 -3.720988105e-16)
(10 3.841372406e-16 -1.392891519e-16)
(10 -2.132860995e-16 -4.983613321e-17)
(10 1.497663685e-16 5.115658775e-17)
(10 2.30589571e-16 -6.755211927e-17)
(10 -1.569537138e-16 1.546178421e-16)
(10 3.164855657e-16 3.603437364e-16)
(10 2.530263324e-16 1.686085995e-16)
(10 -1.769922239e-16 4.876853673e-16)
(10 6.873516391e-17 2.690758178e-17)
(10 2.764560941e-16 1.252017618e-16)
(10 1.935283908e-16 8.406905984e-17)
(10 8.89492467e-17 5.758075117e-16)
(10 -7.269393519e-16 -9.161171662e-17)
(10 1.146756621e-16 1.888689106e-16)
(10 1.622054804e-16 -2.096697548e-17)
(10 -8.17736338e-18 1.07223433e-16)
(10 9.554601863e-17 -2.993138566e-16)
(10 -2.984620619e-16 3.128838594e-16)
(10 -1.960121041e-16 -2.409091587e-16)
(10 3.451841798e-16 -1.131973184e-16)
(10 1.175415302e-16 7.83708115e-17)
(10 1.81839465e-16 -1.068100239e-16)
(10 -2.186765757e-16 1.289768472e-16)
(10 2.039728581e-16 -5.774611443e-17)
(10 4.875133774e-16 3.666257368e-17)
(10 -3.595395596e-16 4.901911152e-16)
(10 7.852173339e-17 2.919712294e-16)
(10 -3.135106216e-17 7.614596249e-16)
(10 -3.735733003e-16 2.465080408e-16)
(10 -1.651365878e-16 2.126838267e-17)
(10 -3.208766076e-16 1.328451569e-16)
(10 1.535648879e-16 -4.771851346e-16)
(10 4.141970075e-16 -4.510077117e-16)
(10 4.572715271e-16 -1.369744637e-17)
(10 1.321101341e-16 -3.771419243e-16)
(10 4.243833884e-16 2.963413656e-17)
(10 1.767280572e-16 -1.967375136e-18)
(10 -1.686605663e-15 3.664949625e-15)
)
;

boundaryField
{
    left
    {
        type            dirichlet;
        value           uniform (4 0 0);
    }
    right
    {
        type            dirichlet;
        value           uniform (4 0 0);
    }
    sides
    {
        type            empty;
    }
}


// ************************************************************************* //
