/*--------------------------------*- C++ -*----------------------------------*\
| =========                 |                                                 |
| \\      /  F ield         | foam-extend: Open Source CFD                    |
|  \\    /   O peration     | Version:     4.1                                |
|   \\  /    A nd           | Web:         http://www.foam-extend.org         |
|    \\/     M anipulation  |                                                 |
\*---------------------------------------------------------------------------*/
FoamFile
{
    version     2.0;
    format      ascii;
    class       cellScalarField;
    location    "17.9";
    object      T;
}
// * * * * * * * * * * * * * * * * * * * * * * * * * * * * * * * * * * * * * //

dimensions      [0 0 0 0 1 0 0];

internalField   nonuniform 
100
(
(4 -5.703630593e-17 1.624202108e-17)
(4 -1.99676269e-16 -1.633159075e-16)
(4 1.363722465e-16 2.751260159e-17)
(4 -7.165444375e-17 -9.202864498e-17)
(4 1.064112208e-16 -6.237770206e-17)
(4 -4.013965103e-16 9.87914761e-17)
(4 6.494446832e-16 -7.531168809e-17)
(4 -6.348236158e-16 1.431606011e-16)
(4 1.066485617e-15 -7.203079909e-17)
(4 -1.568021451e-15 -5.122843413e-17)
(4 3.387961408e-16 1.844209737e-16)
(4 1.226581504e-15 -1.187916652e-16)
(4 1.313595477e-16 4.724356774e-16)
(4 8.385625787e-16 -6.074067675e-16)
(4 1.201710419e-16 -2.418915772e-16)
(4 2.160499213e-16 5.067237979e-16)
(4 1.447232797e-14 9.296621533e-15)
(4 2.530057504e-13 1.561253698e-13)
(4 4.225841265e-12 2.605670913e-12)
(4 6.454413789e-11 3.708559789e-11)
(4.000000001 8.618295054e-10 4.77551425e-10)
(4.00000001 1.062370486e-08 5.632884669e-09)
(4.000000111 1.167820507e-07 5.781859367e-08)
(4.000001111 1.124451094e-06 5.211580101e-07)
(4.000009828 9.549444687e-06 4.09342715e-06)
(4.000075798 6.957637548e-05 2.663648066e-05)
(4.000492797 0.0004165751737 0.000137654841)
(4.002632879 0.002000608008 0.0005566830951)
(4.01147297 0.007682754943 0.00176544272)
(4.040993142 0.02378524427 0.004424094133)
(4.121496996 0.06009563404 0.008816792613)
(4.302905619 0.1255158366 0.01398394367)
(4.64463021 0.219353314 0.01744881058)
(5.188567835 0.3243233665 0.01641891907)
(5.927377854 0.4097526153 0.009930703072)
(6.791314024 0.4463418344 1.862501134e-05)
(7.668103748 0.4226123266 -0.009395512858)
(8.446087993 0.3503996448 -0.01500072033)
(9.053731129 0.2561488785 -0.01585026309)
(9.474122939 0.1661392963 -0.0132236076)
(9.733260695 0.09617532149 -0.009240963541)
(9.876369001 0.04996536036 -0.0055693573)
(9.94754086 0.02341822012 -0.002946712553)
(9.979573564 0.009950887504 -0.001385821339)
(9.992681866 0.003851469757 -0.0005848382839)
(9.997580727 0.001363894265 -0.0002231916702)
(9.999259832 0.0004437754511 -7.753250903e-05)
(9.999789798 0.0001332061887 -2.465745493e-05)
(9.999944422 3.702796968e-05 -7.216077392e-06)
(9.999986278 9.566755696e-06 -1.95238333e-06)
(9.999996827 2.30534435e-06 -4.90448133e-07)
(9.999999311 5.198465925e-07 -1.148405891e-07)
(9.999999859 1.100379055e-07 -2.515698371e-08)
(9.999999973 2.19294043e-08 -5.17320508e-09)
(9.999999995 4.126203287e-09 -1.001791917e-09)
(9.999999999 7.34973575e-10 -1.83231695e-10)
(10 1.242499282e-10 -3.174301083e-11)
(10 1.998192585e-11 -5.221442301e-12)
(10 3.06611479e-12 -8.191828537e-13)
(10 4.47449885e-13 -1.234083398e-13)
(10 6.013931969e-14 -1.673712822e-14)
(10 9.107950643e-15 -2.387106883e-15)
(10 1.854269408e-16 -3.216979561e-16)
(10 -1.88348669e-16 -5.764413391e-16)
(10 1.816526119e-16 -2.305128432e-16)
(10 4.084897015e-17 -8.565130358e-17)
(10 -7.979680429e-18 -2.443267379e-16)
(10 -3.930093506e-18 2.466083333e-16)
(10 1.756729116e-16 3.31243913e-16)
(10 -2.794353793e-16 -6.294969062e-16)
(10 4.714829227e-17 -2.37367509e-17)
(10 -1.452785904e-16 1.791441169e-16)
(10 3.442820126e-16 1.454038432e-16)
(10 -2.202788394e-16 -1.224485048e-16)
(10 4.989476759e-16 2.933589039e-17)
(10 4.239700054e-16 -1.481827517e-17)
(10 -2.921170327e-16 -1.047106046e-16)
(10 -2.08201112e-16 -1.164774532e-16)
(10 1.391740427e-16 -6.537516184e-17)
(10 3.456086322e-17 -3.694646517e-16)
(10 1.15607831e-16 -6.130046232e-16)
(10 2.354316769e-16 4.802267034e-17)
(10 6.185246222e-17 1.892963567e-16)
(10 -1.010094923e-16 -1.611584805e-17)
(10 6.070300129e-17 2.553866886e-16)
(10 -6.973968992e-16 3.716963293e-16)
(10 -2.911591781e-17 4.26473058e-16)
(10 -5.108109689e-16 3.343893777e-16)
(10 2.243629091e-16 -7.198760533e-17)
(10 3.873872576e-17 2.113515558e-16)
(10 -4.216583514e-16 8.827019855e-17)
(10 1.096620404e-16 -1.257410563e-16)
(10 5.216834409e-16 4.581568898e-17)
(10 -6.015320986e-18 2.605020877e-16)
(10 6.112005823e-17 -1.994281021e-16)
(10 4.711691371e-16 8.247948176e-17)
(10 -5.027867581e-16 1.013465801e-16)
(10 1.03241518e-16 7.059256708e-17)
(10 3.115833304e-16 -7.672373405e-17)
(10 -1.202537255e-15 3.010772972e-15)
)
;

boundaryField
{
    left
    {
        type            dirichlet;
        value           uniform (4 0 0);
    }
    right
    {
        type            dirichlet;
        value           uniform (4 0 0);
    }
    sides
    {
        type            empty;
    }
}


// ************************************************************************* //
