/*--------------------------------*- C++ -*----------------------------------*\
| =========                 |                                                 |
| \\      /  F ield         | foam-extend: Open Source CFD                    |
|  \\    /   O peration     | Version:     4.1                                |
|   \\  /    A nd           | Web:         http://www.foam-extend.org         |
|    \\/     M anipulation  |                                                 |
\*---------------------------------------------------------------------------*/
FoamFile
{
    version     2.0;
    format      ascii;
    class       faceList;
    location    "constant/polyMesh";
    object      faces;
}
// * * * * * * * * * * * * * * * * * * * * * * * * * * * * * * * * * * * * * //


1380
(
4(1 12 133 122)
4(11 132 133 12)
4(121 122 133 132)
4(2 13 134 123)
4(12 133 134 13)
4(122 123 134 133)
4(3 14 135 124)
4(13 134 135 14)
4(123 124 135 134)
4(4 15 136 125)
4(14 135 136 15)
4(124 125 136 135)
4(5 16 137 126)
4(15 136 137 16)
4(125 126 137 136)
4(6 17 138 127)
4(16 137 138 17)
4(126 127 138 137)
4(7 18 139 128)
4(17 138 139 18)
4(127 128 139 138)
4(8 19 140 129)
4(18 139 140 19)
4(128 129 140 139)
4(9 20 141 130)
4(19 140 141 20)
4(129 130 141 140)
4(20 141 142 21)
4(130 131 142 141)
4(12 23 144 133)
4(22 143 144 23)
4(132 133 144 143)
4(13 24 145 134)
4(23 144 145 24)
4(133 134 145 144)
4(14 25 146 135)
4(24 145 146 25)
4(134 135 146 145)
4(15 26 147 136)
4(25 146 147 26)
4(135 136 147 146)
4(16 27 148 137)
4(26 147 148 27)
4(136 137 148 147)
4(17 28 149 138)
4(27 148 149 28)
4(137 138 149 148)
4(18 29 150 139)
4(28 149 150 29)
4(138 139 150 149)
4(19 30 151 140)
4(29 150 151 30)
4(139 140 151 150)
4(20 31 152 141)
4(30 151 152 31)
4(140 141 152 151)
4(31 152 153 32)
4(141 142 153 152)
4(23 34 155 144)
4(33 154 155 34)
4(143 144 155 154)
4(24 35 156 145)
4(34 155 156 35)
4(144 145 156 155)
4(25 36 157 146)
4(35 156 157 36)
4(145 146 157 156)
4(26 37 158 147)
4(36 157 158 37)
4(146 147 158 157)
4(27 38 159 148)
4(37 158 159 38)
4(147 148 159 158)
4(28 39 160 149)
4(38 159 160 39)
4(148 149 160 159)
4(29 40 161 150)
4(39 160 161 40)
4(149 150 161 160)
4(30 41 162 151)
4(40 161 162 41)
4(150 151 162 161)
4(31 42 163 152)
4(41 162 163 42)
4(151 152 163 162)
4(42 163 164 43)
4(152 153 164 163)
4(34 45 166 155)
4(44 165 166 45)
4(154 155 166 165)
4(35 46 167 156)
4(45 166 167 46)
4(155 156 167 166)
4(36 47 168 157)
4(46 167 168 47)
4(156 157 168 167)
4(37 48 169 158)
4(47 168 169 48)
4(157 158 169 168)
4(38 49 170 159)
4(48 169 170 49)
4(158 159 170 169)
4(39 50 171 160)
4(49 170 171 50)
4(159 160 171 170)
4(40 51 172 161)
4(50 171 172 51)
4(160 161 172 171)
4(41 52 173 162)
4(51 172 173 52)
4(161 162 173 172)
4(42 53 174 163)
4(52 173 174 53)
4(162 163 174 173)
4(53 174 175 54)
4(163 164 175 174)
4(45 56 177 166)
4(55 176 177 56)
4(165 166 177 176)
4(46 57 178 167)
4(56 177 178 57)
4(166 167 178 177)
4(47 58 179 168)
4(57 178 179 58)
4(167 168 179 178)
4(48 59 180 169)
4(58 179 180 59)
4(168 169 180 179)
4(49 60 181 170)
4(59 180 181 60)
4(169 170 181 180)
4(50 61 182 171)
4(60 181 182 61)
4(170 171 182 181)
4(51 62 183 172)
4(61 182 183 62)
4(171 172 183 182)
4(52 63 184 173)
4(62 183 184 63)
4(172 173 184 183)
4(53 64 185 174)
4(63 184 185 64)
4(173 174 185 184)
4(64 185 186 65)
4(174 175 186 185)
4(56 67 188 177)
4(66 187 188 67)
4(176 177 188 187)
4(57 68 189 178)
4(67 188 189 68)
4(177 178 189 188)
4(58 69 190 179)
4(68 189 190 69)
4(178 179 190 189)
4(59 70 191 180)
4(69 190 191 70)
4(179 180 191 190)
4(60 71 192 181)
4(70 191 192 71)
4(180 181 192 191)
4(61 72 193 182)
4(71 192 193 72)
4(181 182 193 192)
4(62 73 194 183)
4(72 193 194 73)
4(182 183 194 193)
4(63 74 195 184)
4(73 194 195 74)
4(183 184 195 194)
4(64 75 196 185)
4(74 195 196 75)
4(184 185 196 195)
4(75 196 197 76)
4(185 186 197 196)
4(67 78 199 188)
4(77 198 199 78)
4(187 188 199 198)
4(68 79 200 189)
4(78 199 200 79)
4(188 189 200 199)
4(69 80 201 190)
4(79 200 201 80)
4(189 190 201 200)
4(70 81 202 191)
4(80 201 202 81)
4(190 191 202 201)
4(71 82 203 192)
4(81 202 203 82)
4(191 192 203 202)
4(72 83 204 193)
4(82 203 204 83)
4(192 193 204 203)
4(73 84 205 194)
4(83 204 205 84)
4(193 194 205 204)
4(74 85 206 195)
4(84 205 206 85)
4(194 195 206 205)
4(75 86 207 196)
4(85 206 207 86)
4(195 196 207 206)
4(86 207 208 87)
4(196 197 208 207)
4(78 89 210 199)
4(88 209 210 89)
4(198 199 210 209)
4(79 90 211 200)
4(89 210 211 90)
4(199 200 211 210)
4(80 91 212 201)
4(90 211 212 91)
4(200 201 212 211)
4(81 92 213 202)
4(91 212 213 92)
4(201 202 213 212)
4(82 93 214 203)
4(92 213 214 93)
4(202 203 214 213)
4(83 94 215 204)
4(93 214 215 94)
4(203 204 215 214)
4(84 95 216 205)
4(94 215 216 95)
4(204 205 216 215)
4(85 96 217 206)
4(95 216 217 96)
4(205 206 217 216)
4(86 97 218 207)
4(96 217 218 97)
4(206 207 218 217)
4(97 218 219 98)
4(207 208 219 218)
4(89 100 221 210)
4(99 220 221 100)
4(209 210 221 220)
4(90 101 222 211)
4(100 221 222 101)
4(210 211 222 221)
4(91 102 223 212)
4(101 222 223 102)
4(211 212 223 222)
4(92 103 224 213)
4(102 223 224 103)
4(212 213 224 223)
4(93 104 225 214)
4(103 224 225 104)
4(213 214 225 224)
4(94 105 226 215)
4(104 225 226 105)
4(214 215 226 225)
4(95 106 227 216)
4(105 226 227 106)
4(215 216 227 226)
4(96 107 228 217)
4(106 227 228 107)
4(216 217 228 227)
4(97 108 229 218)
4(107 228 229 108)
4(217 218 229 228)
4(108 229 230 109)
4(218 219 230 229)
4(100 111 232 221)
4(220 221 232 231)
4(101 112 233 222)
4(221 222 233 232)
4(102 113 234 223)
4(222 223 234 233)
4(103 114 235 224)
4(223 224 235 234)
4(104 115 236 225)
4(224 225 236 235)
4(105 116 237 226)
4(225 226 237 236)
4(106 117 238 227)
4(226 227 238 237)
4(107 118 239 228)
4(227 228 239 238)
4(108 119 240 229)
4(228 229 240 239)
4(229 230 241 240)
4(122 133 254 243)
4(132 253 254 133)
4(242 243 254 253)
4(123 134 255 244)
4(133 254 255 134)
4(243 244 255 254)
4(124 135 256 245)
4(134 255 256 135)
4(244 245 256 255)
4(125 136 257 246)
4(135 256 257 136)
4(245 246 257 256)
4(126 137 258 247)
4(136 257 258 137)
4(246 247 258 257)
4(127 138 259 248)
4(137 258 259 138)
4(247 248 259 258)
4(128 139 260 249)
4(138 259 260 139)
4(248 249 260 259)
4(129 140 261 250)
4(139 260 261 140)
4(249 250 261 260)
4(130 141 262 251)
4(140 261 262 141)
4(250 251 262 261)
4(141 262 263 142)
4(251 252 263 262)
4(133 144 265 254)
4(143 264 265 144)
4(253 254 265 264)
4(134 145 266 255)
4(144 265 266 145)
4(254 255 266 265)
4(135 146 267 256)
4(145 266 267 146)
4(255 256 267 266)
4(136 147 268 257)
4(146 267 268 147)
4(256 257 268 267)
4(137 148 269 258)
4(147 268 269 148)
4(257 258 269 268)
4(138 149 270 259)
4(148 269 270 149)
4(258 259 270 269)
4(139 150 271 260)
4(149 270 271 150)
4(259 260 271 270)
4(140 151 272 261)
4(150 271 272 151)
4(260 261 272 271)
4(141 152 273 262)
4(151 272 273 152)
4(261 262 273 272)
4(152 273 274 153)
4(262 263 274 273)
4(144 155 276 265)
4(154 275 276 155)
4(264 265 276 275)
4(145 156 277 266)
4(155 276 277 156)
4(265 266 277 276)
4(146 157 278 267)
4(156 277 278 157)
4(266 267 278 277)
4(147 158 279 268)
4(157 278 279 158)
4(267 268 279 278)
4(148 159 280 269)
4(158 279 280 159)
4(268 269 280 279)
4(149 160 281 270)
4(159 280 281 160)
4(269 270 281 280)
4(150 161 282 271)
4(160 281 282 161)
4(270 271 282 281)
4(151 162 283 272)
4(161 282 283 162)
4(271 272 283 282)
4(152 163 284 273)
4(162 283 284 163)
4(272 273 284 283)
4(163 284 285 164)
4(273 274 285 284)
4(155 166 287 276)
4(165 286 287 166)
4(275 276 287 286)
4(156 167 288 277)
4(166 287 288 167)
4(276 277 288 287)
4(157 168 289 278)
4(167 288 289 168)
4(277 278 289 288)
4(158 169 290 279)
4(168 289 290 169)
4(278 279 290 289)
4(159 170 291 280)
4(169 290 291 170)
4(279 280 291 290)
4(160 171 292 281)
4(170 291 292 171)
4(280 281 292 291)
4(161 172 293 282)
4(171 292 293 172)
4(281 282 293 292)
4(162 173 294 283)
4(172 293 294 173)
4(282 283 294 293)
4(163 174 295 284)
4(173 294 295 174)
4(283 284 295 294)
4(174 295 296 175)
4(284 285 296 295)
4(166 177 298 287)
4(176 297 298 177)
4(286 287 298 297)
4(167 178 299 288)
4(177 298 299 178)
4(287 288 299 298)
4(168 179 300 289)
4(178 299 300 179)
4(288 289 300 299)
4(169 180 301 290)
4(179 300 301 180)
4(289 290 301 300)
4(170 181 302 291)
4(180 301 302 181)
4(290 291 302 301)
4(171 182 303 292)
4(181 302 303 182)
4(291 292 303 302)
4(172 183 304 293)
4(182 303 304 183)
4(292 293 304 303)
4(173 184 305 294)
4(183 304 305 184)
4(293 294 305 304)
4(174 185 306 295)
4(184 305 306 185)
4(294 295 306 305)
4(185 306 307 186)
4(295 296 307 306)
4(177 188 309 298)
4(187 308 309 188)
4(297 298 309 308)
4(178 189 310 299)
4(188 309 310 189)
4(298 299 310 309)
4(179 190 311 300)
4(189 310 311 190)
4(299 300 311 310)
4(180 191 312 301)
4(190 311 312 191)
4(300 301 312 311)
4(181 192 313 302)
4(191 312 313 192)
4(301 302 313 312)
4(182 193 314 303)
4(192 313 314 193)
4(302 303 314 313)
4(183 194 315 304)
4(193 314 315 194)
4(303 304 315 314)
4(184 195 316 305)
4(194 315 316 195)
4(304 305 316 315)
4(185 196 317 306)
4(195 316 317 196)
4(305 306 317 316)
4(196 317 318 197)
4(306 307 318 317)
4(188 199 320 309)
4(198 319 320 199)
4(308 309 320 319)
4(189 200 321 310)
4(199 320 321 200)
4(309 310 321 320)
4(190 201 322 311)
4(200 321 322 201)
4(310 311 322 321)
4(191 202 323 312)
4(201 322 323 202)
4(311 312 323 322)
4(192 203 324 313)
4(202 323 324 203)
4(312 313 324 323)
4(193 204 325 314)
4(203 324 325 204)
4(313 314 325 324)
4(194 205 326 315)
4(204 325 326 205)
4(314 315 326 325)
4(195 206 327 316)
4(205 326 327 206)
4(315 316 327 326)
4(196 207 328 317)
4(206 327 328 207)
4(316 317 328 327)
4(207 328 329 208)
4(317 318 329 328)
4(199 210 331 320)
4(209 330 331 210)
4(319 320 331 330)
4(200 211 332 321)
4(210 331 332 211)
4(320 321 332 331)
4(201 212 333 322)
4(211 332 333 212)
4(321 322 333 332)
4(202 213 334 323)
4(212 333 334 213)
4(322 323 334 333)
4(203 214 335 324)
4(213 334 335 214)
4(323 324 335 334)
4(204 215 336 325)
4(214 335 336 215)
4(324 325 336 335)
4(205 216 337 326)
4(215 336 337 216)
4(325 326 337 336)
4(206 217 338 327)
4(216 337 338 217)
4(326 327 338 337)
4(207 218 339 328)
4(217 338 339 218)
4(327 328 339 338)
4(218 339 340 219)
4(328 329 340 339)
4(210 221 342 331)
4(220 341 342 221)
4(330 331 342 341)
4(211 222 343 332)
4(221 342 343 222)
4(331 332 343 342)
4(212 223 344 333)
4(222 343 344 223)
4(332 333 344 343)
4(213 224 345 334)
4(223 344 345 224)
4(333 334 345 344)
4(214 225 346 335)
4(224 345 346 225)
4(334 335 346 345)
4(215 226 347 336)
4(225 346 347 226)
4(335 336 347 346)
4(216 227 348 337)
4(226 347 348 227)
4(336 337 348 347)
4(217 228 349 338)
4(227 348 349 228)
4(337 338 349 348)
4(218 229 350 339)
4(228 349 350 229)
4(338 339 350 349)
4(229 350 351 230)
4(339 340 351 350)
4(221 232 353 342)
4(341 342 353 352)
4(222 233 354 343)
4(342 343 354 353)
4(223 234 355 344)
4(343 344 355 354)
4(224 235 356 345)
4(344 345 356 355)
4(225 236 357 346)
4(345 346 357 356)
4(226 237 358 347)
4(346 347 358 357)
4(227 238 359 348)
4(347 348 359 358)
4(228 239 360 349)
4(348 349 360 359)
4(229 240 361 350)
4(349 350 361 360)
4(350 351 362 361)
4(243 254 375 364)
4(253 374 375 254)
4(363 364 375 374)
4(244 255 376 365)
4(254 375 376 255)
4(364 365 376 375)
4(245 256 377 366)
4(255 376 377 256)
4(365 366 377 376)
4(246 257 378 367)
4(256 377 378 257)
4(366 367 378 377)
4(247 258 379 368)
4(257 378 379 258)
4(367 368 379 378)
4(248 259 380 369)
4(258 379 380 259)
4(368 369 380 379)
4(249 260 381 370)
4(259 380 381 260)
4(369 370 381 380)
4(250 261 382 371)
4(260 381 382 261)
4(370 371 382 381)
4(251 262 383 372)
4(261 382 383 262)
4(371 372 383 382)
4(262 383 384 263)
4(372 373 384 383)
4(254 265 386 375)
4(264 385 386 265)
4(374 375 386 385)
4(255 266 387 376)
4(265 386 387 266)
4(375 376 387 386)
4(256 267 388 377)
4(266 387 388 267)
4(376 377 388 387)
4(257 268 389 378)
4(267 388 389 268)
4(377 378 389 388)
4(258 269 390 379)
4(268 389 390 269)
4(378 379 390 389)
4(259 270 391 380)
4(269 390 391 270)
4(379 380 391 390)
4(260 271 392 381)
4(270 391 392 271)
4(380 381 392 391)
4(261 272 393 382)
4(271 392 393 272)
4(381 382 393 392)
4(262 273 394 383)
4(272 393 394 273)
4(382 383 394 393)
4(273 394 395 274)
4(383 384 395 394)
4(265 276 397 386)
4(275 396 397 276)
4(385 386 397 396)
4(266 277 398 387)
4(276 397 398 277)
4(386 387 398 397)
4(267 278 399 388)
4(277 398 399 278)
4(387 388 399 398)
4(268 279 400 389)
4(278 399 400 279)
4(388 389 400 399)
4(269 280 401 390)
4(279 400 401 280)
4(389 390 401 400)
4(270 281 402 391)
4(280 401 402 281)
4(390 391 402 401)
4(271 282 403 392)
4(281 402 403 282)
4(391 392 403 402)
4(272 283 404 393)
4(282 403 404 283)
4(392 393 404 403)
4(273 284 405 394)
4(283 404 405 284)
4(393 394 405 404)
4(284 405 406 285)
4(394 395 406 405)
4(276 287 408 397)
4(286 407 408 287)
4(396 397 408 407)
4(277 288 409 398)
4(287 408 409 288)
4(397 398 409 408)
4(278 289 410 399)
4(288 409 410 289)
4(398 399 410 409)
4(279 290 411 400)
4(289 410 411 290)
4(399 400 411 410)
4(280 291 412 401)
4(290 411 412 291)
4(400 401 412 411)
4(281 292 413 402)
4(291 412 413 292)
4(401 402 413 412)
4(282 293 414 403)
4(292 413 414 293)
4(402 403 414 413)
4(283 294 415 404)
4(293 414 415 294)
4(403 404 415 414)
4(284 295 416 405)
4(294 415 416 295)
4(404 405 416 415)
4(295 416 417 296)
4(405 406 417 416)
4(287 298 419 408)
4(297 418 419 298)
4(407 408 419 418)
4(288 299 420 409)
4(298 419 420 299)
4(408 409 420 419)
4(289 300 421 410)
4(299 420 421 300)
4(409 410 421 420)
4(290 301 422 411)
4(300 421 422 301)
4(410 411 422 421)
4(291 302 423 412)
4(301 422 423 302)
4(411 412 423 422)
4(292 303 424 413)
4(302 423 424 303)
4(412 413 424 423)
4(293 304 425 414)
4(303 424 425 304)
4(413 414 425 424)
4(294 305 426 415)
4(304 425 426 305)
4(414 415 426 425)
4(295 306 427 416)
4(305 426 427 306)
4(415 416 427 426)
4(306 427 428 307)
4(416 417 428 427)
4(298 309 430 419)
4(308 429 430 309)
4(418 419 430 429)
4(299 310 431 420)
4(309 430 431 310)
4(419 420 431 430)
4(300 311 432 421)
4(310 431 432 311)
4(420 421 432 431)
4(301 312 433 422)
4(311 432 433 312)
4(421 422 433 432)
4(302 313 434 423)
4(312 433 434 313)
4(422 423 434 433)
4(303 314 435 424)
4(313 434 435 314)
4(423 424 435 434)
4(304 315 436 425)
4(314 435 436 315)
4(424 425 436 435)
4(305 316 437 426)
4(315 436 437 316)
4(425 426 437 436)
4(306 317 438 427)
4(316 437 438 317)
4(426 427 438 437)
4(317 438 439 318)
4(427 428 439 438)
4(309 320 441 430)
4(319 440 441 320)
4(429 430 441 440)
4(310 321 442 431)
4(320 441 442 321)
4(430 431 442 441)
4(311 322 443 432)
4(321 442 443 322)
4(431 432 443 442)
4(312 323 444 433)
4(322 443 444 323)
4(432 433 444 443)
4(313 324 445 434)
4(323 444 445 324)
4(433 434 445 444)
4(314 325 446 435)
4(324 445 446 325)
4(434 435 446 445)
4(315 326 447 436)
4(325 446 447 326)
4(435 436 447 446)
4(316 327 448 437)
4(326 447 448 327)
4(436 437 448 447)
4(317 328 449 438)
4(327 448 449 328)
4(437 438 449 448)
4(328 449 450 329)
4(438 439 450 449)
4(320 331 452 441)
4(330 451 452 331)
4(440 441 452 451)
4(321 332 453 442)
4(331 452 453 332)
4(441 442 453 452)
4(322 333 454 443)
4(332 453 454 333)
4(442 443 454 453)
4(323 334 455 444)
4(333 454 455 334)
4(443 444 455 454)
4(324 335 456 445)
4(334 455 456 335)
4(444 445 456 455)
4(325 336 457 446)
4(335 456 457 336)
4(445 446 457 456)
4(326 337 458 447)
4(336 457 458 337)
4(446 447 458 457)
4(327 338 459 448)
4(337 458 459 338)
4(447 448 459 458)
4(328 339 460 449)
4(338 459 460 339)
4(448 449 460 459)
4(339 460 461 340)
4(449 450 461 460)
4(331 342 463 452)
4(341 462 463 342)
4(451 452 463 462)
4(332 343 464 453)
4(342 463 464 343)
4(452 453 464 463)
4(333 344 465 454)
4(343 464 465 344)
4(453 454 465 464)
4(334 345 466 455)
4(344 465 466 345)
4(454 455 466 465)
4(335 346 467 456)
4(345 466 467 346)
4(455 456 467 466)
4(336 347 468 457)
4(346 467 468 347)
4(456 457 468 467)
4(337 348 469 458)
4(347 468 469 348)
4(457 458 469 468)
4(338 349 470 459)
4(348 469 470 349)
4(458 459 470 469)
4(339 350 471 460)
4(349 470 471 350)
4(459 460 471 470)
4(350 471 472 351)
4(460 461 472 471)
4(342 353 474 463)
4(462 463 474 473)
4(343 354 475 464)
4(463 464 475 474)
4(344 355 476 465)
4(464 465 476 475)
4(345 356 477 466)
4(465 466 477 476)
4(346 357 478 467)
4(466 467 478 477)
4(347 358 479 468)
4(467 468 479 478)
4(348 359 480 469)
4(468 469 480 479)
4(349 360 481 470)
4(469 470 481 480)
4(350 361 482 471)
4(470 471 482 481)
4(471 472 483 482)
4(364 375 496 485)
4(374 495 496 375)
4(365 376 497 486)
4(375 496 497 376)
4(366 377 498 487)
4(376 497 498 377)
4(367 378 499 488)
4(377 498 499 378)
4(368 379 500 489)
4(378 499 500 379)
4(369 380 501 490)
4(379 500 501 380)
4(370 381 502 491)
4(380 501 502 381)
4(371 382 503 492)
4(381 502 503 382)
4(372 383 504 493)
4(382 503 504 383)
4(383 504 505 384)
4(375 386 507 496)
4(385 506 507 386)
4(376 387 508 497)
4(386 507 508 387)
4(377 388 509 498)
4(387 508 509 388)
4(378 389 510 499)
4(388 509 510 389)
4(379 390 511 500)
4(389 510 511 390)
4(380 391 512 501)
4(390 511 512 391)
4(381 392 513 502)
4(391 512 513 392)
4(382 393 514 503)
4(392 513 514 393)
4(383 394 515 504)
4(393 514 515 394)
4(394 515 516 395)
4(386 397 518 507)
4(396 517 518 397)
4(387 398 519 508)
4(397 518 519 398)
4(388 399 520 509)
4(398 519 520 399)
4(389 400 521 510)
4(399 520 521 400)
4(390 401 522 511)
4(400 521 522 401)
4(391 402 523 512)
4(401 522 523 402)
4(392 403 524 513)
4(402 523 524 403)
4(393 404 525 514)
4(403 524 525 404)
4(394 405 526 515)
4(404 525 526 405)
4(405 526 527 406)
4(397 408 529 518)
4(407 528 529 408)
4(398 409 530 519)
4(408 529 530 409)
4(399 410 531 520)
4(409 530 531 410)
4(400 411 532 521)
4(410 531 532 411)
4(401 412 533 522)
4(411 532 533 412)
4(402 413 534 523)
4(412 533 534 413)
4(403 414 535 524)
4(413 534 535 414)
4(404 415 536 525)
4(414 535 536 415)
4(405 416 537 526)
4(415 536 537 416)
4(416 537 538 417)
4(408 419 540 529)
4(418 539 540 419)
4(409 420 541 530)
4(419 540 541 420)
4(410 421 542 531)
4(420 541 542 421)
4(411 422 543 532)
4(421 542 543 422)
4(412 423 544 533)
4(422 543 544 423)
4(413 424 545 534)
4(423 544 545 424)
4(414 425 546 535)
4(424 545 546 425)
4(415 426 547 536)
4(425 546 547 426)
4(416 427 548 537)
4(426 547 548 427)
4(427 548 549 428)
4(419 430 551 540)
4(429 550 551 430)
4(420 431 552 541)
4(430 551 552 431)
4(421 432 553 542)
4(431 552 553 432)
4(422 433 554 543)
4(432 553 554 433)
4(423 434 555 544)
4(433 554 555 434)
4(424 435 556 545)
4(434 555 556 435)
4(425 436 557 546)
4(435 556 557 436)
4(426 437 558 547)
4(436 557 558 437)
4(427 438 559 548)
4(437 558 559 438)
4(438 559 560 439)
4(430 441 562 551)
4(440 561 562 441)
4(431 442 563 552)
4(441 562 563 442)
4(432 443 564 553)
4(442 563 564 443)
4(433 444 565 554)
4(443 564 565 444)
4(434 445 566 555)
4(444 565 566 445)
4(435 446 567 556)
4(445 566 567 446)
4(436 447 568 557)
4(446 567 568 447)
4(437 448 569 558)
4(447 568 569 448)
4(438 449 570 559)
4(448 569 570 449)
4(449 570 571 450)
4(441 452 573 562)
4(451 572 573 452)
4(442 453 574 563)
4(452 573 574 453)
4(443 454 575 564)
4(453 574 575 454)
4(444 455 576 565)
4(454 575 576 455)
4(445 456 577 566)
4(455 576 577 456)
4(446 457 578 567)
4(456 577 578 457)
4(447 458 579 568)
4(457 578 579 458)
4(448 459 580 569)
4(458 579 580 459)
4(449 460 581 570)
4(459 580 581 460)
4(460 581 582 461)
4(452 463 584 573)
4(462 583 584 463)
4(453 464 585 574)
4(463 584 585 464)
4(454 465 586 575)
4(464 585 586 465)
4(455 466 587 576)
4(465 586 587 466)
4(456 467 588 577)
4(466 587 588 467)
4(457 468 589 578)
4(467 588 589 468)
4(458 469 590 579)
4(468 589 590 469)
4(459 470 591 580)
4(469 590 591 470)
4(460 471 592 581)
4(470 591 592 471)
4(471 592 593 472)
4(463 474 595 584)
4(464 475 596 585)
4(465 476 597 586)
4(466 477 598 587)
4(467 478 599 588)
4(468 479 600 589)
4(469 480 601 590)
4(470 481 602 591)
4(471 482 603 592)
4(0 121 132 11)
4(11 132 143 22)
4(22 143 154 33)
4(33 154 165 44)
4(44 165 176 55)
4(55 176 187 66)
4(66 187 198 77)
4(77 198 209 88)
4(88 209 220 99)
4(99 220 231 110)
4(121 242 253 132)
4(132 253 264 143)
4(143 264 275 154)
4(154 275 286 165)
4(165 286 297 176)
4(176 297 308 187)
4(187 308 319 198)
4(198 319 330 209)
4(209 330 341 220)
4(220 341 352 231)
4(242 363 374 253)
4(253 374 385 264)
4(264 385 396 275)
4(275 396 407 286)
4(286 407 418 297)
4(297 418 429 308)
4(308 429 440 319)
4(319 440 451 330)
4(330 451 462 341)
4(341 462 473 352)
4(363 484 495 374)
4(374 495 506 385)
4(385 506 517 396)
4(396 517 528 407)
4(407 528 539 418)
4(418 539 550 429)
4(429 550 561 440)
4(440 561 572 451)
4(451 572 583 462)
4(462 583 594 473)
4(10 21 142 131)
4(21 32 153 142)
4(32 43 164 153)
4(43 54 175 164)
4(54 65 186 175)
4(65 76 197 186)
4(76 87 208 197)
4(87 98 219 208)
4(98 109 230 219)
4(109 120 241 230)
4(131 142 263 252)
4(142 153 274 263)
4(153 164 285 274)
4(164 175 296 285)
4(175 186 307 296)
4(186 197 318 307)
4(197 208 329 318)
4(208 219 340 329)
4(219 230 351 340)
4(230 241 362 351)
4(252 263 384 373)
4(263 274 395 384)
4(274 285 406 395)
4(285 296 417 406)
4(296 307 428 417)
4(307 318 439 428)
4(318 329 450 439)
4(329 340 461 450)
4(340 351 472 461)
4(351 362 483 472)
4(373 384 505 494)
4(384 395 516 505)
4(395 406 527 516)
4(406 417 538 527)
4(417 428 549 538)
4(428 439 560 549)
4(439 450 571 560)
4(450 461 582 571)
4(461 472 593 582)
4(472 483 604 593)
4(0 1 122 121)
4(121 122 243 242)
4(242 243 364 363)
4(363 364 485 484)
4(1 2 123 122)
4(122 123 244 243)
4(243 244 365 364)
4(364 365 486 485)
4(2 3 124 123)
4(123 124 245 244)
4(244 245 366 365)
4(365 366 487 486)
4(3 4 125 124)
4(124 125 246 245)
4(245 246 367 366)
4(366 367 488 487)
4(4 5 126 125)
4(125 126 247 246)
4(246 247 368 367)
4(367 368 489 488)
4(5 6 127 126)
4(126 127 248 247)
4(247 248 369 368)
4(368 369 490 489)
4(6 7 128 127)
4(127 128 249 248)
4(248 249 370 369)
4(369 370 491 490)
4(7 8 129 128)
4(128 129 250 249)
4(249 250 371 370)
4(370 371 492 491)
4(8 9 130 129)
4(129 130 251 250)
4(250 251 372 371)
4(371 372 493 492)
4(9 10 131 130)
4(130 131 252 251)
4(251 252 373 372)
4(372 373 494 493)
4(110 231 232 111)
4(231 352 353 232)
4(352 473 474 353)
4(473 594 595 474)
4(111 232 233 112)
4(232 353 354 233)
4(353 474 475 354)
4(474 595 596 475)
4(112 233 234 113)
4(233 354 355 234)
4(354 475 476 355)
4(475 596 597 476)
4(113 234 235 114)
4(234 355 356 235)
4(355 476 477 356)
4(476 597 598 477)
4(114 235 236 115)
4(235 356 357 236)
4(356 477 478 357)
4(477 598 599 478)
4(115 236 237 116)
4(236 357 358 237)
4(357 478 479 358)
4(478 599 600 479)
4(116 237 238 117)
4(237 358 359 238)
4(358 479 480 359)
4(479 600 601 480)
4(117 238 239 118)
4(238 359 360 239)
4(359 480 481 360)
4(480 601 602 481)
4(118 239 240 119)
4(239 360 361 240)
4(360 481 482 361)
4(481 602 603 482)
4(119 240 241 120)
4(240 361 362 241)
4(361 482 483 362)
4(482 603 604 483)
4(0 11 12 1)
4(11 22 23 12)
4(22 33 34 23)
4(33 44 45 34)
4(44 55 56 45)
4(55 66 67 56)
4(66 77 78 67)
4(77 88 89 78)
4(88 99 100 89)
4(99 110 111 100)
4(1 12 13 2)
4(12 23 24 13)
4(23 34 35 24)
4(34 45 46 35)
4(45 56 57 46)
4(56 67 68 57)
4(67 78 79 68)
4(78 89 90 79)
4(89 100 101 90)
4(100 111 112 101)
4(2 13 14 3)
4(13 24 25 14)
4(24 35 36 25)
4(35 46 47 36)
4(46 57 58 47)
4(57 68 69 58)
4(68 79 80 69)
4(79 90 91 80)
4(90 101 102 91)
4(101 112 113 102)
4(3 14 15 4)
4(14 25 26 15)
4(25 36 37 26)
4(36 47 48 37)
4(47 58 59 48)
4(58 69 70 59)
4(69 80 81 70)
4(80 91 92 81)
4(91 102 103 92)
4(102 113 114 103)
4(4 15 16 5)
4(15 26 27 16)
4(26 37 38 27)
4(37 48 49 38)
4(48 59 60 49)
4(59 70 71 60)
4(70 81 82 71)
4(81 92 93 82)
4(92 103 104 93)
4(103 114 115 104)
4(5 16 17 6)
4(16 27 28 17)
4(27 38 39 28)
4(38 49 50 39)
4(49 60 61 50)
4(60 71 72 61)
4(71 82 83 72)
4(82 93 94 83)
4(93 104 105 94)
4(104 115 116 105)
4(6 17 18 7)
4(17 28 29 18)
4(28 39 40 29)
4(39 50 51 40)
4(50 61 62 51)
4(61 72 73 62)
4(72 83 84 73)
4(83 94 95 84)
4(94 105 106 95)
4(105 116 117 106)
4(7 18 19 8)
4(18 29 30 19)
4(29 40 41 30)
4(40 51 52 41)
4(51 62 63 52)
4(62 73 74 63)
4(73 84 85 74)
4(84 95 96 85)
4(95 106 107 96)
4(106 117 118 107)
4(8 19 20 9)
4(19 30 31 20)
4(30 41 42 31)
4(41 52 53 42)
4(52 63 64 53)
4(63 74 75 64)
4(74 85 86 75)
4(85 96 97 86)
4(96 107 108 97)
4(107 118 119 108)
4(9 20 21 10)
4(20 31 32 21)
4(31 42 43 32)
4(42 53 54 43)
4(53 64 65 54)
4(64 75 76 65)
4(75 86 87 76)
4(86 97 98 87)
4(97 108 109 98)
4(108 119 120 109)
4(484 485 496 495)
4(495 496 507 506)
4(506 507 518 517)
4(517 518 529 528)
4(528 529 540 539)
4(539 540 551 550)
4(550 551 562 561)
4(561 562 573 572)
4(572 573 584 583)
4(583 584 595 594)
4(485 486 497 496)
4(496 497 508 507)
4(507 508 519 518)
4(518 519 530 529)
4(529 530 541 540)
4(540 541 552 551)
4(551 552 563 562)
4(562 563 574 573)
4(573 574 585 584)
4(584 585 596 595)
4(486 487 498 497)
4(497 498 509 508)
4(508 509 520 519)
4(519 520 531 530)
4(530 531 542 541)
4(541 542 553 552)
4(552 553 564 563)
4(563 564 575 574)
4(574 575 586 585)
4(585 586 597 596)
4(487 488 499 498)
4(498 499 510 509)
4(509 510 521 520)
4(520 521 532 531)
4(531 532 543 542)
4(542 543 554 553)
4(553 554 565 564)
4(564 565 576 575)
4(575 576 587 586)
4(586 587 598 597)
4(488 489 500 499)
4(499 500 511 510)
4(510 511 522 521)
4(521 522 533 532)
4(532 533 544 543)
4(543 544 555 554)
4(554 555 566 565)
4(565 566 577 576)
4(576 577 588 587)
4(587 588 599 598)
4(489 490 501 500)
4(500 501 512 511)
4(511 512 523 522)
4(522 523 534 533)
4(533 534 545 544)
4(544 545 556 555)
4(555 556 567 566)
4(566 567 578 577)
4(577 578 589 588)
4(588 589 600 599)
4(490 491 502 501)
4(501 502 513 512)
4(512 513 524 523)
4(523 524 535 534)
4(534 535 546 545)
4(545 546 557 556)
4(556 557 568 567)
4(567 568 579 578)
4(578 579 590 589)
4(589 590 601 600)
4(491 492 503 502)
4(502 503 514 513)
4(513 514 525 524)
4(524 525 536 535)
4(535 536 547 546)
4(546 547 558 557)
4(557 558 569 568)
4(568 569 580 579)
4(579 580 591 590)
4(590 591 602 601)
4(492 493 504 503)
4(503 504 515 514)
4(514 515 526 525)
4(525 526 537 536)
4(536 537 548 547)
4(547 548 559 558)
4(558 559 570 569)
4(569 570 581 580)
4(580 581 592 591)
4(591 592 603 602)
4(493 494 505 504)
4(504 505 516 515)
4(515 516 527 526)
4(526 527 538 537)
4(537 538 549 548)
4(548 549 560 559)
4(559 560 571 570)
4(570 571 582 581)
4(581 582 593 592)
4(592 593 604 603)
)


// ************************************************************************* //
