/*--------------------------------*- C++ -*----------------------------------*\
| =========                 |                                                 |
| \\      /  F ield         | foam-extend: Open Source CFD                    |
|  \\    /   O peration     | Version:     4.1                                |
|   \\  /    A nd           | Web:         http://www.foam-extend.org         |
|    \\/     M anipulation  |                                                 |
\*---------------------------------------------------------------------------*/
FoamFile
{
    version     2.0;
    format      ascii;
    class       vectorField;
    location    "constant/polyMesh";
    object      points;
}
// * * * * * * * * * * * * * * * * * * * * * * * * * * * * * * * * * * * * * //


605
(
(0 0 0)
(0.5 0 0)
(1 0 0)
(1.5 0 0)
(2 0 0)
(2.5 0 0)
(3 0 0)
(3.5 0 0)
(4 0 0)
(4.5 0 0)
(5 0 0)
(0 0.5 0)
(0.5 0.5 0)
(1 0.5 0)
(1.5 0.5 0)
(2 0.5 0)
(2.5 0.5 0)
(3 0.5 0)
(3.5 0.5 0)
(4 0.5 0)
(4.5 0.5 0)
(5 0.5 0)
(0 1 0)
(0.5 1 0)
(1 1 0)
(1.5 1 0)
(2 1 0)
(2.5 1 0)
(3 1 0)
(3.5 1 0)
(4 1 0)
(4.5 1 0)
(5 1 0)
(0 1.5 0)
(0.5 1.5 0)
(1 1.5 0)
(1.5 1.5 0)
(2 1.5 0)
(2.5 1.5 0)
(3 1.5 0)
(3.5 1.5 0)
(4 1.5 0)
(4.5 1.5 0)
(5 1.5 0)
(0 2 0)
(0.5 2 0)
(1 2 0)
(1.5 2 0)
(2 2 0)
(2.5 2 0)
(3 2 0)
(3.5 2 0)
(4 2 0)
(4.5 2 0)
(5 2 0)
(0 2.5 0)
(0.5 2.5 0)
(1 2.5 0)
(1.5 2.5 0)
(2 2.5 0)
(2.5 2.5 0)
(3 2.5 0)
(3.5 2.5 0)
(4 2.5 0)
(4.5 2.5 0)
(5 2.5 0)
(0 3 0)
(0.5 3 0)
(1 3 0)
(1.5 3 0)
(2 3 0)
(2.5 3 0)
(3 3 0)
(3.5 3 0)
(4 3 0)
(4.5 3 0)
(5 3 0)
(0 3.5 0)
(0.5 3.5 0)
(1 3.5 0)
(1.5 3.5 0)
(2 3.5 0)
(2.5 3.5 0)
(3 3.5 0)
(3.5 3.5 0)
(4 3.5 0)
(4.5 3.5 0)
(5 3.5 0)
(0 4 0)
(0.5 4 0)
(1 4 0)
(1.5 4 0)
(2 4 0)
(2.5 4 0)
(3 4 0)
(3.5 4 0)
(4 4 0)
(4.5 4 0)
(5 4 0)
(0 4.5 0)
(0.5 4.5 0)
(1 4.5 0)
(1.5 4.5 0)
(2 4.5 0)
(2.5 4.5 0)
(3 4.5 0)
(3.5 4.5 0)
(4 4.5 0)
(4.5 4.5 0)
(5 4.5 0)
(0 5 0)
(0.5 5 0)
(1 5 0)
(1.5 5 0)
(2 5 0)
(2.5 5 0)
(3 5 0)
(3.5 5 0)
(4 5 0)
(4.5 5 0)
(5 5 0)
(0 0 0.25)
(0.5 0 0.25)
(1 0 0.25)
(1.5 0 0.25)
(2 0 0.25)
(2.5 0 0.25)
(3 0 0.25)
(3.5 0 0.25)
(4 0 0.25)
(4.5 0 0.25)
(5 0 0.25)
(0 0.5 0.25)
(0.5 0.5 0.25)
(1 0.5 0.25)
(1.5 0.5 0.25)
(2 0.5 0.25)
(2.5 0.5 0.25)
(3 0.5 0.25)
(3.5 0.5 0.25)
(4 0.5 0.25)
(4.5 0.5 0.25)
(5 0.5 0.25)
(0 1 0.25)
(0.5 1 0.25)
(1 1 0.25)
(1.5 1 0.25)
(2 1 0.25)
(2.5 1 0.25)
(3 1 0.25)
(3.5 1 0.25)
(4 1 0.25)
(4.5 1 0.25)
(5 1 0.25)
(0 1.5 0.25)
(0.5 1.5 0.25)
(1 1.5 0.25)
(1.5 1.5 0.25)
(2 1.5 0.25)
(2.5 1.5 0.25)
(3 1.5 0.25)
(3.5 1.5 0.25)
(4 1.5 0.25)
(4.5 1.5 0.25)
(5 1.5 0.25)
(0 2 0.25)
(0.5 2 0.25)
(1 2 0.25)
(1.5 2 0.25)
(2 2 0.25)
(2.5 2 0.25)
(3 2 0.25)
(3.5 2 0.25)
(4 2 0.25)
(4.5 2 0.25)
(5 2 0.25)
(0 2.5 0.25)
(0.5 2.5 0.25)
(1 2.5 0.25)
(1.5 2.5 0.25)
(2 2.5 0.25)
(2.5 2.5 0.25)
(3 2.5 0.25)
(3.5 2.5 0.25)
(4 2.5 0.25)
(4.5 2.5 0.25)
(5 2.5 0.25)
(0 3 0.25)
(0.5 3 0.25)
(1 3 0.25)
(1.5 3 0.25)
(2 3 0.25)
(2.5 3 0.25)
(3 3 0.25)
(3.5 3 0.25)
(4 3 0.25)
(4.5 3 0.25)
(5 3 0.25)
(0 3.5 0.25)
(0.5 3.5 0.25)
(1 3.5 0.25)
(1.5 3.5 0.25)
(2 3.5 0.25)
(2.5 3.5 0.25)
(3 3.5 0.25)
(3.5 3.5 0.25)
(4 3.5 0.25)
(4.5 3.5 0.25)
(5 3.5 0.25)
(0 4 0.25)
(0.5 4 0.25)
(1 4 0.25)
(1.5 4 0.25)
(2 4 0.25)
(2.5 4 0.25)
(3 4 0.25)
(3.5 4 0.25)
(4 4 0.25)
(4.5 4 0.25)
(5 4 0.25)
(0 4.5 0.25)
(0.5 4.5 0.25)
(1 4.5 0.25)
(1.5 4.5 0.25)
(2 4.5 0.25)
(2.5 4.5 0.25)
(3 4.5 0.25)
(3.5 4.5 0.25)
(4 4.5 0.25)
(4.5 4.5 0.25)
(5 4.5 0.25)
(0 5 0.25)
(0.5 5 0.25)
(1 5 0.25)
(1.5 5 0.25)
(2 5 0.25)
(2.5 5 0.25)
(3 5 0.25)
(3.5 5 0.25)
(4 5 0.25)
(4.5 5 0.25)
(5 5 0.25)
(0 0 0.5)
(0.5 0 0.5)
(1 0 0.5)
(1.5 0 0.5)
(2 0 0.5)
(2.5 0 0.5)
(3 0 0.5)
(3.5 0 0.5)
(4 0 0.5)
(4.5 0 0.5)
(5 0 0.5)
(0 0.5 0.5)
(0.5 0.5 0.5)
(1 0.5 0.5)
(1.5 0.5 0.5)
(2 0.5 0.5)
(2.5 0.5 0.5)
(3 0.5 0.5)
(3.5 0.5 0.5)
(4 0.5 0.5)
(4.5 0.5 0.5)
(5 0.5 0.5)
(0 1 0.5)
(0.5 1 0.5)
(1 1 0.5)
(1.5 1 0.5)
(2 1 0.5)
(2.5 1 0.5)
(3 1 0.5)
(3.5 1 0.5)
(4 1 0.5)
(4.5 1 0.5)
(5 1 0.5)
(0 1.5 0.5)
(0.5 1.5 0.5)
(1 1.5 0.5)
(1.5 1.5 0.5)
(2 1.5 0.5)
(2.5 1.5 0.5)
(3 1.5 0.5)
(3.5 1.5 0.5)
(4 1.5 0.5)
(4.5 1.5 0.5)
(5 1.5 0.5)
(0 2 0.5)
(0.5 2 0.5)
(1 2 0.5)
(1.5 2 0.5)
(2 2 0.5)
(2.5 2 0.5)
(3 2 0.5)
(3.5 2 0.5)
(4 2 0.5)
(4.5 2 0.5)
(5 2 0.5)
(0 2.5 0.5)
(0.5 2.5 0.5)
(1 2.5 0.5)
(1.5 2.5 0.5)
(2 2.5 0.5)
(2.5 2.5 0.5)
(3 2.5 0.5)
(3.5 2.5 0.5)
(4 2.5 0.5)
(4.5 2.5 0.5)
(5 2.5 0.5)
(0 3 0.5)
(0.5 3 0.5)
(1 3 0.5)
(1.5 3 0.5)
(2 3 0.5)
(2.5 3 0.5)
(3 3 0.5)
(3.5 3 0.5)
(4 3 0.5)
(4.5 3 0.5)
(5 3 0.5)
(0 3.5 0.5)
(0.5 3.5 0.5)
(1 3.5 0.5)
(1.5 3.5 0.5)
(2 3.5 0.5)
(2.5 3.5 0.5)
(3 3.5 0.5)
(3.5 3.5 0.5)
(4 3.5 0.5)
(4.5 3.5 0.5)
(5 3.5 0.5)
(0 4 0.5)
(0.5 4 0.5)
(1 4 0.5)
(1.5 4 0.5)
(2 4 0.5)
(2.5 4 0.5)
(3 4 0.5)
(3.5 4 0.5)
(4 4 0.5)
(4.5 4 0.5)
(5 4 0.5)
(0 4.5 0.5)
(0.5 4.5 0.5)
(1 4.5 0.5)
(1.5 4.5 0.5)
(2 4.5 0.5)
(2.5 4.5 0.5)
(3 4.5 0.5)
(3.5 4.5 0.5)
(4 4.5 0.5)
(4.5 4.5 0.5)
(5 4.5 0.5)
(0 5 0.5)
(0.5 5 0.5)
(1 5 0.5)
(1.5 5 0.5)
(2 5 0.5)
(2.5 5 0.5)
(3 5 0.5)
(3.5 5 0.5)
(4 5 0.5)
(4.5 5 0.5)
(5 5 0.5)
(0 0 0.75)
(0.5 0 0.75)
(1 0 0.75)
(1.5 0 0.75)
(2 0 0.75)
(2.5 0 0.75)
(3 0 0.75)
(3.5 0 0.75)
(4 0 0.75)
(4.5 0 0.75)
(5 0 0.75)
(0 0.5 0.75)
(0.5 0.5 0.75)
(1 0.5 0.75)
(1.5 0.5 0.75)
(2 0.5 0.75)
(2.5 0.5 0.75)
(3 0.5 0.75)
(3.5 0.5 0.75)
(4 0.5 0.75)
(4.5 0.5 0.75)
(5 0.5 0.75)
(0 1 0.75)
(0.5 1 0.75)
(1 1 0.75)
(1.5 1 0.75)
(2 1 0.75)
(2.5 1 0.75)
(3 1 0.75)
(3.5 1 0.75)
(4 1 0.75)
(4.5 1 0.75)
(5 1 0.75)
(0 1.5 0.75)
(0.5 1.5 0.75)
(1 1.5 0.75)
(1.5 1.5 0.75)
(2 1.5 0.75)
(2.5 1.5 0.75)
(3 1.5 0.75)
(3.5 1.5 0.75)
(4 1.5 0.75)
(4.5 1.5 0.75)
(5 1.5 0.75)
(0 2 0.75)
(0.5 2 0.75)
(1 2 0.75)
(1.5 2 0.75)
(2 2 0.75)
(2.5 2 0.75)
(3 2 0.75)
(3.5 2 0.75)
(4 2 0.75)
(4.5 2 0.75)
(5 2 0.75)
(0 2.5 0.75)
(0.5 2.5 0.75)
(1 2.5 0.75)
(1.5 2.5 0.75)
(2 2.5 0.75)
(2.5 2.5 0.75)
(3 2.5 0.75)
(3.5 2.5 0.75)
(4 2.5 0.75)
(4.5 2.5 0.75)
(5 2.5 0.75)
(0 3 0.75)
(0.5 3 0.75)
(1 3 0.75)
(1.5 3 0.75)
(2 3 0.75)
(2.5 3 0.75)
(3 3 0.75)
(3.5 3 0.75)
(4 3 0.75)
(4.5 3 0.75)
(5 3 0.75)
(0 3.5 0.75)
(0.5 3.5 0.75)
(1 3.5 0.75)
(1.5 3.5 0.75)
(2 3.5 0.75)
(2.5 3.5 0.75)
(3 3.5 0.75)
(3.5 3.5 0.75)
(4 3.5 0.75)
(4.5 3.5 0.75)
(5 3.5 0.75)
(0 4 0.75)
(0.5 4 0.75)
(1 4 0.75)
(1.5 4 0.75)
(2 4 0.75)
(2.5 4 0.75)
(3 4 0.75)
(3.5 4 0.75)
(4 4 0.75)
(4.5 4 0.75)
(5 4 0.75)
(0 4.5 0.75)
(0.5 4.5 0.75)
(1 4.5 0.75)
(1.5 4.5 0.75)
(2 4.5 0.75)
(2.5 4.5 0.75)
(3 4.5 0.75)
(3.5 4.5 0.75)
(4 4.5 0.75)
(4.5 4.5 0.75)
(5 4.5 0.75)
(0 5 0.75)
(0.5 5 0.75)
(1 5 0.75)
(1.5 5 0.75)
(2 5 0.75)
(2.5 5 0.75)
(3 5 0.75)
(3.5 5 0.75)
(4 5 0.75)
(4.5 5 0.75)
(5 5 0.75)
(0 0 1)
(0.5 0 1)
(1 0 1)
(1.5 0 1)
(2 0 1)
(2.5 0 1)
(3 0 1)
(3.5 0 1)
(4 0 1)
(4.5 0 1)
(5 0 1)
(0 0.5 1)
(0.5 0.5 1)
(1 0.5 1)
(1.5 0.5 1)
(2 0.5 1)
(2.5 0.5 1)
(3 0.5 1)
(3.5 0.5 1)
(4 0.5 1)
(4.5 0.5 1)
(5 0.5 1)
(0 1 1)
(0.5 1 1)
(1 1 1)
(1.5 1 1)
(2 1 1)
(2.5 1 1)
(3 1 1)
(3.5 1 1)
(4 1 1)
(4.5 1 1)
(5 1 1)
(0 1.5 1)
(0.5 1.5 1)
(1 1.5 1)
(1.5 1.5 1)
(2 1.5 1)
(2.5 1.5 1)
(3 1.5 1)
(3.5 1.5 1)
(4 1.5 1)
(4.5 1.5 1)
(5 1.5 1)
(0 2 1)
(0.5 2 1)
(1 2 1)
(1.5 2 1)
(2 2 1)
(2.5 2 1)
(3 2 1)
(3.5 2 1)
(4 2 1)
(4.5 2 1)
(5 2 1)
(0 2.5 1)
(0.5 2.5 1)
(1 2.5 1)
(1.5 2.5 1)
(2 2.5 1)
(2.5 2.5 1)
(3 2.5 1)
(3.5 2.5 1)
(4 2.5 1)
(4.5 2.5 1)
(5 2.5 1)
(0 3 1)
(0.5 3 1)
(1 3 1)
(1.5 3 1)
(2 3 1)
(2.5 3 1)
(3 3 1)
(3.5 3 1)
(4 3 1)
(4.5 3 1)
(5 3 1)
(0 3.5 1)
(0.5 3.5 1)
(1 3.5 1)
(1.5 3.5 1)
(2 3.5 1)
(2.5 3.5 1)
(3 3.5 1)
(3.5 3.5 1)
(4 3.5 1)
(4.5 3.5 1)
(5 3.5 1)
(0 4 1)
(0.5 4 1)
(1 4 1)
(1.5 4 1)
(2 4 1)
(2.5 4 1)
(3 4 1)
(3.5 4 1)
(4 4 1)
(4.5 4 1)
(5 4 1)
(0 4.5 1)
(0.5 4.5 1)
(1 4.5 1)
(1.5 4.5 1)
(2 4.5 1)
(2.5 4.5 1)
(3 4.5 1)
(3.5 4.5 1)
(4 4.5 1)
(4.5 4.5 1)
(5 4.5 1)
(0 5 1)
(0.5 5 1)
(1 5 1)
(1.5 5 1)
(2 5 1)
(2.5 5 1)
(3 5 1)
(3.5 5 1)
(4 5 1)
(4.5 5 1)
(5 5 1)
)


// ************************************************************************* //
