/*--------------------------------*- C++ -*----------------------------------*\
| =========                 |                                                 |
| \\      /  F ield         | foam-extend: Open Source CFD                    |
|  \\    /   O peration     | Version:     4.1                                |
|   \\  /    A nd           | Web:         http://www.foam-extend.org         |
|    \\/     M anipulation  |                                                 |
\*---------------------------------------------------------------------------*/
FoamFile
{
    version     2.0;
    format      ascii;
    class       cellScalarField;
    location    "5.1";
    object      T;
}
// * * * * * * * * * * * * * * * * * * * * * * * * * * * * * * * * * * * * * //

dimensions      [0 0 0 0 1 0 0];

internalField   nonuniform 
100
(
(4 -3.757266872e-11 -8.349408428e-11)
(4 3.421944891e-09 5.615634609e-09)
(4.000000066 1.554455856e-08 -7.44115873e-08)
(4.000000676 1.757486818e-06 3.30885713e-06)
(4.000059052 7.102734524e-05 2.142147582e-05)
(4.000600888 0.0005871085088 0.0005558804613)
(4.01256751 0.01629634665 0.009234136061)
(4.141044971 0.1354368927 0.04010699173)
(4.706243492 0.4540805932 0.06392671526)
(5.965331493 0.7809868749 0.0272272252)
(7.585731854 0.7869007307 -0.03455602085)
(8.90021214 0.5075255298 -0.05330324067)
(9.618079512 0.2243778419 -0.03441793718)
(9.896931263 0.07201907172 -0.01383238287)
(9.977796251 0.0176375512 -0.003937214199)
(9.996071916 0.003439328558 -0.0008549198272)
(9.999413937 0.0005535164444 -0.0001491248255)
(9.999924506 7.573070458e-05 -2.171732975e-05)
(9.999991434 9.024211969e-06 -2.720007196e-06)
(9.999999129 9.552244501e-07 -2.998616586e-07)
(9.99999992 9.127493782e-08 -2.963900311e-08)
(9.999999993 7.977851136e-09 -2.665851985e-09)
(9.999999999 6.448383697e-10 -2.208403593e-10)
(10 4.863878331e-11 -1.701730562e-11)
(10 3.450137669e-12 -1.229674666e-12)
(10 2.311521504e-13 -8.404891034e-14)
(10 1.426378819e-14 -6.024363009e-15)
(10 2.845203706e-16 7.294769897e-16)
(10 -7.712356977e-16 -5.227299211e-16)
(10 1.547467887e-15 -6.123864699e-16)
(10 -6.976845285e-16 6.900099417e-16)
(10 2.458369589e-16 -2.853013699e-16)
(10 1.801712286e-16 3.20323441e-16)
(10 -3.235106307e-16 2.85003447e-16)
(10 1.124539289e-16 -1.363416829e-16)
(10 -1.034304089e-16 -1.864280666e-16)
(10 -2.474985845e-16 2.463329867e-16)
(10 -4.29748423e-16 -2.566683157e-16)
(10 6.207637179e-16 -4.871013798e-17)
(10 -2.381300513e-16 7.375607395e-16)
(10 -2.190612938e-16 5.695097749e-17)
(10 -1.854879129e-16 6.773210675e-17)
(10 -3.414663252e-16 4.102578508e-16)
(10 2.28273527e-17 1.218579427e-16)
(10 -2.649642484e-16 2.453169795e-16)
(10 -1.894112801e-17 4.265452241e-17)
(10 -2.35059499e-17 1.46179938e-16)
(10 -4.542592377e-16 -9.928045862e-17)
(10 -1.210248092e-18 -3.765913058e-16)
(10 1.093612822e-16 -2.476806326e-16)
(10 8.523293909e-17 -4.060719251e-16)
(10 -5.817897996e-17 -2.008818928e-16)
(10 3.82304655e-17 2.275369465e-16)
(10 -1.685932662e-17 -1.087825639e-17)
(10 2.413900432e-16 1.962281516e-16)
(10 -2.66512645e-16 -2.695542951e-17)
(10 1.364883093e-16 1.74959894e-17)
(10 -2.188385326e-16 5.564619606e-16)
(10 -1.000862168e-15 5.078880458e-16)
(10 1.354184939e-16 -7.673887638e-17)
(10 4.236895964e-18 -2.400961834e-18)
(10 1.325615644e-19 -7.511991314e-20)
(10 4.147509993e-21 -2.350308642e-21)
(10 1.297649075e-22 -7.353510516e-23)
(10 4.060009799e-24 -2.300724081e-24)
(10 1.270272517e-25 -7.198373192e-26)
(10 3.974355599e-27 -2.252185607e-27)
(10 1.243473523e-28 -7.046508804e-29)
(10 3.890508449e-30 -2.204671151e-30)
(10 1.217239909e-31 -6.897848306e-32)
(10 3.808430225e-33 -2.158159109e-33)
(10 1.191559747e-34 -6.752324104e-35)
(10 3.728083609e-36 -2.112628333e-36)
(10 1.166421359e-37 -6.609870033e-38)
(10 3.649432069e-39 -2.068058123e-39)
(10 1.141813318e-40 -6.470421321e-41)
(10 3.572439844e-42 -2.024428212e-42)
(10 1.117724433e-43 -6.333914564e-44)
(10 3.497071927e-45 -1.981718763e-45)
(10 1.094143753e-46 -6.200287697e-47)
(10 3.42329405e-48 -1.939910357e-48)
(10 1.071060555e-49 -6.069479961e-50)
(10 3.351072669e-51 -1.898983985e-51)
(10 1.048464345e-52 -5.941431881e-53)
(10 3.280374945e-54 -1.858921038e-54)
(10 1.026344847e-55 -5.816085238e-56)
(10 3.211168734e-57 -1.819703301e-57)
(10 1.004692006e-58 -5.693383038e-59)
(10 3.143422569e-60 -1.781312942e-60)
(10 9.834959756e-62 -5.573269491e-62)
(10 3.077105648e-63 -1.743732507e-63)
(10 9.627471188e-65 -5.455689985e-65)
(10 3.012187818e-66 -1.706944907e-66)
(10 9.424360014e-68 -5.340591059e-68)
(10 2.948639562e-69 -1.670933417e-69)
(10 9.225533886e-71 -5.22792038e-71)
(10 2.886431987e-72 -1.635681663e-72)
(10 9.030902402e-74 -5.117626719e-74)
(10 2.825536807e-75 -1.601173617e-75)
(10 -1.734960091e-15 3.854471254e-15)
)
;

boundaryField
{
    left
    {
        type            dirichlet;
        value           uniform (4 0 0);
    }
    right
    {
        type            dirichlet;
        value           uniform (4 0 0);
    }
    sides
    {
        type            empty;
    }
}


// ************************************************************************* //
