/*--------------------------------*- C++ -*----------------------------------*\
| =========                 |                                                 |
| \\      /  F ield         | foam-extend: Open Source CFD                    |
|  \\    /   O peration     | Version:     4.1                                |
|   \\  /    A nd           | Web:         http://www.foam-extend.org         |
|    \\/     M anipulation  |                                                 |
\*---------------------------------------------------------------------------*/
FoamFile
{
    version     2.0;
    format      ascii;
    class       cellScalarField;
    location    "12.4";
    object      T;
}
// * * * * * * * * * * * * * * * * * * * * * * * * * * * * * * * * * * * * * //

dimensions      [0 0 0 0 1 0 0];

internalField   nonuniform 
100
(
(4 -5.703630593e-17 1.624202108e-17)
(4 -1.847819442e-16 5.381758243e-17)
(4 4.249500282e-17 4.295067164e-17)
(4 1.288275441e-16 -7.968879632e-17)
(4 -1.443761057e-16 2.440173413e-16)
(4 -3.494509376e-16 -1.006138058e-16)
(4 3.945742034e-16 -1.119460228e-16)
(4 -5.796486185e-16 3.158335329e-16)
(4 1.913035147e-14 2.785244133e-14)
(4 7.422868439e-13 3.046713701e-13)
(4 9.808566843e-12 8.745889823e-12)
(4 3.037531535e-10 1.915216324e-10)
(4.000000004 4.58682969e-09 2.703890743e-09)
(4.000000063 7.354928647e-08 4.571559596e-08)
(4.000000936 1.051655523e-06 5.624241873e-07)
(4.000011043 1.16491338e-05 5.879917211e-06)
(4.000113833 0.0001172231509 5.562327689e-05)
(4.001012128 0.000978699194 0.0003911373955)
(4.006969028 0.005946106464 0.001874048413)
(4.035499995 0.0256222942 0.006149119733)
(4.135055816 0.08004377072 0.0141134152)
(4.394602015 0.186857651 0.02285894363)
(4.913467049 0.3351548264 0.02546193556)
(5.727395384 0.472950664 0.01684636591)
(6.749265249 0.5357056111 5.257430045e-05)
(7.793702556 0.4955024429 -0.01558734056)
(8.675804682 0.3799321925 -0.02267774225)
(9.299631295 0.2447510129 -0.02082424564)
(9.67350396 0.1340802398 -0.01448360931)
(9.86548921 0.06316097617 -0.008135778406)
(9.950820846 0.02584835558 -0.003817794398)
(9.983961651 0.009278090536 -0.001529978585)
(9.995308482 0.002947042635 -0.000532235814)
(9.998761915 0.0008352532901 -0.0001628336718)
(9.999703527 0.000212869105 -4.429717684e-05)
(9.999935214 4.913570757e-05 -1.081760455e-05)
(9.99998701 1.034138173e-05 -2.391415617e-06)
(9.999997597 1.996882804e-06 -4.821730149e-07)
(9.999999588 3.55807236e-07 -8.926939512e-08)
(9.999999934 5.881272875e-08 -1.526865805e-08)
(9.99999999 9.062554009e-09 -2.426041379e-09)
(9.999999999 1.307719862e-09 -3.598960579e-10)
(10 1.774493531e-10 -5.00759137e-11)
(10 2.27270638e-11 -6.560640578e-12)
(10 2.762081489e-12 -8.147711147e-13)
(10 3.159781434e-13 -9.579772231e-14)
(10 3.466479231e-14 -1.179393535e-14)
(10 1.955038919e-15 -1.035596501e-15)
(10 -3.355089811e-16 -2.329649852e-17)
(10 5.077052205e-16 2.001966909e-16)
(10 4.589955136e-16 -5.418189541e-16)
(10 -3.551664979e-16 7.194379793e-17)
(10 4.070555727e-16 4.660428528e-16)
(10 -5.368009082e-16 -2.650330023e-17)
(10 -1.278013249e-16 -2.6547127e-16)
(10 3.436737843e-16 -4.11365227e-16)
(10 2.333843642e-18 -4.355015182e-16)
(10 -2.288067918e-16 -2.166550319e-16)
(10 -8.73524394e-17 5.031807338e-16)
(10 -9.03122483e-18 -2.424025732e-16)
(10 -4.599172697e-16 4.287916747e-16)
(10 8.939121096e-17 9.160420242e-18)
(10 4.568152104e-16 5.434288365e-16)
(10 -1.912318726e-16 -4.001805855e-16)
(10 3.648050391e-16 -1.57200242e-17)
(10 -1.256650215e-16 -2.252997196e-16)
(10 5.705165907e-19 -5.777636556e-17)
(10 -1.792160171e-16 -2.021941753e-16)
(10 -6.003567969e-17 -4.743281352e-16)
(10 2.326300674e-16 1.062433513e-16)
(10 1.196971812e-16 -4.043786582e-17)
(10 -5.989760823e-17 -1.788319159e-16)
(10 1.150603148e-16 -6.106847811e-16)
(10 1.792327336e-16 8.686950364e-17)
(10 3.282647853e-16 5.02079847e-16)
(10 -3.826086754e-16 -6.494494121e-17)
(10 1.056762956e-16 4.812134973e-16)
(10 1.285724918e-16 5.164127017e-16)
(10 1.490427644e-16 2.674725497e-18)
(10 -5.45282034e-17 2.500320262e-16)
(10 -3.452736604e-16 3.77704349e-16)
(10 -8.553896612e-17 2.365316148e-16)
(10 -4.151335317e-16 -5.386029374e-17)
(10 4.29068728e-16 -2.937892118e-16)
(10 -1.396299802e-16 -2.43858987e-16)
(10 2.665167735e-16 -2.115795947e-16)
(10 9.900144101e-17 -2.356160424e-16)
(10 2.018503835e-16 -9.731436115e-17)
(10 3.154876109e-16 -1.95554927e-16)
(10 1.656228876e-16 -2.755867132e-17)
(10 6.610016649e-17 3.324978067e-16)
(10 -4.683605508e-17 4.057717615e-16)
(10 1.661352761e-16 -3.989149984e-17)
(10 -3.046338995e-16 -2.973504421e-16)
(10 5.97234106e-16 1.752574583e-16)
(10 1.036577973e-16 1.548794492e-16)
(10 2.740060286e-16 -1.912524697e-16)
(10 -4.549499243e-16 -4.211899804e-16)
(10 1.9850673e-16 7.936797054e-17)
(10 2.500326655e-17 3.058114764e-15)
)
;

boundaryField
{
    left
    {
        type            dirichlet;
        value           uniform (4 0 0);
    }
    right
    {
        type            dirichlet;
        value           uniform (4 0 0);
    }
    sides
    {
        type            empty;
    }
}


// ************************************************************************* //
