/*--------------------------------*- C++ -*----------------------------------*\
| =========                 |                                                 |
| \\      /  F ield         | foam-extend: Open Source CFD                    |
|  \\    /   O peration     | Version:     4.1                                |
|   \\  /    A nd           | Web:         http://www.foam-extend.org         |
|    \\/     M anipulation  |                                                 |
\*---------------------------------------------------------------------------*/
FoamFile
{
    version     2.0;
    format      ascii;
    class       cellScalarField;
    location    "32.9";
    object      T;
}
// * * * * * * * * * * * * * * * * * * * * * * * * * * * * * * * * * * * * * //

dimensions      [0 0 0 0 1 0 0];

internalField   nonuniform 
100
(
(4 -5.703630593e-17 1.624202108e-17)
(4 -1.085293803e-16 -1.727672736e-16)
(4 9.040239198e-17 -1.711385997e-16)
(4 9.216665215e-17 -3.8225428e-17)
(4 -4.241480528e-17 -1.608264963e-17)
(4 -4.212748171e-16 3.255672007e-17)
(4 3.769532021e-16 -1.175913074e-16)
(4 -2.694754997e-16 2.297456172e-16)
(4 7.604509383e-16 2.429069224e-16)
(4 -1.175089192e-15 -1.024607073e-16)
(4 1.146316738e-16 -4.351770095e-17)
(4 -2.9984817e-16 -1.384165642e-16)
(4 9.18512555e-16 -1.764888215e-17)
(4 1.387909016e-16 -2.916359154e-16)
(4 1.9177992e-16 1.657842635e-16)
(4 -1.110081805e-16 2.52356331e-16)
(4 1.104830401e-16 -2.097243425e-16)
(4 -2.480647387e-16 -6.619020626e-16)
(4 1.058017409e-15 -1.143029657e-16)
(4 -7.701675667e-16 -1.06094653e-16)
(4 7.104627272e-16 -2.664946743e-16)
(4 -5.609336934e-16 2.040503387e-17)
(4 2.25802644e-16 -2.062706939e-16)
(4 -1.133550756e-16 1.776720022e-16)
(4 -1.918982639e-16 -7.3542435e-18)
(4 -4.333029813e-17 -4.01759709e-17)
(4 -1.275381218e-16 -1.751739801e-17)
(4 7.726968131e-17 -2.722058668e-17)
(4 -3.207370695e-16 -3.153409375e-17)
(4 1.12725919e-16 -4.734003141e-17)
(4 3.856377099e-16 -2.597019274e-16)
(4 -3.69026455e-17 6.060937077e-17)
(4 -2.24170089e-16 -2.091874233e-18)
(4 -3.935546701e-16 2.947670786e-16)
(4 7.827328676e-16 -5.384451113e-17)
(4 -7.790073987e-16 -4.545619545e-17)
(4 5.098398593e-16 -4.112356907e-17)
(4 -5.3804173e-16 3.154305946e-17)
(4 4.462863786e-16 -4.915228367e-17)
(4 1.555168221e-15 2.222434634e-15)
(4 3.59472658e-14 1.870780321e-14)
(4 3.713680922e-13 1.804513114e-13)
(4 3.556005729e-12 1.667042983e-12)
(4 3.171433068e-11 1.426908446e-11)
(4 2.619761897e-10 1.125881302e-10)
(4.000000002 1.993571022e-09 8.140180363e-10)
(4.000000015 1.389269302e-08 5.3556415e-09)
(4.000000102 8.806185176e-08 3.181205799e-08)
(4.000000611 5.041357992e-07 1.692776627e-07)
(4.000003313 2.590150306e-06 8.01882676e-07)
(4.000016152 1.188958455e-05 3.368110191e-06)
(4.000070672 4.864881365e-05 1.252190484e-05)
(4.000277335 0.000177383331 4.120822436e-05)
(4.000977105 0.0005770719203 0.0001201871332)
(4.003097579 0.001678881021 0.0003112360615)
(4.008862853 0.004380804277 0.0007170389216)
(4.022969459 0.0102859956 0.001472241274)
(4.054132016 0.02180555185 0.002697139752)
(4.116486234 0.04187791848 0.00440936855)
(4.229861241 0.07310303969 0.006422937547)
(4.41776838 0.1163592957 0.008300086911)
(4.702507069 0.1693963951 0.009424280892)
(5.098120927 0.2262055031 0.009208411357)
(5.603484118 0.2778392571 0.007361541569)
(6.198557152 0.3147100988 0.004074033207)
(6.846063394 0.3295587777 3.437319048e-06)
(7.498661293 0.3198056437 -0.003950002549)
(8.109249905 0.2882357471 -0.006968896372)
(8.640724372 0.2417970646 -0.008584628241)
(9.071981013 0.1891855509 -0.008770521474)
(9.398840352 0.1383291488 -0.007853456292)
(9.630673655 0.09469982368 -0.006323299472)
(9.784832173 0.06081125488 -0.004644625096)
(9.881102917 0.03669263217 -0.003141333744)
(9.937660141 0.02083857558 -0.001969136815)
(9.968968202 0.01115734651 -0.001149695233)
(9.985324432 0.00564084316 -0.0006276891128)
(9.993401104 0.002697008547 -0.0003214999991)
(9.997176368 0.001221295033 -0.0001549204185)
(9.998849201 0.0005245471407 -7.04039808e-05)
(9.999552847 0.0002139842043 -3.024165049e-05)
(9.999834195 8.302378172e-05 -1.230287193e-05)
(9.999941271 3.067755527e-05 -4.74902994e-06)
(9.999980109 1.080922107e-05 -1.742406809e-06)
(9.999993552 3.636353968e-06 -6.086151748e-07)
(9.999997997 1.169402165e-06 -2.026969847e-07)
(9.999999403 3.599160104e-07 -6.446018571e-08)
(9.999999829 1.061396248e-07 -1.96008037e-08)
(9.999999953 3.002472546e-08 -5.706445485e-09)
(9.999999988 8.156023008e-09 -1.592628276e-09)
(9.999999997 2.129779224e-09 -4.266215612e-10)
(9.999999999 5.351778306e-10 -1.098159713e-10)
(10 1.295421662e-10 -2.719329954e-11)
(10 3.02292746e-11 -6.484423476e-12)
(10 6.808454099e-12 -1.490421758e-12)
(10 1.4815857e-12 -3.321378693e-13)
(10 3.075439759e-13 -7.128380932e-14)
(10 6.077777884e-14 -1.224801723e-14)
(10 1.730412383e-14 -3.087099662e-15)
(10 7.598778864e-15 1.001114491e-15)
)
;

boundaryField
{
    left
    {
        type            dirichlet;
        value           uniform (4 0 0);
    }
    right
    {
        type            dirichlet;
        value           uniform (4 0 0);
    }
    sides
    {
        type            empty;
    }
}


// ************************************************************************* //
