/*--------------------------------*- C++ -*----------------------------------*\
| =========                 |                                                 |
| \\      /  F ield         | foam-extend: Open Source CFD                    |
|  \\    /   O peration     | Version:     4.1                                |
|   \\  /    A nd           | Web:         http://www.foam-extend.org         |
|    \\/     M anipulation  |                                                 |
\*---------------------------------------------------------------------------*/
FoamFile
{
    version     2.0;
    format      ascii;
    class       cellScalarField;
    location    "42.8";
    object      T;
}
// * * * * * * * * * * * * * * * * * * * * * * * * * * * * * * * * * * * * * //

dimensions      [0 0 0 0 1 0 0];

internalField   nonuniform 
100
(
(4 -5.703630593e-17 1.624202108e-17)
(4 -1.617375653e-16 9.765714473e-17)
(4 3.33584424e-17 -1.026672447e-16)
(4 -2.665408935e-17 2.562294631e-16)
(4 1.754528852e-17 3.844860828e-17)
(4 -4.76183282e-16 -6.543254504e-17)
(4 4.722798784e-16 4.965830691e-17)
(4 -4.344516336e-16 2.108860593e-16)
(4 8.233576653e-16 -1.029439049e-17)
(4 -1.510405928e-15 -2.549173715e-18)
(4 2.946624795e-16 -1.906194889e-17)
(4 -9.628389322e-17 -1.209078513e-16)
(4 1.097274694e-15 -1.389532018e-16)
(4 -3.817819924e-16 2.558409609e-16)
(4 2.990811398e-17 1.183253553e-16)
(4 2.756534722e-17 -1.094225666e-16)
(4 -1.358020128e-16 1.408601963e-16)
(4 -5.696417172e-17 5.548306297e-18)
(4 -1.271466982e-16 2.121527049e-17)
(4 2.317214107e-17 1.270701706e-16)
(4 1.659506539e-17 4.792353958e-17)
(4 -2.559780626e-17 -6.581562995e-17)
(4 1.081980036e-16 -1.308701499e-17)
(4 -2.407766608e-16 -1.706901432e-16)
(4 2.880190318e-16 2.557037505e-16)
(4 -7.700940952e-16 -3.328762228e-16)
(4 9.410624996e-16 7.272888747e-18)
(4 -8.712646676e-16 2.156365448e-16)
(4 -4.06127302e-16 -1.195154072e-16)
(4 3.825046137e-16 5.266536564e-17)
(4 -1.221000529e-16 1.181254494e-17)
(4 2.021044302e-16 -7.311558409e-19)
(4 -1.603946357e-16 -3.627711988e-17)
(4 -4.705460483e-16 2.218046095e-16)
(4 3.607395707e-16 1.276502352e-16)
(4 -1.664316398e-16 4.332182468e-17)
(4 6.199238407e-16 7.736615121e-17)
(4 -7.515696069e-16 3.34181899e-18)
(4 3.275615092e-16 4.90863604e-17)
(4 9.105841332e-17 2.176707934e-16)
(4 -1.554287674e-16 -1.111671406e-16)
(4 8.003424809e-17 4.088018228e-17)
(4 -1.315032305e-16 -3.806512903e-17)
(4 -1.542514915e-16 9.794401139e-17)
(4 -5.065122599e-16 1.62501233e-17)
(4 9.033029588e-16 1.283389832e-16)
(4 -9.376262281e-16 1.169293445e-16)
(4 8.105468764e-16 -1.90414763e-16)
(4 -9.426432764e-16 1.428963074e-16)
(4 4.377649865e-16 -2.99126754e-16)
(4 4.709791952e-16 5.564065056e-18)
(4 -7.51815793e-16 -1.053150867e-16)
(4 6.807154031e-16 -2.226966123e-16)
(4 -9.809613444e-16 1.825062299e-16)
(4 6.63612745e-16 1.177278109e-16)
(4 2.961896337e-15 6.984172286e-16)
(4 1.926380329e-14 1.032102343e-14)
(4 1.816875701e-13 7.905079236e-14)
(4 1.417325687e-12 5.927832856e-13)
(4 1.037939433e-11 4.165271482e-12)
(4 7.094806493e-11 2.722936332e-11)
(4.000000001 4.511372844e-10 1.649270551e-10)
(4.000000003 2.658776166e-09 9.218398033e-10)
(4.000000018 1.447128229e-08 4.736780086e-09)
(4.000000094 7.251490813e-08 2.230578652e-08)
(4.000000454 3.337291254e-07 9.6041723e-08)
(4.000002014 1.40839405e-06 3.775736419e-07)
(4.000008226 5.44633415e-06 1.354550893e-06)
(4.000030903 1.929984563e-05 4.434982753e-06)
(4.000106877 6.271412751e-05 1.326064393e-05)
(4.000340659 0.000187085316 3.624374902e-05)
(4.001002286 0.0005131282709 9.065586335e-05)
(4.002727165 0.001296198872 0.0002077642991)
(4.006876755 0.003021228368 0.0004367599655)
(4.016105733 0.006510262049 0.0008429695426)
(4.035117445 0.01299457925 0.001494645031)
(4.071460943 0.02407216604 0.002434837347)
(4.136052897 0.04146508113 0.003642016901)
(4.242974978 0.06653775998 0.004993540702)
(4.408118944 0.09964399615 0.006253911315)
(4.646520394 0.1395030311 0.007107413306)
(4.968719839 0.1828902546 0.007238458595)
(5.37704233 0.2248897047 0.006438076012)
(5.863014951 0.2597717246 0.004694960857)
(6.407007471 0.2822950437 0.002228322534)
(6.980550012 0.2890182614 -0.0005583346022)
(7.550880249 0.2791622441 -0.00318844169)
(8.086492419 0.2547267916 -0.005245465006)
(8.562148429 0.2198548743 -0.006477124151)
(8.962084457 0.1797128596 -0.00683652844)
(9.280843077 0.1392913462 -0.006455828302)
(9.521949966 0.1024884216 -0.005574590971)
(9.695218836 0.07166702964 -0.004456786754)
(9.813650327 0.04767949323 -0.00332534349)
(9.890724434 0.030211447 -0.002328440952)
(9.938531335 0.01825098476 -0.001536374854)
(9.966822289 0.01052230971 -0.0009583652093)
(9.982810589 0.005795215243 -0.0005666377598)
(9.991447665 0.003051930826 -0.0003182574868)
(9.995911857 0.001538257681 -0.000170128884)
)
;

boundaryField
{
    left
    {
        type            dirichlet;
        value           uniform (4 0 0);
    }
    right
    {
        type            dirichlet;
        value           uniform (4 0 0);
    }
    sides
    {
        type            empty;
    }
}


// ************************************************************************* //
