/*--------------------------------*- C++ -*----------------------------------*\
| =========                 |                                                 |
| \\      /  F ield         | foam-extend: Open Source CFD                    |
|  \\    /   O peration     | Version:     4.1                                |
|   \\  /    A nd           | Web:         http://www.foam-extend.org         |
|    \\/     M anipulation  |                                                 |
\*---------------------------------------------------------------------------*/
FoamFile
{
    version     2.0;
    format      ascii;
    class       cellScalarField;
    location    "36.1";
    object      T;
}
// * * * * * * * * * * * * * * * * * * * * * * * * * * * * * * * * * * * * * //

dimensions      [0 0 0 0 1 0 0];

internalField   nonuniform 
100
(
(4 -5.703630593e-17 1.624202108e-17)
(4 -1.073092248e-16 -5.018178553e-17)
(4 1.442156743e-17 -3.277262669e-17)
(4 -1.115770751e-16 -4.568597899e-17)
(4 5.09284957e-17 -1.046602024e-16)
(4 -5.87058806e-16 -4.749330526e-17)
(4 5.867658838e-16 -1.12486941e-16)
(4 -3.261803214e-16 -6.098405e-17)
(4 8.440462603e-16 -1.305156643e-16)
(4 -1.392262843e-15 1.341433625e-16)
(4 2.143515295e-16 4.129260121e-17)
(4 7.751122508e-17 -3.508191316e-16)
(4 1.059226651e-15 -1.544889944e-17)
(4 -5.489188376e-16 -4.015783762e-17)
(4 6.779591561e-16 -1.084505338e-16)
(4 -4.163426332e-16 4.365233274e-16)
(4 -6.144660808e-17 3.77529617e-17)
(4 -1.327172138e-17 -3.494716808e-17)
(4 6.904476331e-17 1.560549427e-16)
(4 -3.395880964e-16 -5.258962267e-17)
(4 4.806451119e-16 2.385671476e-16)
(4 -8.365817961e-16 -1.997342408e-16)
(4 9.318753853e-16 -8.070393683e-17)
(4 -9.363949045e-16 2.289283363e-16)
(4 7.396255505e-16 -8.169627042e-17)
(4 -9.502503665e-16 2.140883879e-17)
(4 1.038998414e-15 -1.705105067e-17)
(4 -1.155362649e-15 1.439834081e-16)
(4 3.597137373e-16 -7.004525981e-17)
(4 -4.212153316e-16 5.2897999e-16)
(4 1.717880362e-16 -1.706602898e-16)
(4 9.403651399e-17 4.450915337e-17)
(4 -1.485386234e-16 -1.651810773e-16)
(4 -4.252679232e-16 2.020468546e-16)
(4 8.094770873e-16 9.702276558e-17)
(4 -9.544581048e-16 -3.583038497e-17)
(4 5.950124239e-16 -1.102283443e-16)
(4 -2.963336793e-16 -1.740436727e-16)
(4 3.675761345e-16 9.578363286e-17)
(4 -5.148358736e-17 7.014031285e-17)
(4 -1.837395868e-17 2.334902537e-16)
(4 -1.425819526e-16 9.506726157e-17)
(4 -2.730365814e-17 5.206728263e-17)
(4 2.280015111e-18 -2.669203872e-18)
(4 4.57617557e-16 1.512586091e-15)
(4 2.261256144e-14 1.058332268e-14)
(4 2.139235047e-13 1.020237475e-13)
(4 1.943302057e-12 8.806961351e-13)
(4 1.631568522e-11 7.098489944e-12)
(4 1.273399292e-10 5.298144845e-11)
(4.000000001 9.194831878e-10 3.640009594e-10)
(4.000000007 6.109384293e-09 2.288365968e-09)
(4.000000044 3.714511287e-08 1.308179968e-08)
(4.000000253 2.055245012e-07 6.760591882e-08)
(4.000001335 1.029979672e-06 3.143759824e-07)
(4.000006388 4.659394327e-06 1.311400363e-06)
(4.000027689 1.899241518e-05 4.900244894e-06)
(4.000108695 6.973163695e-05 1.640025506e-05)
(4.000386703 0.0002308016194 4.920367652e-05)
(4.001248856 0.0006898220042 0.0001325157703)
(4.003669618 0.001865937405 0.0003209023119)
(4.00983816 0.00457967859 0.0006998582398)
(4.024140095 0.01022677194 0.001376430213)
(4.05439169 0.02083619039 0.002443135958)
(4.112925593 0.03883970153 0.003913445041)
(4.216802395 0.06641781318 0.005648953813)
(4.38631251 0.1044667819 0.007321169187)
(4.641296475 0.1515114961 0.008454016378)
(4.9957026 0.2031086211 0.008562025959)
(5.451894228 0.2522442653 0.007342688979)
(5.996891435 0.2908531816 0.004834532837)
(6.602432318 0.3120270317 0.001452847018)
(7.229416687 0.3120630681 -0.002128504368)
(7.835536956 0.29150935 -0.005200191972)
(8.383612068 0.2548096455 -0.007243093466)
(8.847976471 0.2087822285 -0.008060179147)
(9.21724657 0.1606263257 -0.007774660634)
(9.493302601 0.1162222251 -0.00672180727)
(9.687612277 0.07921168058 -0.005301304805)
(9.816582223 0.05092976088 -0.003854858296)
(9.897419305 0.03093637138 -0.002603102445)
(9.945334326 0.01777849866 -0.00164100814)
(9.972228846 0.009679266893 -0.0009696809395)
(9.986542861 0.004999049804 -0.00053885508)
(9.993775931 0.002452388888 -0.000282382285)
(9.997250411 0.00114417278 -0.0001398813025)
(9.998838924 0.0005083032481 -6.563762991e-05)
(9.999530976 0.0002152769765 -2.923074979e-05)
(9.999818606 8.701950384e-05 -1.237576955e-05)
(9.999932779 3.36099496e-05 -4.989347221e-06)
(9.999976111 1.241728987e-05 -1.918234178e-06)
(9.999991852 4.392956626e-06 -7.042936835e-07)
(9.99999733 1.489738223e-06 -2.472718851e-07)
(9.999999159 4.847596766e-07 -8.312086952e-08)
(9.999999745 1.515081798e-07 -2.678428414e-08)
(9.999999926 4.552580292e-08 -8.282899427e-09)
(9.999999979 1.316435798e-08 -2.4609021e-09)
(9.999999994 3.666571973e-09 -7.031929359e-10)
(9.999999999 9.845306668e-10 -1.934499852e-10)
(10 2.550792816e-10 -5.12817564e-11)
)
;

boundaryField
{
    left
    {
        type            dirichlet;
        value           uniform (4 0 0);
    }
    right
    {
        type            dirichlet;
        value           uniform (4 0 0);
    }
    sides
    {
        type            empty;
    }
}


// ************************************************************************* //
