/*--------------------------------*- C++ -*----------------------------------*\
| =========                 |                                                 |
| \\      /  F ield         | foam-extend: Open Source CFD                    |
|  \\    /   O peration     | Version:     4.1                                |
|   \\  /    A nd           | Web:         http://www.foam-extend.org         |
|    \\/     M anipulation  |                                                 |
\*---------------------------------------------------------------------------*/
FoamFile
{
    version     2.0;
    format      ascii;
    class       cellScalarField;
    location    "9.4";
    object      T;
}
// * * * * * * * * * * * * * * * * * * * * * * * * * * * * * * * * * * * * * //

dimensions      [0 0 0 0 1 0 0];

internalField   nonuniform 
100
(
(4 -5.703630593e-17 1.624202108e-17)
(4 1.045907825e-16 -9.690733944e-17)
(4 1.248243123e-16 -4.425270324e-17)
(4 3.220463731e-15 -3.884171195e-15)
(4 -3.240811762e-14 1.21197878e-13)
(4 3.557863613e-12 2.484088974e-14)
(4 1.051933998e-12 3.683106379e-11)
(4.000000001 1.86628815e-09 1.040182851e-09)
(4.000000021 2.019212657e-08 1.296329669e-08)
(4.000000392 5.047497025e-07 3.590170842e-07)
(4.000007092 8.077392763e-06 4.170031386e-06)
(4.000085573 9.087422514e-05 5.012153512e-05)
(4.000987746 0.001066972564 0.0005284796368)
(4.009169713 0.008841696141 0.003256890554)
(4.057009168 0.04501864927 0.01166184989)
(4.238080719 0.1471042306 0.02547695922)
(4.704027928 0.3273474473 0.03419734828)
(5.557421241 0.520614853 0.02492397156)
(6.712003549 0.6145661706 0.0001154963859)
(7.901188307 0.5551188332 -0.02257328342)
(8.857382395 0.3935707458 -0.0299387597)
(9.470767095 0.2238931487 -0.02395752622)
(9.790772494 0.1042144453 -0.0139842801)
(9.928928442 0.04039712934 -0.006389848565)
(9.97908026 0.01325253401 -0.002377734592)
(9.99461426 0.00373395414 -0.0007403864766)
(9.998775661 0.000915815826 -0.0001969870483)
(9.999751924 0.0001979457232 -4.555095278e-05)
(9.999954797 3.812599302e-05 -9.287136149e-06)
(9.99999253 6.61009735e-06 -1.690293517e-06)
(9.999998872 1.040993761e-06 -2.775939991e-07)
(9.999999843 1.501360589e-07 -4.152564374e-08)
(9.99999998 1.997550481e-08 -5.705316642e-09)
(9.999999998 2.467956535e-09 -7.252333152e-10)
(10 2.848103276e-10 -8.584599273e-11)
(10 3.086627657e-11 -9.517172937e-12)
(10 3.156292562e-12 -9.931236576e-13)
(10 3.068740378e-13 -9.830062551e-14)
(10 2.738930494e-14 -9.464858627e-15)
(10 6.608587275e-16 -5.495688082e-16)
(10 7.863806343e-17 4.581881739e-16)
(10 -6.651746755e-16 -5.730048651e-16)
(10 1.162325244e-15 3.370588633e-17)
(10 -3.857049061e-16 1.919608345e-16)
(10 1.095511053e-16 -2.005669123e-16)
(10 3.370523714e-16 -3.772030021e-16)
(10 1.191945228e-17 -2.660487838e-16)
(10 2.79679359e-16 1.167899896e-16)
(10 -1.024563138e-16 1.013669281e-16)
(10 3.211430321e-16 -1.021993186e-16)
(10 -3.980411183e-16 -1.562281725e-16)
(10 2.658599351e-17 -2.313130395e-16)
(10 -2.72114242e-16 4.829419065e-16)
(10 -4.378694594e-16 4.502579505e-16)
(10 -1.169819166e-16 5.965117663e-16)
(10 -5.751536554e-16 -1.022452793e-16)
(10 1.577898807e-16 -3.375283488e-16)
(10 2.250704017e-16 7.621745488e-17)
(10 1.386759328e-16 7.679736677e-17)
(10 5.931591698e-17 2.462871674e-16)
(10 2.754330371e-16 -7.739181237e-17)
(10 -7.593826763e-16 -6.627581508e-17)
(10 1.142757311e-16 -8.446932524e-17)
(10 4.419460845e-16 2.669275116e-16)
(10 5.466171249e-17 -4.08157065e-16)
(10 2.77971059e-17 -7.03223751e-16)
(10 2.665838522e-16 3.469153883e-16)
(10 2.098139896e-16 6.352218353e-16)
(10 1.244748321e-16 5.602571777e-16)
(10 -2.910521564e-16 -4.103200227e-16)
(10 2.834331696e-16 9.86675653e-17)
(10 -5.409408775e-16 2.71140151e-16)
(10 1.638810612e-16 3.38257575e-16)
(10 1.151716719e-16 -3.509583723e-16)
(10 -2.127281566e-16 2.43309062e-16)
(10 -2.980814629e-17 9.862191638e-17)
(10 -3.42720982e-16 4.588437868e-16)
(10 -5.619699923e-17 -1.244791548e-16)
(10 1.058443511e-17 -3.079709449e-16)
(10 -1.095728618e-16 1.724493175e-16)
(10 -3.152749722e-16 -3.063104395e-16)
(10 -3.405254462e-16 -2.392138052e-16)
(10 2.89519004e-16 4.494675869e-16)
(10 -4.884724923e-16 4.162309362e-16)
(10 -3.41600508e-17 -2.017949339e-17)
(10 -1.211978972e-16 7.451010497e-17)
(10 -2.0783034e-16 3.386079116e-16)
(10 -3.460344677e-16 -5.48222837e-17)
(10 -4.077308312e-16 -3.072755195e-17)
(10 5.943933883e-16 -4.712290685e-16)
(10 -6.475134384e-18 1.05236753e-16)
(10 -1.593671191e-16 -5.750183036e-16)
(10 3.610322661e-16 -1.397187613e-16)
(10 -5.959907549e-17 -9.052737729e-17)
(10 3.634839453e-16 -1.278542971e-16)
(10 -1.675796112e-16 -3.525298529e-17)
(10 3.711401597e-16 3.213878139e-16)
(10 -4.577580063e-16 -7.78076163e-17)
(10 2.61971127e-16 2.944102588e-17)
(10 -1.332533234e-15 3.104054597e-15)
)
;

boundaryField
{
    left
    {
        type            dirichlet;
        value           uniform (4 0 0);
    }
    right
    {
        type            dirichlet;
        value           uniform (4 0 0);
    }
    sides
    {
        type            empty;
    }
}


// ************************************************************************* //
