/*--------------------------------*- C++ -*----------------------------------*\
| =========                 |                                                 |
| \\      /  F ield         | foam-extend: Open Source CFD                    |
|  \\    /   O peration     | Version:     4.1                                |
|   \\  /    A nd           | Web:         http://www.foam-extend.org         |
|    \\/     M anipulation  |                                                 |
\*---------------------------------------------------------------------------*/
FoamFile
{
    version     2.0;
    format      ascii;
    class       cellScalarField;
    location    "10.5";
    object      T;
}
// * * * * * * * * * * * * * * * * * * * * * * * * * * * * * * * * * * * * * //

dimensions      [0 0 0 0 1 0 0];

internalField   nonuniform 
100
(
(4 -5.703630593e-17 1.624202108e-17)
(4 6.04956543e-17 -1.108462536e-16)
(4 -3.053177944e-17 8.623732326e-17)
(4 -7.668467451e-17 1.906892992e-16)
(4 4.540098503e-16 1.150815751e-16)
(4 -1.522018517e-14 -6.290311249e-16)
(4 5.787852998e-13 3.562731371e-13)
(4 2.680384736e-12 1.07837264e-12)
(4 1.85582879e-10 1.685618314e-10)
(4.000000003 3.945781015e-09 1.978352538e-09)
(4.000000052 5.89015916e-08 4.257790498e-08)
(4.000000956 1.150949443e-06 6.659059404e-07)
(4.000013041 1.403532916e-05 7.266465457e-06)
(4.000146892 0.0001560816947 8.115722481e-05)
(4.001499463 0.001531729771 0.0006649312112)
(4.011562245 0.01030541159 0.003375533155)
(4.062034761 0.04554622903 0.01078995737)
(4.235685177 0.1374119369 0.02243998713)
(4.661523357 0.2959367294 0.03039698004)
(5.432959455 0.472386148 0.02445312039)
(6.496664429 0.5761582287 0.00468958777)
(7.641101117 0.5505908591 -0.01637201246)
(8.622292697 0.4211097353 -0.02651027041)
(9.305032636 0.2625956668 -0.02423847801)
(9.696925583 0.1357301963 -0.01606727703)
(9.885246276 0.05902806984 -0.008360319783)
(9.962040644 0.0218969154 -0.003557012544)
(9.98895 0.007016624728 -0.001270827251)
(9.997147314 0.001964939531 -0.0003888892973)
(9.999341758 0.0004860774227 -0.0001035647625)
(9.999863203 0.0001072710503 -2.43245747e-05)
(9.999974206 2.131130123e-05 -5.097105141e-06)
(9.999995557 3.843083971e-06 -9.625407122e-07)
(9.999999296 6.33821569e-07 -1.652691223e-07)
(9.999999897 9.626099144e-08 -2.60057291e-08)
(9.999999986 1.354676047e-08 -3.776652029e-09)
(9.999999998 1.776552066e-09 -5.093749032e-10)
(10 2.182254248e-10 -6.416622366e-11)
(10 2.522870081e-11 -7.588456191e-12)
(10 2.758343325e-12 -8.455937631e-13)
(10 2.843249132e-13 -9.057970601e-14)
(10 2.525074629e-14 -8.791585229e-15)
(10 6.911407609e-16 -1.174856575e-17)
(10 5.373916526e-17 -4.89500808e-16)
(10 4.638417888e-16 -2.487449822e-16)
(10 -6.696177958e-16 1.641975628e-16)
(10 -8.564355665e-17 2.718122871e-16)
(10 -4.214526261e-16 1.293381617e-16)
(10 1.444714154e-16 9.991406251e-17)
(10 3.670345829e-16 8.318700273e-17)
(10 9.801703993e-18 -1.753417207e-16)
(10 -2.247365584e-16 -3.222489495e-16)
(10 3.18187195e-16 -3.913361907e-16)
(10 -4.644833744e-16 4.691746381e-16)
(10 -2.998587434e-17 6.100449975e-16)
(10 -3.078826577e-16 1.723020434e-16)
(10 -4.393751503e-16 5.879535341e-17)
(10 -9.040446675e-20 -2.953168916e-18)
(10 2.066531805e-16 -3.13983446e-17)
(10 4.076033189e-17 5.637167164e-16)
(10 -4.59570066e-16 -4.233951212e-17)
(10 -1.984134023e-16 1.641881281e-17)
(10 1.808800052e-16 -2.785154407e-16)
(10 5.085762503e-16 -5.636218498e-16)
(10 4.059243018e-16 -7.361189332e-16)
(10 4.010324122e-16 -1.03207731e-16)
(10 8.114908038e-18 -2.990107582e-16)
(10 3.642006488e-16 -9.754582687e-17)
(10 4.520040266e-16 -1.610309437e-16)
(10 1.85674746e-16 4.403379064e-17)
(10 -1.693599562e-18 5.177424718e-16)
(10 -1.847914297e-16 5.916345865e-16)
(10 2.281362933e-16 4.674686013e-18)
(10 -4.31334812e-16 -4.953262451e-16)
(10 4.445521261e-16 5.818192088e-17)
(10 2.262876651e-16 1.959638831e-16)
(10 4.007099972e-16 -1.731680201e-16)
(10 -1.471223903e-16 -3.932332037e-16)
(10 1.615527667e-16 2.366355188e-16)
(10 2.270861526e-16 3.746004518e-16)
(10 1.828715896e-16 3.196644134e-16)
(10 -1.827563514e-16 -2.767147931e-16)
(10 1.565928211e-16 6.160380824e-17)
(10 -3.119270368e-16 2.379022815e-16)
(10 4.593988496e-16 3.832337896e-16)
(10 -3.817954533e-16 -3.411569134e-16)
(10 -3.764792846e-17 1.252183378e-16)
(10 -1.557991582e-16 6.354682184e-16)
(10 -6.271847211e-16 2.798971549e-16)
(10 3.013673691e-17 -1.418887295e-16)
(10 3.376524334e-16 -6.385584564e-17)
(10 -1.711844208e-16 2.263353132e-16)
(10 -2.523298774e-16 -1.508225036e-16)
(10 -2.922187995e-16 -7.778029022e-17)
(10 1.808607958e-16 3.070162787e-16)
(10 -2.49318926e-16 3.164087687e-16)
(10 -1.918092485e-16 5.745622757e-16)
(10 -1.639458028e-16 1.420049572e-16)
(10 -1.300682109e-16 2.757501344e-16)
(10 -2.430236772e-16 4.196499483e-15)
)
;

boundaryField
{
    left
    {
        type            dirichlet;
        value           uniform (4 0 0);
    }
    right
    {
        type            dirichlet;
        value           uniform (4 0 0);
    }
    sides
    {
        type            empty;
    }
}


// ************************************************************************* //
