/*--------------------------------*- C++ -*----------------------------------*\
| =========                 |                                                 |
| \\      /  F ield         | foam-extend: Open Source CFD                    |
|  \\    /   O peration     | Version:     4.1                                |
|   \\  /    A nd           | Web:         http://www.foam-extend.org         |
|    \\/     M anipulation  |                                                 |
\*---------------------------------------------------------------------------*/
FoamFile
{
    version     2.0;
    format      ascii;
    class       cellScalarField;
    location    "40.4";
    object      T;
}
// * * * * * * * * * * * * * * * * * * * * * * * * * * * * * * * * * * * * * //

dimensions      [0 0 0 0 1 0 0];

internalField   nonuniform 
100
(
(4 -5.703630593e-17 1.624202108e-17)
(4 -1.328499305e-16 1.444256132e-16)
(4 -2.096626983e-17 -9.398143149e-17)
(4 -2.817277373e-16 -1.004863099e-16)
(4 -1.308667345e-16 2.110388189e-16)
(4 -3.919061053e-16 1.991868287e-16)
(4 2.799254295e-16 -1.045287295e-17)
(4 -2.896195024e-16 -3.160963321e-17)
(4 9.159678403e-16 9.551083173e-17)
(4 -1.313232382e-15 3.216430645e-16)
(4 3.054348619e-16 2.042151532e-17)
(4 -3.82084442e-16 -3.505741924e-17)
(4 1.167538684e-15 -3.074651994e-16)
(4 -3.872283585e-16 3.96230521e-17)
(4 4.736017774e-16 3.734097168e-18)
(4 -6.060643051e-16 -1.440144961e-16)
(4 1.986962144e-16 8.43995579e-19)
(4 -3.463291036e-17 3.234764375e-17)
(4 -1.761422918e-17 1.753518567e-16)
(4 -5.203120993e-17 7.222690355e-17)
(4 -2.259149173e-16 1.222734129e-16)
(4 9.183003695e-17 -5.807204903e-17)
(4 -4.970597452e-17 2.563697883e-16)
(4 5.012413401e-17 1.602733054e-16)
(4 -1.387754394e-16 2.597245848e-16)
(4 1.661571483e-16 -1.386585218e-16)
(4 -9.981443959e-17 1.951708328e-16)
(4 -2.369549982e-16 4.228764788e-18)
(4 -1.183499316e-16 -3.917631864e-18)
(4 1.919551073e-16 -3.328167487e-17)
(4 2.314355219e-16 1.067581287e-16)
(4 6.095336756e-17 -9.029995528e-17)
(4 1.25520059e-16 2.667847691e-16)
(4 -7.434572032e-16 -1.963357269e-16)
(4 1.13910597e-15 -1.851796344e-18)
(4 -8.105934695e-16 1.864089328e-16)
(4 1.238316694e-15 2.445430851e-17)
(4 -1.595709793e-15 -1.312574862e-16)
(4 9.290290851e-16 7.649861381e-17)
(4 -4.640550114e-16 -9.466651261e-17)
(4 7.97862458e-16 1.407400794e-17)
(4 -1.034263178e-15 1.668877643e-16)
(4 6.362587952e-16 -8.442000761e-17)
(4 -6.042868115e-17 1.23956546e-16)
(4 -5.94618676e-16 -1.117802619e-16)
(4 9.257745476e-16 7.140356908e-17)
(4 -7.916504683e-16 1.069383453e-16)
(4 8.230035363e-16 1.431086605e-17)
(4 -8.576404358e-16 1.048729338e-16)
(4 4.629179552e-16 -2.439487948e-17)
(4 -2.875103178e-17 1.652500382e-16)
(4 2.316888536e-15 4.25409229e-16)
(4 1.784071307e-14 9.88951927e-15)
(4 1.749320316e-13 7.859688394e-14)
(4 1.446863707e-12 6.231223442e-13)
(4 1.113016639e-11 4.601383881e-12)
(4 7.981854077e-11 3.156432834e-11)
(4.000000001 5.31609521e-10 2.00192567e-10)
(4.000000004 3.273841074e-09 1.168418993e-09)
(4.000000023 1.856332906e-08 6.246837876e-09)
(4.000000123 9.654063962e-08 3.04732222e-08)
(4.000000613 4.590613576e-07 1.352293702e-07)
(4.0000028 1.991679687e-06 5.448707389e-07)
(4.000011718 7.875810209e-06 1.991665123e-06)
(4.000044883 2.838271622e-05 6.604624176e-06)
(4.00015746 9.328110716e-05 1.988274321e-05)
(4.000506605 0.0002799433123 5.439619236e-05)
(4.001497417 0.0007684552547 0.0001354205262)
(4.004074857 0.001933259949 0.0003071853986)
(4.01023315 0.004466864522 0.0006356854845)
(4.023776098 0.009499586557 0.001201209826)
(4.051246808 0.01863590657 0.002073712704)
(4.102751892 0.03379745693 0.003270087261)
(4.192197308 0.05678421026 0.004704747394)
(4.336367246 0.08856779025 0.006158301024)
(4.552466286 0.1284967074 0.007293164316)
(4.854263382 0.1737427763 0.007730998535)
(5.24768018 0.219339991 0.007176559897)
(5.727222639 0.2589946505 0.005541242259)
(6.274702722 0.286523584 0.003008284213)
(6.861082211 0.2974622765 1.964896478e-06)
(7.451192682 0.2902572018 -0.002933127519)
(8.010024718 0.2666032065 -0.005293969302)
(8.508734637 0.2308375145 -0.006756155541)
(8.928722103 0.188673464 -0.007236680964)
(9.262938836 0.1457680435 -0.006870932235)
(9.514582483 0.1065920674 -0.005929127615)
(9.694078087 0.07386592878 -0.004715209509)
(9.815517276 0.04856782991 -0.003486181359)
(9.893538415 0.03033549125 -0.002410799967)
(9.941193627 0.01801974782 -0.001566289834)
(9.968897183 0.01019119693 -0.0009593836761)
(9.984241824 0.005493519816 -0.0005555826732)
(9.992348275 0.002825419294 -0.0003049108546)
(9.996437139 0.001387930332 -0.0001589118598)
(9.998408227 0.0006518378295 -7.879275608e-05)
(9.999317228 0.0002929695261 -3.722808145e-05)
(9.99971864 0.0001261333532 -1.67862988e-05)
(9.999888538 5.206739256e-05 -7.233272343e-06)
(9.999957522 2.062644871e-05 -2.982394477e-06)
)
;

boundaryField
{
    left
    {
        type            dirichlet;
        value           uniform (4 0 0);
    }
    right
    {
        type            dirichlet;
        value           uniform (4 0 0);
    }
    sides
    {
        type            empty;
    }
}


// ************************************************************************* //
