/*--------------------------------*- C++ -*----------------------------------*\
| =========                 |                                                 |
| \\      /  F ield         | foam-extend: Open Source CFD                    |
|  \\    /   O peration     | Version:     4.1                                |
|   \\  /    A nd           | Web:         http://www.foam-extend.org         |
|    \\/     M anipulation  |                                                 |
\*---------------------------------------------------------------------------*/
FoamFile
{
    version     2.0;
    format      ascii;
    class       cellScalarField;
    location    "47.3";
    object      T;
}
// * * * * * * * * * * * * * * * * * * * * * * * * * * * * * * * * * * * * * //

dimensions      [0 0 0 0 1 0 0];

internalField   nonuniform 
100
(
(4 -5.703630593e-17 1.624202108e-17)
(4 -1.505292852e-16 3.857348567e-16)
(4 8.928624657e-17 -8.312586349e-18)
(4 -1.993399792e-16 1.354994866e-16)
(4 9.990284197e-17 -9.63487212e-17)
(4 -4.479877712e-16 -4.547373973e-18)
(4 4.078073785e-16 1.427231173e-16)
(4 -4.928654185e-16 1.616673282e-16)
(4 9.27753644e-16 1.120549358e-16)
(4 -1.283481692e-15 2.367332587e-16)
(4 3.581956413e-16 -1.566515162e-16)
(4 -1.793294297e-16 -1.088807277e-16)
(4 1.170429078e-15 6.022749189e-17)
(4 -6.114591509e-16 2.544813992e-16)
(4 4.215293838e-16 -9.898660399e-17)
(4 -1.273691719e-18 -1.157472498e-16)
(4 7.040565308e-17 1.459539637e-16)
(4 -1.710563141e-16 9.142725324e-18)
(4 -1.828756362e-16 -2.143384913e-16)
(4 3.555094337e-17 2.050176059e-17)
(4 1.254954144e-16 -4.876027987e-17)
(4 -1.137159888e-16 -2.334418553e-17)
(4 3.262480759e-18 -1.246625699e-16)
(4 -3.65027737e-17 2.750476228e-17)
(4 3.835618985e-17 -1.388458047e-16)
(4 1.523312111e-16 -1.783788902e-16)
(4 2.31821014e-17 1.342234488e-18)
(4 -2.033209933e-16 3.6110685e-17)
(4 -4.736021387e-16 2.859134266e-17)
(4 5.180774687e-16 4.810989224e-17)
(4 -2.227286199e-16 -1.48618519e-16)
(4 1.475564527e-16 -1.021687775e-17)
(4 -2.133008244e-17 2.490379454e-16)
(4 -5.399090559e-16 1.210847947e-16)
(4 4.590096934e-16 1.042511994e-16)
(4 -5.146876124e-16 1.589441278e-17)
(4 7.551832667e-16 3.477651501e-17)
(4 -9.09785349e-16 -2.420817202e-16)
(4 4.63207059e-16 -8.808273284e-17)
(4 -2.872948725e-17 1.226027627e-17)
(4 7.309790787e-17 1.93184776e-16)
(4 -8.356378212e-17 2.500655432e-16)
(4 -2.103318719e-16 8.533579059e-17)
(4 -1.24420003e-16 -4.000209362e-17)
(4 -2.570051853e-16 2.848631918e-18)
(4 8.571939661e-16 6.6046079e-17)
(4 -8.608216536e-16 -1.690315798e-16)
(4 1.014742137e-15 -5.653814288e-17)
(4 -7.408575243e-16 -1.773520064e-16)
(4 4.990403263e-16 6.302388616e-17)
(4 8.266476923e-17 5.610475153e-17)
(4 -2.71669775e-17 3.592914773e-17)
(4 -2.685379909e-17 1.642106375e-17)
(4 2.750006721e-17 -5.148552681e-17)
(4 -6.919003656e-17 3.995336566e-16)
(4 -1.459288549e-16 -6.700039806e-18)
(4 3.132625847e-17 8.721979142e-17)
(4 1.247908201e-17 -3.362532614e-17)
(4 -1.545671166e-16 -1.762617142e-16)
(4 2.208287693e-17 1.527349274e-16)
(4 1.451086053e-16 6.098384227e-17)
(4 1.259469849e-17 -8.439736977e-17)
(4 1.021346042e-15 4.067948086e-16)
(4 6.719783658e-15 2.672437424e-15)
(4 6.342061047e-14 2.723531821e-14)
(4 4.696045104e-13 1.89932523e-13)
(4 3.267444565e-12 1.271505822e-12)
(4 2.130860737e-11 7.947184643e-12)
(4 1.299233135e-10 4.628119462e-11)
(4.000000001 7.386062163e-10 2.504183388e-10)
(4.000000005 3.904402265e-09 1.255239996e-09)
(4.000000025 1.914675988e-08 5.815436689e-09)
(4.000000119 8.694575046e-08 2.485866085e-08)
(4.000000524 3.65163214e-07 9.793390601e-08)
(4.000002138 1.417579651e-06 3.554079356e-07)
(4.000008087 5.086369389e-06 1.188120882e-06)
(4.00002837 1.687535028e-05 3.660241432e-06)
(4.000092407 5.181218575e-05 1.039865612e-05)
(4.000279765 0.0001473737453 2.726758904e-05)
(4.000788368 0.0003888498067 6.606049124e-05)
(4.002071109 0.0009531073197 0.0001480093673)
(4.005081199 0.002173508059 0.0003069625765)
(4.011663165 0.004618709082 0.0005897435598)
(4.025094917 0.00916022326 0.001050157455)
(4.050714802 0.01698244301 0.001733579632)
(4.096460324 0.02947645651 0.002652187726)
(4.173036659 0.04797214168 0.003756627893)
(4.293387045 0.0733131674 0.004916025321)
(4.471224107 0.1053598633 0.00592073103)
(4.718633063 0.1425838287 0.006517356154)
(5.043125377 0.1819486262 0.00647318138)
(5.444867933 0.2192161794 0.005651712136)
(5.914962974 0.2496804021 0.004071174995)
(6.435485906 0.2691587962 0.001920038792)
(6.981514108 0.2749486276 -0.0004810122692)
(7.524763684 0.2664423043 -0.002759547672)
(8.037938365 0.245209518 -0.004585908037)
(8.498693356 0.2145422418 -0.005748950009)
(8.892295363 0.1786381818 -0.006190034015)
(9.212521764 0.1416945052 -0.005990426883)
)
;

boundaryField
{
    left
    {
        type            dirichlet;
        value           uniform (4 0 0);
    }
    right
    {
        type            dirichlet;
        value           uniform (4 0 0);
    }
    sides
    {
        type            empty;
    }
}


// ************************************************************************* //
