/*--------------------------------*- C++ -*----------------------------------*\
| =========                 |                                                 |
| \\      /  F ield         | foam-extend: Open Source CFD                    |
|  \\    /   O peration     | Version:     4.1                                |
|   \\  /    A nd           | Web:         http://www.foam-extend.org         |
|    \\/     M anipulation  |                                                 |
\*---------------------------------------------------------------------------*/
FoamFile
{
    version     2.0;
    format      ascii;
    class       cellScalarField;
    location    "10.4";
    object      T;
}
// * * * * * * * * * * * * * * * * * * * * * * * * * * * * * * * * * * * * * //

dimensions      [0 0 0 0 1 0 0];

internalField   nonuniform 
100
(
(4 -5.703630593e-17 1.624202108e-17)
(4 1.2025411e-16 -4.711762352e-17)
(4 -3.749307571e-17 8.320064744e-17)
(4 -3.73401384e-17 1.421818087e-16)
(4 9.214857367e-16 -4.833361844e-17)
(4 -2.171481849e-14 8.173540442e-15)
(4 9.601173691e-13 4.333542442e-13)
(4 2.712655634e-12 3.182135611e-12)
(4 3.310187786e-10 2.632917487e-10)
(4.000000005 5.73906702e-09 2.946248031e-09)
(4.00000008 9.444119649e-08 6.85010402e-08)
(4.00000148 1.75919254e-06 9.839793262e-07)
(4.000019356 2.065533134e-05 1.076605939e-05)
(4.000216849 0.0002308959628 0.0001187812276)
(4.002161861 0.00218052726 0.0009134644863)
(4.015871659 0.01379430532 0.004311776583)
(4.080660312 0.05727299837 0.01282525655)
(4.291118408 0.1629345534 0.02478226728)
(4.77998735 0.3321452019 0.03084348604)
(5.621347786 0.5034282759 0.02162248133)
(6.726207133 0.5845474953 8.66523265e-05)
(7.860662661 0.532968844 -0.01974601223)
(8.790607137 0.3896857741 -0.02715754263)
(9.410332168 0.2327256959 -0.02293214909)
(9.751565319 0.1154064926 -0.01432899161)
(9.909111381 0.04823405554 -0.007090935501)
(9.970933948 0.01722488654 -0.002884322875)
(9.991813051 0.00532243115 -0.0009888257889)
(9.997952828 0.001439659741 -0.0002912015749)
(9.999541939 0.0003445489031 -7.481342159e-05)
(9.999907578 7.36798155e-05 -1.698833281e-05)
(9.999983061 1.420552699e-05 -3.448358347e-06)
(9.99999716 2.489662778e-06 -6.319201473e-07)
(9.999999562 3.996144818e-07 -1.054622222e-07)
(9.999999937 5.914326269e-08 -1.615430521e-08)
(9.999999992 8.120910546e-09 -2.286872321e-09)
(9.999999999 1.04030925e-09 -3.010538672e-10)
(10 1.249613895e-10 -3.705887063e-11)
(10 1.414304822e-11 -4.288287232e-12)
(10 1.51641825e-12 -4.687912762e-13)
(10 1.510021743e-13 -4.909994755e-14)
(10 1.191520248e-14 -4.669612403e-15)
(10 -3.822127665e-16 1.535853216e-16)
(10 4.499616693e-16 -2.75613135e-16)
(10 1.044491905e-15 -4.196120359e-16)
(10 -3.830538544e-16 -2.807369073e-16)
(10 -1.966205618e-17 1.845594469e-16)
(10 -2.630599815e-16 1.406150116e-16)
(10 7.209612589e-17 7.505186506e-17)
(10 1.179812763e-16 5.610928078e-16)
(10 -5.073156973e-17 -8.51459391e-17)
(10 -4.227307021e-17 -7.441885961e-16)
(10 2.243327796e-16 -3.478681281e-16)
(10 -2.528407358e-16 3.690468524e-16)
(10 1.143636039e-17 4.355093335e-16)
(10 -1.675770507e-16 1.405896341e-16)
(10 -5.148235714e-16 -5.981352411e-16)
(10 1.409417003e-16 -1.197039621e-16)
(10 1.536628785e-16 -6.549566538e-17)
(10 9.399666568e-17 3.614404542e-16)
(10 -2.765605256e-16 7.224943058e-18)
(10 -6.745214406e-16 4.917430591e-16)
(10 4.474252143e-16 -6.228504713e-17)
(10 1.956556384e-16 -3.738559817e-16)
(10 5.7411488e-16 -4.17293931e-16)
(10 1.637967776e-16 -4.68062745e-17)
(10 5.253811263e-19 -2.213146746e-16)
(10 2.237650722e-16 -1.078799933e-16)
(10 3.153595722e-16 -1.952378402e-16)
(10 1.65467294e-16 -2.749959115e-17)
(10 6.611905685e-17 3.325019734e-16)
(10 -4.684798709e-17 4.057695001e-16)
(10 1.661428751e-16 -3.988959249e-17)
(10 -3.046392447e-16 -2.973514849e-16)
(10 5.972374926e-16 1.752577925e-16)
(10 1.036560137e-16 1.548794281e-16)
(10 2.740068038e-16 -1.912525195e-16)
(10 -4.549502004e-16 -4.211899416e-16)
(10 1.985068073e-16 7.936795248e-17)
(10 2.176561936e-16 1.941894078e-16)
(10 1.91405717e-16 1.564400415e-16)
(10 3.967263941e-16 -6.142899029e-16)
(10 -7.892283882e-17 6.213081072e-16)
(10 -2.585798515e-16 2.63940322e-16)
(10 3.099361957e-16 2.205613664e-16)
(10 -2.253598157e-16 -2.271492775e-16)
(10 -5.845415836e-17 1.269389151e-16)
(10 -4.113289301e-16 3.103697464e-16)
(10 -2.804513889e-16 1.823053899e-16)
(10 -2.177170209e-17 -7.571648833e-17)
(10 2.115558614e-16 -8.349992145e-17)
(10 -6.780030091e-17 1.549248937e-16)
(10 -1.820881838e-16 -6.651417344e-17)
(10 -2.315712357e-16 1.288297896e-17)
(10 -3.604858548e-17 7.797505717e-16)
(10 -1.959022461e-16 2.966755624e-16)
(10 -4.527813795e-16 2.84229793e-16)
(10 8.517485773e-18 3.109506195e-17)
(10 -5.821685624e-17 2.011315598e-16)
(10 2.286847978e-16 3.743722502e-15)
)
;

boundaryField
{
    left
    {
        type            dirichlet;
        value           uniform (4 0 0);
    }
    right
    {
        type            dirichlet;
        value           uniform (4 0 0);
    }
    sides
    {
        type            empty;
    }
}


// ************************************************************************* //
