/*--------------------------------*- C++ -*----------------------------------*\
| =========                 |                                                 |
| \\      /  F ield         | foam-extend: Open Source CFD                    |
|  \\    /   O peration     | Version:     4.1                                |
|   \\  /    A nd           | Web:         http://www.foam-extend.org         |
|    \\/     M anipulation  |                                                 |
\*---------------------------------------------------------------------------*/
FoamFile
{
    version     2.0;
    format      ascii;
    class       cellScalarField;
    location    "44.2";
    object      T;
}
// * * * * * * * * * * * * * * * * * * * * * * * * * * * * * * * * * * * * * //

dimensions      [0 0 0 0 1 0 0];

internalField   nonuniform 
100
(
(4 -5.703630593e-17 1.624202108e-17)
(4 -1.536261787e-16 -1.090937846e-16)
(4 -1.451710236e-16 -1.785279198e-17)
(4 5.408852143e-17 1.221916193e-16)
(4 1.798507683e-16 -9.965788557e-17)
(4 -5.838603577e-16 7.629604798e-17)
(4 3.894401025e-16 -1.372890662e-16)
(4 -1.740935941e-16 2.59135983e-17)
(4 5.319740013e-16 1.910909266e-16)
(4 -1.319665256e-15 -3.842024566e-17)
(4 -4.086468023e-17 3.026304032e-17)
(4 3.570974194e-16 -1.68834958e-16)
(4 8.222322216e-16 2.313252477e-17)
(4 -3.71596038e-16 2.039217798e-17)
(4 7.05695094e-16 -1.087948067e-16)
(4 -4.820312755e-16 -8.741962842e-18)
(4 9.519757047e-17 -2.479686634e-16)
(4 9.95565359e-17 -8.378441339e-17)
(4 -1.565373387e-16 -6.924616567e-17)
(4 2.090410642e-16 -1.106898956e-16)
(4 1.252030937e-16 1.732409755e-16)
(4 -2.346991732e-16 1.880028803e-17)
(4 -5.707344499e-17 1.889537689e-16)
(4 -2.221609854e-16 2.578213022e-16)
(4 1.259658472e-16 -1.286354672e-16)
(4 -4.554532898e-17 -8.846200942e-18)
(4 -2.323580681e-17 3.954917248e-17)
(4 -1.778704665e-16 -1.203590687e-16)
(4 -4.728350366e-16 8.035151534e-18)
(4 6.048628787e-16 -2.12575231e-17)
(4 -3.384602923e-17 -3.454983043e-17)
(4 -3.523801032e-16 -5.134456133e-17)
(4 5.93941064e-16 5.22623137e-17)
(4 -1.215834954e-15 1.352586931e-16)
(4 8.095934831e-16 -3.086509667e-18)
(4 -2.546809421e-16 -7.508081335e-17)
(4 7.257454494e-16 1.545929269e-16)
(4 -8.05839213e-16 6.745004329e-17)
(4 2.53189539e-16 2.134769414e-16)
(4 -1.09593305e-16 1.375426774e-16)
(4 -1.419928671e-16 -6.741235347e-17)
(4 5.786871398e-17 -1.018906587e-16)
(4 -5.151114857e-17 2.824747023e-16)
(4 -1.535703035e-16 2.423788187e-16)
(4 -3.448180406e-16 7.063784234e-17)
(4 7.704234165e-16 2.533801595e-17)
(4 -8.283218548e-16 5.162834619e-17)
(4 7.167317835e-16 -1.378395612e-16)
(4 -8.627557864e-16 1.385419188e-16)
(4 4.328557795e-16 1.411462953e-17)
(4 -1.087098469e-16 -1.067502982e-16)
(4 1.632358893e-16 -8.341555479e-17)
(4 1.877993228e-17 2.449134079e-17)
(4 -5.204336665e-17 3.054007387e-16)
(4 -8.813726493e-17 1.545026935e-17)
(4 -5.959943657e-17 -1.577490049e-17)
(4 2.375809402e-16 1.752348091e-16)
(4 1.802342564e-15 3.893982157e-16)
(4 9.146101177e-15 5.14268461e-15)
(4 8.861960699e-14 3.950451449e-14)
(4 7.056853436e-13 2.944030154e-13)
(4 5.14473935e-12 2.058065615e-12)
(4 3.503842979e-11 1.342804503e-11)
(4 2.225427442e-10 8.137648172e-11)
(4.000000002 1.313463906e-09 4.56365442e-10)
(4.000000009 7.179385629e-09 2.360163999e-09)
(4.000000047 3.623659651e-08 1.122286484e-08)
(4.000000228 1.684956474e-07 4.895809386e-08)
(4.000001023 7.206482585e-07 1.956497954e-07)
(4.000004235 2.832678031e-06 7.157717292e-07)
(4.000016177 1.023207805e-05 2.39716724e-06)
(4.000057018 3.398101138e-05 7.352878464e-06)
(4.00018563 0.000103855922 2.067332429e-05)
(4.000558973 0.0002924928477 5.333429573e-05)
(4.001559406 0.0007602529263 0.0001263957477)
(4.00403804 0.001826818958 0.0002754631836)
(4.009725481 0.004065371879 0.0005526117935)
(4.021833164 0.008393848247 0.001021224581)
(4.045789037 0.01610896059 0.001739123187)
(4.08991886 0.028787198 0.002728864372)
(4.165736718 0.04798661842 0.003941586013)
(4.287428744 0.07474331801 0.005229611234)
(4.470203065 0.108962083 0.006347383146)
(4.727490844 0.1489100778 0.006994428222)
(5.067459701 0.1910682824 0.006896991873)
(5.489755534 0.2305232146 0.005903583684)
(5.983578058 0.2618932763 0.004056097835)
(6.527952874 0.280554328 0.001602533869)
(7.094418522 0.2837724535 -0.001059924865)
(7.651543703 0.2713572065 -0.003492494141)
(8.17007125 0.2456225697 -0.005332325115)
(8.627316208 0.210703013 -0.006377202111)
(9.009775643 0.1714950257 -0.006611887255)
(9.31356086 0.1325859108 -0.006176653298)
(9.542944922 0.09747204144 -0.005299822748)
(9.707773203 0.06821145078 -0.004224008771)
(9.820600844 0.04548555927 -0.003150031677)
(9.894246242 0.02893082923 -0.002209354382)
(9.940128146 0.01756870187 -0.001463015808)
(9.967437495 0.01019575114 -0.0009174469067)
)
;

boundaryField
{
    left
    {
        type            dirichlet;
        value           uniform (4 0 0);
    }
    right
    {
        type            dirichlet;
        value           uniform (4 0 0);
    }
    sides
    {
        type            empty;
    }
}


// ************************************************************************* //
