/*--------------------------------*- C++ -*----------------------------------*\
| =========                 |                                                 |
| \\      /  F ield         | foam-extend: Open Source CFD                    |
|  \\    /   O peration     | Version:     4.1                                |
|   \\  /    A nd           | Web:         http://www.foam-extend.org         |
|    \\/     M anipulation  |                                                 |
\*---------------------------------------------------------------------------*/
FoamFile
{
    version     2.0;
    format      ascii;
    class       cellScalarField;
    location    "0.6";
    object      T;
}
// * * * * * * * * * * * * * * * * * * * * * * * * * * * * * * * * * * * * * //

dimensions      [0 0 0 0 1 0 0];

internalField   nonuniform 
100
(
(4.606422537 1.1281913 0.4941854273)
(8.320428327 1.702499139 -0.3919505084)
(9.879295618 0.1584903718 -0.05791196672)
(9.99410219 0.008510671566 -0.003472918912)
(9.999760359 0.0003619359773 -0.000154364549)
(9.999991275 1.349900102e-05 -5.867495342e-06)
(9.999999705 4.621096142e-07 -2.020015446e-07)
(9.999999991 1.48719449e-08 -6.479817985e-09)
(10 4.562087964e-10 -1.966727635e-10)
(10 1.344991905e-11 -5.694569512e-12)
(10 3.817506662e-13 -1.574699068e-13)
(10 1.325355261e-14 -4.879102261e-15)
(10 5.180142177e-18 -4.732302312e-16)
(10 1.013582471e-15 -5.16675792e-16)
(10 -1.34149171e-16 7.600764128e-17)
(10 -4.184183447e-18 2.376758234e-18)
(10 -1.334034638e-19 7.619931822e-20)
(10 -4.464682473e-21 2.570354964e-21)
(10 -1.597406371e-22 9.267817995e-23)
(10 -6.086840547e-24 3.549506619e-24)
(10 -2.415193916e-25 1.410824544e-25)
(10 -9.720034506e-27 5.672921703e-27)
(10 -3.890169098e-28 2.265146754e-28)
(10 -1.530845918e-29 8.887732511e-30)
(10 -5.892905766e-31 3.410955706e-31)
(10 -2.215791985e-32 1.278854338e-32)
(10 -8.141865283e-34 4.686639191e-34)
(10 -2.927451899e-35 1.681061894e-35)
(10 -1.031681716e-36 5.91157888e-37)
(10 -3.569727409e-38 2.041526685e-38)
(10 -1.214699012e-39 6.934874595e-40)
(10 -4.071004996e-41 2.320590703e-41)
(10 -1.345630649e-42 7.659793881e-43)
(10 -4.392088051e-44 2.496981203e-44)
(10 -1.417127265e-45 8.04743305e-46)
(10 -4.524376831e-47 2.566589528e-47)
(10 -1.430519782e-48 8.107370061e-49)
(10 -4.482769917e-50 2.538374555e-50)
(10 -1.393198838e-51 7.882720078e-52)
(10 -4.296939164e-53 2.429422808e-53)
(10 -1.315899829e-54 7.434842969e-55)
(10 -4.003300261e-56 2.260444247e-56)
(10 -1.210426547e-57 6.830619581e-58)
(10 -3.638802373e-59 2.052312852e-59)
(10 -1.088019889e-60 6.133397046e-61)
(10 -3.236814233e-62 1.823792361e-62)
(10 -9.583691428e-64 5.39755059e-64)
(10 -2.824894367e-65 1.590318633e-65)
(10 -8.291557613e-67 4.666022405e-67)
(10 -2.424017427e-68 1.363593784e-68)
(10 -7.059829128e-70 3.970004932e-70)
(10 -2.048789678e-71 1.151728444e-71)
(10 -5.925495691e-73 3.329974342e-73)
(10 -1.708242903e-74 9.597018945e-75)
(10 -4.909535247e-76 2.757427801e-76)
(10 -1.406890593e-77 7.899637659e-78)
(10 -4.020392375e-79 2.256856631e-79)
(10 -1.14582877e-80 6.430565295e-81)
(10 -3.257358247e-82 1.827652872e-82)
(10 -9.237487736e-84 5.181856178e-84)
(10 -2.613543588e-85 1.465779885e-85)
(10 -7.377943456e-87 4.13700293e-87)
(10 -2.078309424e-88 1.165134136e-88)
(10 -5.842404748e-90 3.274734252e-90)
(10 -1.639134832e-91 9.185886648e-92)
(10 -4.589996578e-93 2.571839313e-93)
(10 -1.28296811e-94 7.187457717e-95)
(10 -3.579765876e-96 2.005140357e-96)
(10 -9.971408068e-98 5.584444055e-98)
(10 -2.772986857e-99 1.552769575e-99)
(10 -7.699341011e-101 4.310729957e-101)
(10 -2.13450609e-102 1.194909222e-102)
(10 -5.90883433e-104 3.307361434e-104)
(10 -1.633383451e-105 9.141391242e-106)
(10 -4.508963415e-107 2.52317301e-107)
(10 -1.243044892e-108 6.955127325e-109)
(10 -3.422447967e-110 1.914717786e-110)
(10 -9.411186289e-112 5.264577764e-112)
(10 -2.584794895e-113 1.445766161e-113)
(10 -7.090844659e-115 3.96573963e-115)
(10 -1.943011057e-116 1.086568607e-116)
(10 -5.318296753e-118 2.973797811e-118)
(10 -1.454131886e-119 8.130194461e-120)
(10 -3.971753712e-121 2.220439425e-121)
(10 -1.083729471e-122 6.058123946e-123)
(10 -2.954144714e-124 1.651242299e-124)
(10 -8.045012078e-126 4.496437674e-126)
(10 -2.188854802e-127 1.223271044e-127)
(10 -5.949950339e-129 3.324940913e-129)
(10 -1.615943793e-130 9.029477814e-131)
(10 -4.3849603e-132 2.450015042e-132)
(10 -1.188888659e-133 6.642198367e-134)
(10 -3.220787263e-135 1.799289754e-135)
(10 -8.718406602e-137 4.870184362e-137)
(10 -2.358169291e-138 1.317204642e-138)
(10 -6.373586197e-140 3.559859636e-140)
(10 -1.721360041e-141 9.613735824e-142)
(10 -4.645646936e-143 2.594411238e-143)
(10 -1.252895083e-144 6.996488713e-145)
(10 -6.181238333e-16 4.382073433e-15)
)
;

boundaryField
{
    left
    {
        type            dirichlet;
        value           uniform (4 0 0);
    }
    right
    {
        type            dirichlet;
        value           uniform (4 0 0);
    }
    sides
    {
        type            empty;
    }
}


// ************************************************************************* //
