/*--------------------------------*- C++ -*----------------------------------*\
| =========                 |                                                 |
| \\      /  F ield         | foam-extend: Open Source CFD                    |
|  \\    /   O peration     | Version:     4.1                                |
|   \\  /    A nd           | Web:         http://www.foam-extend.org         |
|    \\/     M anipulation  |                                                 |
\*---------------------------------------------------------------------------*/
FoamFile
{
    version     2.0;
    format      ascii;
    class       cellScalarField;
    location    "17.1";
    object      T;
}
// * * * * * * * * * * * * * * * * * * * * * * * * * * * * * * * * * * * * * //

dimensions      [0 0 0 0 1 0 0];

internalField   nonuniform 
100
(
(4 -5.703630593e-17 1.624202108e-17)
(4 -1.347409932e-16 1.803420325e-17)
(4 -1.309851473e-17 2.509481001e-16)
(4 -8.431888935e-17 1.612916785e-16)
(4 1.138369288e-16 5.467477946e-17)
(4 -4.935486816e-16 2.468821996e-16)
(4 3.931226664e-16 8.907902367e-17)
(4 -3.041380766e-16 1.451516503e-17)
(4 7.347161616e-16 8.872606284e-17)
(4 -1.391168981e-15 4.288653288e-17)
(4 3.861749545e-16 -1.486811293e-16)
(4 1.396156617e-15 -3.988326907e-17)
(4 8.137644874e-16 5.275718477e-17)
(4 1.056347733e-16 -1.56364903e-16)
(4 8.048164891e-16 1.039111422e-15)
(4 2.628765041e-14 1.851014943e-14)
(4 4.783424367e-13 2.98847028e-13)
(4 8.274802644e-12 5.16137909e-12)
(4 1.281426409e-10 7.369819831e-11)
(4.000000002 1.726361542e-09 9.650339785e-10)
(4.00000002 2.160448292e-08 1.149940624e-08)
(4.000000226 2.380855663e-07 1.177683554e-07)
(4.000002261 2.287877333e-06 1.059863133e-06)
(4.000019937 1.93474906e-05 8.242307638e-06)
(4.000151931 0.0001385325733 5.206260762e-05)
(4.000962256 0.0008009363618 0.0002562243979)
(4.004942671 0.003661409944 0.0009726899829)
(4.020511143 0.01325083376 0.002863973108)
(4.069365866 0.0383953051 0.006597585746)
(4.193879552 0.09034118943 0.0119538771)
(4.455003109 0.1750409658 0.0169690921)
(4.911231299 0.2828955756 0.0184127199)
(5.582881354 0.3858001852 0.0139750436)
(6.424591264 0.4485763937 0.004452761396)
(7.330819872 0.4488280075 -0.006350782355)
(8.176085763 0.389711683 -0.01414020624)
(8.864326659 0.2959109493 -0.01677906196)
(9.356966199 0.197881143 -0.01495883508)
(9.668992394 0.1173073726 -0.01092321244)
(9.844935468 0.06202816207 -0.006785809559)
(9.933765603 0.02942384713 -0.003664937136)
(9.974139879 0.01258982485 -0.001746062278)
(9.990744605 0.00488411156 -0.0007418018275)
(9.996954093 0.00172630417 -0.0002834771872)
(9.999075327 0.0005585057654 -9.815569155e-05)
(9.99974021 0.0001661224024 -3.09905498e-05)
(9.999932232 4.561780452e-05 -8.972279613e-06)
(9.999983534 1.161099711e-05 -2.394098413e-06)
(9.999996262 2.749592608e-06 -5.915077992e-07)
(9.999999205 6.079673425e-07 -1.358971343e-07)
(9.999999841 1.259425047e-07 -2.914768788e-08)
(9.99999997 2.452067942e-08 -5.857759181e-09)
(9.999999995 4.500627079e-09 -1.106808257e-09)
(9.999999999 7.809652335e-10 -1.972440578e-10)
(10 1.284627789e-10 -3.32518605e-11)
(10 2.008314877e-11 -5.317959876e-12)
(10 2.993096242e-12 -8.091810516e-13)
(10 4.244579697e-13 -1.184997253e-13)
(10 5.467146596e-14 -1.605836927e-14)
(10 7.110562739e-15 -2.751025597e-15)
(10 3.463645287e-16 -3.906277614e-16)
(10 4.36431239e-16 2.382149409e-16)
(10 -2.089153483e-16 4.229631633e-16)
(10 -3.844632877e-16 -1.518620435e-16)
(10 1.746765877e-16 -1.138190991e-16)
(10 5.183808868e-16 2.083351288e-16)
(10 1.350359796e-16 -1.621512746e-16)
(10 8.705964138e-17 -4.959516848e-16)
(10 1.237192148e-16 3.458805739e-16)
(10 -3.805475329e-16 3.719898449e-16)
(10 2.611078925e-17 -3.175647589e-16)
(10 -1.326362223e-16 1.102711032e-16)
(10 -1.046997271e-16 6.15906843e-16)
(10 -2.709310062e-16 3.41802644e-16)
(10 -8.257017795e-17 1.233522723e-16)
(10 1.44618872e-16 1.284641754e-16)
(10 2.813331733e-16 -1.824903504e-16)
(10 -1.709756207e-17 -5.29309179e-16)
(10 -1.409489474e-16 -2.706582209e-17)
(10 3.178832681e-17 8.37927681e-17)
(10 -4.620096383e-16 -4.369295793e-16)
(10 1.002925025e-16 -3.363974082e-16)
(10 -3.353009816e-17 -2.616762904e-16)
(10 -2.219296459e-17 -4.819099418e-16)
(10 4.695384712e-16 -2.310367509e-17)
(10 1.618127847e-16 1.696349121e-16)
(10 -5.966664135e-17 9.378214504e-17)
(10 1.489944109e-16 -3.822038651e-16)
(10 -4.971182077e-18 -3.005993291e-16)
(10 -1.260834049e-16 7.608788358e-17)
(10 -7.707431703e-16 6.016729435e-18)
(10 2.924641618e-17 -5.064105041e-16)
(10 -4.446737104e-16 -7.086129163e-18)
(10 -4.730511469e-16 -1.363503847e-16)
(10 -3.27576896e-17 1.581497426e-16)
(10 2.359028997e-16 3.582697736e-16)
(10 -4.785600058e-16 2.136435189e-16)
(10 -1.530407602e-16 -1.329326041e-16)
(10 -2.924226427e-16 1.37979242e-16)
(10 -8.177480935e-16 2.906582924e-15)
)
;

boundaryField
{
    left
    {
        type            dirichlet;
        value           uniform (4 0 0);
    }
    right
    {
        type            dirichlet;
        value           uniform (4 0 0);
    }
    sides
    {
        type            empty;
    }
}


// ************************************************************************* //
