/*--------------------------------*- C++ -*----------------------------------*\
| =========                 |                                                 |
| \\      /  F ield         | foam-extend: Open Source CFD                    |
|  \\    /   O peration     | Version:     4.1                                |
|   \\  /    A nd           | Web:         http://www.foam-extend.org         |
|    \\/     M anipulation  |                                                 |
\*---------------------------------------------------------------------------*/
FoamFile
{
    version     2.0;
    format      ascii;
    class       cellScalarField;
    location    "14.9";
    object      T;
}
// * * * * * * * * * * * * * * * * * * * * * * * * * * * * * * * * * * * * * //

dimensions      [0 0 0 0 1 0 0];

internalField   nonuniform 
100
(
(4 -5.703630593e-17 1.624202108e-17)
(4 -7.317802565e-17 2.241149965e-17)
(4 -1.535126628e-16 -1.819555271e-16)
(4 8.80733152e-17 -4.841448116e-17)
(4 3.788693796e-17 1.881916631e-17)
(4 -4.171491376e-16 3.324454045e-16)
(4 4.190989672e-16 7.588251857e-17)
(4 -4.776653734e-16 6.017228278e-17)
(4 9.17503932e-16 4.490582965e-17)
(4 -1.359662559e-15 -3.559705762e-17)
(4 3.409858498e-16 -5.841488106e-17)
(4 1.560363703e-15 2.07875232e-15)
(4 7.804577976e-14 4.819831594e-14)
(4 1.247262667e-12 7.973365449e-13)
(4 2.516514535e-11 1.674910843e-11)
(4 4.256548059e-10 2.469021831e-10)
(4.000000005 6.017441478e-09 3.506896989e-09)
(4.000000073 8.185339077e-08 4.486748761e-08)
(4.000000884 9.414836087e-07 4.726343334e-07)
(4.000009122 9.326510756e-06 4.412447945e-06)
(4.000082813 8.125459073e-05 3.490075263e-05)
(4.000635316 0.0005782093011 0.0002119977933)
(4.003892435 0.003160833012 0.0009495468942)
(4.01862502 0.01310372746 0.003139857629)
(4.069989796 0.04169788723 0.00776129841)
(4.210189445 0.103815043 0.0144699812)
(4.515110125 0.2061448287 0.02026381319)
(5.052415398 0.3321838741 0.02055892281)
(5.831038393 0.4410502306 0.01294649797)
(6.771268229 0.4889868615 3.124384108e-05)
(7.728518345 0.4580714852 -0.01212313212)
(8.558857606 0.366425725 -0.01854683275)
(9.178369504 0.2527050027 -0.01836880726)
(9.579407074 0.1515746298 -0.01408584603)
(9.806474134 0.07971617314 -0.008891646033)
(9.919769302 0.03703859819 -0.004766549984)
(9.969935165 0.01531169919 -0.002212918026)
(9.989778674 0.005669451653 -0.0009023832016)
(9.996834628 0.001892030664 -0.0003268003761)
(9.999103378 0.0005724666267 -0.0001060771008)
(9.999766723 0.0001579160863 -3.110533626e-05)
(9.999944023 3.992426855e-05 -8.297444754e-06)
(9.999987562 9.296702525e-06 -2.026090989e-06)
(9.999997431 2.003186302e-06 -4.554422065e-07)
(9.999999505 4.011534336e-07 -9.473443137e-08)
(9.999999911 7.496788403e-08 -1.832052127e-08)
(9.999999985 1.312447723e-08 -3.308374075e-09)
(9.999999998 2.160188888e-09 -5.601224918e-10)
(10 3.353977103e-10 -8.924055321e-11)
(10 4.92773259e-11 -1.342584096e-11)
(10 6.873892312e-12 -1.913130848e-12)
(10 9.097655927e-13 -2.585254268e-13)
(10 1.1625773e-13 -3.38213197e-14)
(10 1.240668262e-14 -4.762201152e-15)
(10 3.681819401e-16 -2.191985061e-16)
(10 -6.705659598e-16 -8.511815811e-17)
(10 -2.896321912e-16 -4.125319835e-16)
(10 2.779044991e-16 -1.040198086e-16)
(10 -5.287644826e-17 -2.045754869e-16)
(10 1.269239217e-16 6.430781222e-16)
(10 -2.424322211e-16 1.615160425e-16)
(10 1.289258537e-16 -4.607691807e-16)
(10 2.510092012e-16 1.114388286e-16)
(10 5.600085486e-16 2.788030325e-17)
(10 9.037766938e-17 9.536487243e-17)
(10 -1.012669356e-16 -1.371134882e-16)
(10 1.951430006e-17 -1.501011374e-16)
(10 -2.491257824e-17 2.439638531e-16)
(10 5.115550224e-17 -2.576082466e-16)
(10 -3.701092333e-16 6.687798305e-16)
(10 -7.007978577e-17 -3.574070177e-16)
(10 -3.54948149e-17 -2.807637459e-16)
(10 2.163288492e-16 -1.677504024e-16)
(10 2.033733874e-16 -1.628579697e-16)
(10 1.410761549e-16 -7.757444404e-16)
(10 1.703289054e-16 -2.230213593e-17)
(10 -1.541967683e-16 -1.871769241e-16)
(10 -2.751760421e-17 -1.506230772e-16)
(10 -1.363803829e-16 1.035853408e-16)
(10 2.16969115e-17 6.089559438e-16)
(10 9.29807388e-18 2.943846351e-16)
(10 2.77300583e-16 4.635103989e-16)
(10 -3.403654697e-16 8.459078867e-17)
(10 -1.999632225e-16 -3.968036848e-17)
(10 -9.442633566e-17 1.540918196e-16)
(10 3.283838111e-16 2.238383479e-16)
(10 -9.553928798e-18 -2.613276352e-16)
(10 2.430986403e-16 2.90348652e-16)
(10 1.482749466e-16 8.194763851e-17)
(10 -5.308705688e-16 2.220418775e-16)
(10 -2.599343436e-16 1.533323748e-16)
(10 -2.51135325e-16 7.407371095e-16)
(10 9.454253065e-17 -2.926803253e-16)
(10 1.857217375e-16 -2.829406722e-16)
(10 -2.015546529e-17 1.459845605e-16)
(10 -3.460523394e-16 4.410853385e-16)
(10 1.545425221e-16 -5.434940341e-16)
(10 1.452899992e-16 1.575373715e-16)
(10 1.234654614e-17 -7.387470598e-16)
(10 -3.562184616e-16 2.603790491e-15)
)
;

boundaryField
{
    left
    {
        type            dirichlet;
        value           uniform (4 0 0);
    }
    right
    {
        type            dirichlet;
        value           uniform (4 0 0);
    }
    sides
    {
        type            empty;
    }
}


// ************************************************************************* //
