/*--------------------------------*- C++ -*----------------------------------*\
| =========                 |                                                 |
| \\      /  F ield         | foam-extend: Open Source CFD                    |
|  \\    /   O peration     | Version:     4.1                                |
|   \\  /    A nd           | Web:         http://www.foam-extend.org         |
|    \\/     M anipulation  |                                                 |
\*---------------------------------------------------------------------------*/
FoamFile
{
    version     2.0;
    format      ascii;
    class       cellScalarField;
    location    "26.6";
    object      T;
}
// * * * * * * * * * * * * * * * * * * * * * * * * * * * * * * * * * * * * * //

dimensions      [0 0 0 0 1 0 0];

internalField   nonuniform 
100
(
(4 -5.703630593e-17 1.624202108e-17)
(4 -4.535199822e-17 1.512343615e-16)
(4 3.677471755e-17 1.895250224e-16)
(4 -1.30872522e-16 -2.398319909e-17)
(4 -6.36430164e-17 -1.509321943e-16)
(4 -2.455899603e-16 -1.515623788e-16)
(4 4.294499837e-16 6.193367594e-17)
(4 -3.757705332e-16 5.543886693e-17)
(4 8.597583388e-16 -8.291066868e-17)
(4 -1.263436609e-15 -5.266130348e-17)
(4 1.861864496e-16 -9.070805154e-19)
(4 2.025795177e-16 4.331863722e-16)
(4 -4.506408914e-16 -2.913695501e-16)
(4 1.306215892e-15 6.325697807e-17)
(4 -1.506849808e-15 2.336448242e-16)
(4 1.036651813e-15 -1.481843061e-16)
(4 -1.033715267e-15 9.228273619e-17)
(4 6.410689616e-16 1.182966623e-16)
(4 -7.207119065e-16 1.475452193e-16)
(4 3.000818329e-16 2.355310473e-17)
(4 -3.065772723e-17 3.929752667e-17)
(4 1.793480897e-17 -4.575231256e-18)
(4 -2.018689433e-16 1.439823999e-16)
(4 -5.58260162e-17 -1.324605572e-16)
(4 1.885894634e-17 9.893721057e-17)
(4 -9.626956683e-17 9.924950638e-17)
(4 1.78775367e-16 -1.394068781e-16)
(4 1.491207778e-17 3.869030668e-17)
(4 -4.962497924e-16 -5.351204574e-17)
(4 2.599205117e-15 2.455279299e-15)
(4 5.032597785e-14 2.699266636e-14)
(4 5.968174874e-13 3.155067068e-13)
(4 6.740952546e-12 3.442014732e-12)
(4 7.057283531e-11 3.460194425e-11)
(4.000000001 6.801305717e-10 3.182888128e-10)
(4.000000006 5.988410684e-09 2.658327664e-09)
(4.00000005 4.783585102e-08 2.000533668e-08)
(4.000000377 3.438082657e-07 1.3414424e-07)
(4.000002532 2.197595868e-06 7.898831945e-07)
(4.000015078 1.233648905e-05 4.030553524e-06)
(4.000078964 6.02410029e-05 1.76734215e-05)
(4.000361711 0.0002546705157 6.637604233e-05)
(4.001447489 0.0009316740816 0.0002136123302)
(4.005070567 0.002957062691 0.0005905079396)
(4.015612688 0.008177605531 0.001406532534)
(4.042483015 0.01980487704 0.002894526013)
(4.102778639 0.04223012407 0.005153984901)
(4.222499955 0.07970380882 0.007933577782)
(4.433887923 0.1338305032 0.01050413895)
(4.767364462 0.2008834652 0.01180394564)
(5.239499236 0.2707774605 0.01089346147)
(5.841927566 0.3291556467 0.007501080421)
(6.537423627 0.3622719957 0.002296354524)
(7.266614412 0.3623514583 -0.003335533489)
(7.963333222 0.3305275309 -0.007905560166)
(8.571988015 0.2758682386 -0.01044585005)
(9.059665115 0.2113337909 -0.01080028821)
(9.41910271 0.1490379918 -0.009492140279)
(9.66348229 0.09703123001 -0.007341696176)
(9.817163825 0.05847666021 -0.005091429781)
(9.906784642 0.03270616688 -0.003203229828)
(9.955368968 0.01701870572 -0.00184333221)
(9.979911065 0.008258571099 -0.0009762899191)
(9.991489377 0.003745913319 -0.000478266286)
(9.996602088 0.001591628923 -0.0002176102536)
(9.998719724 0.0006348633883 -9.22921948e-05)
(9.999544118 0.0002382123668 -3.660206069e-05)
(9.999846366 8.424707331e-05 -1.361272081e-05)
(9.999950927 2.813739364e-05 -4.760157771e-06)
(9.999985122 8.891104459e-06 -1.56887228e-06)
(9.999995712 2.662857238e-06 -4.884562835e-07)
(9.999998824 7.572024634e-07 -1.439652252e-07)
(9.999999692 2.047739139e-07 -4.024881276e-08)
(9.999999923 5.275186975e-08 -1.069389316e-08)
(9.999999982 1.296522485e-08 -2.70513324e-09)
(9.999999996 3.04478656e-09 -6.526151427e-10)
(9.999999999 6.842193585e-10 -1.504009679e-10)
(10 1.473361764e-10 -3.316178196e-11)
(10 3.044755411e-11 -7.006781475e-12)
(10 6.040499266e-12 -1.421062359e-12)
(10 1.151229137e-12 -2.762433362e-13)
(10 2.121694136e-13 -5.170885625e-14)
(10 4.056659511e-14 -9.046206746e-15)
(10 7.332064077e-15 -1.736680863e-15)
(10 -5.897984396e-17 4.839078749e-16)
(10 -3.855463668e-16 -4.65547583e-16)
(10 1.942730678e-16 -1.715974743e-16)
(10 7.70854589e-17 -1.365301233e-16)
(10 -2.361677238e-16 -9.460482239e-17)
(10 1.933082754e-16 -7.792966878e-17)
(10 5.793035751e-16 -9.259261055e-17)
(10 1.158581882e-16 -3.087478965e-16)
(10 -6.983663191e-17 -1.306148014e-16)
(10 1.788070958e-16 -2.013915358e-16)
(10 -2.725955965e-16 5.862436533e-16)
(10 -1.984163703e-16 -4.305471894e-16)
(10 -1.438421949e-16 -4.71820116e-16)
(10 2.741145466e-16 -8.194190811e-17)
(10 4.173135057e-16 -6.961457442e-17)
(10 -1.600471102e-15 3.956275702e-15)
)
;

boundaryField
{
    left
    {
        type            dirichlet;
        value           uniform (4 0 0);
    }
    right
    {
        type            dirichlet;
        value           uniform (4 0 0);
    }
    sides
    {
        type            empty;
    }
}


// ************************************************************************* //
