/*--------------------------------*- C++ -*----------------------------------*\
| =========                 |                                                 |
| \\      /  F ield         | foam-extend: Open Source CFD                    |
|  \\    /   O peration     | Version:     4.1                                |
|   \\  /    A nd           | Web:         http://www.foam-extend.org         |
|    \\/     M anipulation  |                                                 |
\*---------------------------------------------------------------------------*/
FoamFile
{
    version     2.0;
    format      ascii;
    class       cellScalarField;
    location    "1.5";
    object      T;
}
// * * * * * * * * * * * * * * * * * * * * * * * * * * * * * * * * * * * * * //

dimensions      [0 0 0 0 1 0 0];

internalField   nonuniform 
100
(
(3.99946822 -0.004686949535 0.0002655558547)
(4.125669522 0.2388504352 0.1556949493)
(5.721019747 1.371511748 0.09485966198)
(8.450797894 1.096637873 -0.1697386255)
(9.732931061 0.2632659364 -0.06997474467)
(9.972359319 0.03160778121 -0.01007777619)
(9.997893388 0.002618796399 -0.0009162097225)
(9.999868378 0.0001727071585 -6.399312992e-05)
(9.99999284 9.76070851e-06 -3.76295161e-06)
(9.999999648 4.934758398e-07 -1.959291317e-07)
(9.999999984 2.293286821e-08 -9.31673477e-09)
(9.999999999 9.97676562e-10 -4.129084801e-10)
(10 4.115718957e-11 -1.729889673e-11)
(10 1.626187173e-12 -6.919362747e-13)
(10 5.979665838e-14 -2.590230814e-14)
(10 3.719510275e-15 -1.08839264e-15)
(10 -1.449265709e-15 -2.609864264e-16)
(10 1.186833971e-15 -1.808323872e-16)
(10 -6.92117636e-16 2.341127208e-16)
(10 5.382891919e-17 -1.563505296e-16)
(10 1.191424228e-16 2.876910904e-17)
(10 -2.201441906e-16 5.572370896e-16)
(10 -1.000921955e-15 5.079224822e-16)
(10 1.354163142e-16 -7.673764292e-17)
(10 4.236828494e-18 -2.400923876e-18)
(10 1.325596256e-19 -7.511879906e-20)
(10 4.147443916e-21 -2.350268348e-21)
(10 1.2976151e-22 -7.353294815e-23)
(10 4.059790315e-24 -2.30058543e-24)
(10 1.270132759e-25 -7.197505842e-26)
(10 3.973538753e-27 -2.25168681e-27)
(10 1.243035732e-28 -7.043869628e-29)
(10 3.888330558e-30 -2.203371631e-30)
(10 1.216223067e-31 -6.891832863e-32)
(10 3.803941822e-33 -2.155524289e-33)
(10 1.189680728e-34 -6.74137681e-35)
(10 3.72063313e-36 -2.108322925e-36)
(10 1.163643859e-37 -6.593977647e-38)
(10 3.639868369e-39 -2.06266116e-39)
(10 1.138896752e-40 -6.454351159e-41)
(10 3.565489253e-42 -2.020825578e-42)
(10 1.11720382e-43 -6.332918721e-44)
(10 3.505194001e-45 -1.98733485e-45)
(10 1.101781013e-46 -6.248457957e-47)
(10 3.471913229e-48 -1.969704368e-48)
(10 1.097650707e-49 -6.230039421e-50)
(10 3.484540905e-51 -1.978829291e-51)
(10 1.111710106e-52 -6.317296416e-53)
(10 3.567538964e-54 -2.028719279e-54)
(10 1.152393396e-55 -6.558375644e-56)
(10 3.74917672e-57 -2.135459427e-57)
(10 1.228904134e-58 -7.005468818e-59)
(10 4.058505607e-60 -2.315464759e-60)
(10 1.350103715e-61 -7.708441554e-62)
(10 4.521494698e-63 -2.583277169e-63)
(10 1.523230365e-64 -8.707566025e-65)
(10 5.156969136e-66 -2.949272016e-66)
(10 1.752667646e-67 -1.002660106e-67)
(10 5.973053002e-69 -3.417670364e-69)
(10 2.038974626e-70 -1.166741021e-70)
(10 6.964721499e-72 -3.985194163e-72)
(10 2.378338886e-73 -1.360700958e-73)
(10 8.112855134e-75 -4.640579182e-75)
(10 2.762535225e-76 -1.579748914e-76)
(10 9.384921591e-78 -5.365008877e-78)
(10 3.179387265e-79 -1.816876796e-79)
(10 1.073715044e-80 -6.133385931e-81)
(10 3.613653872e-82 -2.06337221e-82)
(10 1.211785961e-83 -6.916243597e-84)
(10 4.048209314e-85 -2.309493238e-85)
(10 1.347146787e-86 -7.682030922e-87)
(10 4.465360681e-88 -2.545216263e-88)
(10 1.474269053e-89 -8.399487414e-90)
(10 4.848147236e-91 -2.760969308e-91)
(10 1.588045585e-92 -9.039847275e-93)
(10 5.181488821e-94 -2.948276544e-94)
(10 1.684117507e-95 -9.578668781e-96)
(10 5.453086557e-97 -3.100260294e-97)
(10 1.759112548e-98 -9.997156337e-99)
(10 5.654020888e-100 -3.211970668e-100)
(10 1.810783872e-101 -1.02829178e-101)
(10 5.779032679e-103 -3.280535785e-103)
(10 1.838050676e-104 -1.043016726e-104)
(10 5.826507541e-106 -3.305144881e-106)
(10 1.84095132e-107 -1.043943648e-107)
(10 5.798208842e-109 -3.286890616e-109)
(10 1.820526191e-110 -1.031689386e-110)
(10 5.698820177e-112 -3.228505296e-112)
(10 1.778650772e-113 -1.007338725e-113)
(10 5.535363833e-115 -3.134028739e-115)
(10 1.717839902e-116 -9.723329385e-117)
(10 5.316559722e-118 -3.008444154e-118)
(10 1.641042565e-119 -9.283534852e-120)
(10 5.052181454e-121 -2.857313856e-121)
(10 1.551443444e-122 -8.772099278e-123)
(10 4.752454913e-124 -2.686440172e-124)
(10 1.452283563e-125 -8.207389774e-126)
(10 4.427531901e-127 -2.501569623e-127)
(10 1.346708316e-128 -7.607192189e-129)
(10 -1.435359154e-15 3.593620442e-15)
)
;

boundaryField
{
    left
    {
        type            dirichlet;
        value           uniform (4 0 0);
    }
    right
    {
        type            dirichlet;
        value           uniform (4 0 0);
    }
    sides
    {
        type            empty;
    }
}


// ************************************************************************* //
