/*--------------------------------*- C++ -*----------------------------------*\
| =========                 |                                                 |
| \\      /  F ield         | foam-extend: Open Source CFD                    |
|  \\    /   O peration     | Version:     4.1                                |
|   \\  /    A nd           | Web:         http://www.foam-extend.org         |
|    \\/     M anipulation  |                                                 |
\*---------------------------------------------------------------------------*/
FoamFile
{
    version     2.0;
    format      ascii;
    class       cellScalarField;
    location    "35.7";
    object      T;
}
// * * * * * * * * * * * * * * * * * * * * * * * * * * * * * * * * * * * * * //

dimensions      [0 0 0 0 1 0 0];

internalField   nonuniform 
100
(
(4 -5.703630593e-17 1.624202108e-17)
(4 -9.50534764e-17 -9.3300017e-17)
(4 1.336810207e-16 -4.307584255e-17)
(4 -1.180897862e-16 -7.39171754e-17)
(4 1.41432919e-18 2.952455879e-16)
(4 -6.157699142e-16 5.735903804e-17)
(4 5.147122134e-16 -1.217978999e-17)
(4 -2.533719685e-16 -1.30471402e-17)
(4 8.299086634e-16 -1.033002654e-17)
(4 -1.32075358e-15 2.394414863e-16)
(4 3.3269459e-16 -1.360884288e-17)
(4 -5.553216346e-16 -6.895355287e-17)
(4 1.125908949e-15 -1.16583729e-16)
(4 -4.626991341e-16 1.088297948e-16)
(4 -3.286403449e-18 -1.108417126e-16)
(4 4.974463868e-17 4.92122341e-17)
(4 -1.169406236e-17 1.827684542e-16)
(4 -1.560471853e-16 -9.23882872e-17)
(4 6.0275854e-16 1.10602708e-17)
(4 -6.860433066e-16 -2.078447327e-16)
(4 1.03176395e-15 -1.094531913e-16)
(4 -7.520376551e-16 3.261907682e-16)
(4 7.110957801e-16 6.791873944e-17)
(4 -8.084227306e-16 -1.112162435e-16)
(4 5.864951702e-16 9.906671258e-19)
(4 -1.122189575e-15 1.876752782e-16)
(4 8.687587605e-16 -2.101676107e-16)
(4 -7.591634979e-16 6.247431741e-16)
(4 -3.159652437e-16 1.684033542e-16)
(4 4.961491955e-16 -1.008544425e-16)
(4 5.566030707e-17 -2.18295719e-17)
(4 1.442672687e-16 3.979390471e-17)
(4 -4.157942198e-17 -9.689957853e-17)
(4 -4.523477241e-16 2.719799113e-17)
(4 8.417258133e-16 5.698180695e-17)
(4 -9.544197123e-16 -1.744710604e-16)
(4 4.651720565e-16 1.142057695e-16)
(4 -4.923665957e-16 -1.105247901e-16)
(4 2.325536457e-16 -1.931311262e-16)
(4 4.582966617e-16 -1.036763822e-16)
(4 2.284614132e-16 -5.350924679e-17)
(4 -3.257191293e-16 -5.57685501e-17)
(4 6.759750777e-17 -1.023230168e-17)
(4 1.092905239e-17 5.392073045e-16)
(4 9.095266576e-15 5.052717823e-15)
(4 9.859241034e-14 4.83779405e-14)
(4 9.261335379e-13 4.268961086e-13)
(4 8.046564649e-12 3.570037929e-12)
(4 6.501669674e-11 2.763041608e-11)
(4.000000001 4.867353462e-10 1.971687604e-10)
(4.000000004 3.358033465e-09 1.289572829e-09)
(4.000000025 2.123031573e-08 7.681587693e-09)
(4.000000148 1.22292044e-07 4.141057396e-08)
(4.00000081 6.384360416e-07 2.009520879e-07)
(4.000004031 3.008474123e-06 8.744628269e-07)
(4.000018161 1.276465447e-05 3.405295329e-06)
(4.00007402 4.872160888e-05 1.186008694e-05)
(4.000273006 0.0001673718374 3.696453451e-05)
(4.000912426 0.0005182320017 0.0001032291342)
(4.002769285 0.001449350181 0.0002587301703)
(4.007653544 0.003670580999 0.0005829730886)
(4.019320745 0.00844128518 0.001182612107)
(4.044699 0.01767792296 0.002162015351)
(4.095104404 0.03380945669 0.003562769854)
(4.186767104 0.05921612833 0.005286659432)
(4.339790629 0.09523766569 0.007042304994)
(4.574907575 0.1410167775 0.008366150186)
(4.908207867 0.1927098757 0.008744548867)
(5.345159681 0.2436336764 0.007807813372)
(5.876107952 0.28559618 0.005511256477)
(6.475378159 0.3110896581 0.002205216292)
(7.104934422 0.3155228164 -0.001455659952)
(7.721726113 0.2985673657 -0.004729537672)
(8.286336867 0.2640814942 -0.00703036993)
(8.770116397 0.218726548 -0.008089232046)
(9.158788706 0.1699360512 -0.007978280268)
(9.452066324 0.1240548719 -0.007014071237)
(9.660241265 0.08522825549 -0.00560609271)
(9.799461621 0.05519089696 -0.004121606339)
(9.887313223 0.03373767957 -0.002809070598)
(9.93969692 0.01949644934 -0.001784745879)
(9.969253173 0.01066589549 -0.001061614203)
(9.985054674 0.005531349074 -0.0005932363815)
(9.993069883 0.002722888663 -0.0003123251343)
(9.996932258 0.001273944665 -0.0001553020835)
(9.998702602 0.0005671976672 -7.309440848e-05)
(9.999475371 0.0002406069303 -3.262692946e-05)
(9.999796992 9.736083116e-05 -1.383651735e-05)
(9.999924764 3.762374815e-05 -5.584048458e-06)
(9.999973273 1.390041605e-05 -2.147867723e-06)
(9.999990891 4.915360509e-06 -7.885424904e-07)
(9.999997019 1.665354343e-06 -2.766880428e-07)
(9.999999063 5.411676783e-07 -9.290988064e-08)
(9.999999716 1.688378649e-07 -2.989316015e-08)
(9.999999917 5.062308086e-08 -9.226332635e-09)
(9.999999977 1.460108165e-08 -2.734772893e-09)
(9.999999994 4.054954248e-09 -7.793227019e-10)
(9.999999998 1.085295889e-09 -2.137327826e-10)
(10 2.801925551e-10 -5.646859935e-11)
(10 6.983377889e-11 -1.438354253e-11)
)
;

boundaryField
{
    left
    {
        type            dirichlet;
        value           uniform (4 0 0);
    }
    right
    {
        type            dirichlet;
        value           uniform (4 0 0);
    }
    sides
    {
        type            empty;
    }
}


// ************************************************************************* //
