/*--------------------------------*- C++ -*----------------------------------*\
| =========                 |                                                 |
| \\      /  F ield         | foam-extend: Open Source CFD                    |
|  \\    /   O peration     | Version:     4.1                                |
|   \\  /    A nd           | Web:         http://www.foam-extend.org         |
|    \\/     M anipulation  |                                                 |
\*---------------------------------------------------------------------------*/
FoamFile
{
    version     2.0;
    format      ascii;
    class       cellScalarField;
    location    "2.7";
    object      T;
}
// * * * * * * * * * * * * * * * * * * * * * * * * * * * * * * * * * * * * * //

dimensions      [0 0 0 0 1 0 0];

internalField   nonuniform 
100
(
(3.999999977 6.031928474e-06 1.969210898e-05)
(4.0003559 0.0002943100936 -0.0001697818698)
(4.002656294 0.004361049788 0.009440789153)
(4.165072901 0.2190035449 0.08979073321)
(5.239954427 0.8846814391 0.09623783053)
(7.351342841 1.098409274 -0.05702940817)
(9.081227388 0.5894309625 -0.09117201131)
(9.795337519 0.1688119969 -0.03758436387)
(9.968196248 0.03056907223 -0.008194530342)
(9.996247219 0.003985493383 -0.001194083738)
(9.999640778 0.0004089725757 -0.0001319501817)
(9.999970748 3.50525224e-05 -1.19257299e-05)
(9.999997904 2.612894278e-06 -9.253591176e-07)
(9.999999864 1.742807572e-07 -6.370032564e-08)
(9.999999992 1.061848632e-08 -3.981692409e-09)
(10 6.001370705e-10 -2.298727126e-10)
(10 3.183603628e-11 -1.241564923e-11)
(10 1.600909605e-12 -6.333354789e-13)
(10 7.755778362e-14 -3.23491216e-14)
(10 1.545645999e-15 -1.301671588e-15)
(10 9.309783447e-16 -2.764098703e-16)
(10 7.053659882e-16 -6.307021302e-17)
(10 9.045100329e-17 -4.291120504e-16)
(10 1.537207826e-15 3.343891595e-16)
(10 -1.597661879e-15 3.259572659e-16)
(10 2.734056684e-16 -3.354445726e-16)
(10 8.772368886e-17 -4.072065976e-16)
(10 -5.827888949e-17 -2.008522119e-16)
(10 3.824271323e-17 2.275304264e-16)
(10 -1.685910333e-17 -1.087829731e-17)
(10 2.413899974e-16 1.962281734e-16)
(10 -2.665126451e-16 -2.695543039e-17)
(10 1.364883098e-16 1.749598909e-17)
(10 -2.188385326e-16 5.564619606e-16)
(10 -1.000862168e-15 5.078880458e-16)
(10 1.354184939e-16 -7.673887638e-17)
(10 4.236895964e-18 -2.400961834e-18)
(10 1.325615644e-19 -7.511991314e-20)
(10 4.147509993e-21 -2.350308642e-21)
(10 1.297649075e-22 -7.353510516e-23)
(10 4.060009799e-24 -2.300724081e-24)
(10 1.270272517e-25 -7.198373192e-26)
(10 3.974355599e-27 -2.252185607e-27)
(10 1.243473524e-28 -7.046508805e-29)
(10 3.890508449e-30 -2.204671151e-30)
(10 1.217239909e-31 -6.897848306e-32)
(10 3.808430224e-33 -2.158159108e-33)
(10 1.191559746e-34 -6.752324098e-35)
(10 3.728083602e-36 -2.112628329e-36)
(10 1.166421355e-37 -6.609870004e-38)
(10 3.649432042e-39 -2.068058106e-39)
(10 1.141813303e-40 -6.470421232e-41)
(10 3.572439768e-42 -2.024428166e-42)
(10 1.117724395e-43 -6.333914332e-44)
(10 3.497071734e-45 -1.981718646e-45)
(10 1.094143656e-46 -6.200287113e-47)
(10 3.423293566e-48 -1.939910064e-48)
(10 1.071060312e-49 -6.069478492e-50)
(10 3.351071452e-51 -1.898983251e-51)
(10 1.048463741e-52 -5.941428246e-53)
(10 3.28037198e-54 -1.858919258e-54)
(10 1.026343413e-55 -5.816076651e-56)
(10 3.211161918e-57 -1.819699234e-57)
(10 1.004688831e-58 -5.693364153e-59)
(10 3.143408091e-60 -1.781304362e-60)
(10 9.83489525e-62 -5.573231404e-62)
(10 3.077077608e-63 -1.743716016e-63)
(10 9.627352508e-65 -5.45562048e-65)
(10 3.01213904e-66 -1.706916472e-66)
(10 9.424166118e-68 -5.340478633e-68)
(10 2.948565492e-69 -1.670890749e-69)
(10 9.225264889e-71 -5.227766764e-71)
(10 2.88634097e-72 -1.635630355e-72)
(10 9.030627808e-74 -5.11747551e-74)
(10 2.825471833e-75 -1.601139991e-75)
(10 8.840330675e-77 -5.009652436e-77)
(10 2.766005339e-78 -1.567448332e-78)
(10 8.654618253e-80 -4.904443873e-80)
(10 2.708057148e-81 -1.534623934e-81)
(10 8.474007078e-83 -4.802154241e-83)
(10 2.651849026e-84 -1.502796943e-84)
(10 8.299421174e-86 -4.703324009e-86)
(10 2.597756796e-87 -1.472186577e-87)
(10 8.132358309e-89 -4.608824761e-89)
(10 2.546366869e-90 -1.443133371e-90)
(10 7.975078298e-92 -4.519966353e-92)
(10 2.498537597e-93 -1.416134004e-93)
(10 7.830798069e-95 -4.438607289e-95)
(10 2.455459558e-96 -1.391875283e-96)
(10 7.703871689e-98 -4.367255768e-98)
(10 2.418707003e-99 -1.371262854e-99)
(10 7.599928625e-101 -4.30914617e-101)
(10 2.390271549e-102 -1.355439559e-102)
(10 7.525941302e-104 -4.268274564e-104)
(10 2.372569009e-105 -1.345788296e-105)
(10 7.490194369e-107 -4.249377736e-107)
(10 2.368411354e-108 -1.343914909e-108)
(10 7.502133466e-110 -4.257843376e-110)
(10 2.380938044e-111 -1.351607926e-111)
(10 1.715918564e-16 2.960193664e-15)
)
;

boundaryField
{
    left
    {
        type            dirichlet;
        value           uniform (4 0 0);
    }
    right
    {
        type            dirichlet;
        value           uniform (4 0 0);
    }
    sides
    {
        type            empty;
    }
}


// ************************************************************************* //
