/*--------------------------------*- C++ -*----------------------------------*\
| =========                 |                                                 |
| \\      /  F ield         | foam-extend: Open Source CFD                    |
|  \\    /   O peration     | Version:     4.1                                |
|   \\  /    A nd           | Web:         http://www.foam-extend.org         |
|    \\/     M anipulation  |                                                 |
\*---------------------------------------------------------------------------*/
FoamFile
{
    version     2.0;
    format      ascii;
    class       cellScalarField;
    location    "36.3";
    object      T;
}
// * * * * * * * * * * * * * * * * * * * * * * * * * * * * * * * * * * * * * //

dimensions      [0 0 0 0 1 0 0];

internalField   nonuniform 
100
(
(4 -5.703630593e-17 1.624202108e-17)
(4 -1.991080095e-16 -1.925344574e-16)
(4 1.385396933e-16 -9.273745001e-17)
(4 -2.184079154e-16 -1.827871348e-16)
(4 5.109025392e-17 -9.306076814e-17)
(4 -6.147429315e-16 -1.466176995e-16)
(4 4.371386806e-16 -9.933753653e-17)
(4 -4.185235534e-16 -7.881907983e-17)
(4 9.015600829e-16 9.708400386e-18)
(4 -1.151796198e-15 9.065712009e-17)
(4 9.690453754e-17 3.65328183e-17)
(4 1.316592272e-16 1.409249898e-16)
(4 6.482862524e-16 2.57599826e-16)
(4 -4.830589192e-16 1.059437239e-16)
(4 5.165206912e-16 4.668204103e-17)
(4 -9.47495571e-16 1.356954767e-16)
(4 3.549547288e-16 -2.326281426e-16)
(4 -4.752349915e-18 -7.904768814e-17)
(4 1.126252147e-16 -9.736951602e-17)
(4 -4.84421908e-17 2.138922977e-17)
(4 2.773737988e-16 1.650555084e-16)
(4 -3.592386068e-16 -2.360292008e-16)
(4 7.224263748e-16 6.379113724e-17)
(4 -8.401444905e-16 -8.964341777e-17)
(4 7.738639586e-16 7.797815538e-17)
(4 -8.924621281e-16 1.69032592e-16)
(4 9.27787449e-16 -1.794454502e-17)
(4 -1.05206601e-15 3.562464041e-16)
(4 6.013714427e-16 -1.861328407e-16)
(4 -5.31099668e-16 -5.159561684e-18)
(4 6.379428485e-16 -1.026132566e-16)
(4 5.833736776e-17 -1.830295867e-17)
(4 -9.82103573e-17 -5.084368406e-17)
(4 -9.292085629e-17 2.863646161e-17)
(4 5.635798848e-16 1.539566584e-16)
(4 -7.700553493e-16 -4.416419283e-18)
(4 3.989349265e-16 -9.290852897e-17)
(4 -4.327760639e-16 -2.382562474e-17)
(4 4.164089083e-16 8.387746649e-18)
(4 -1.487782919e-16 8.703809716e-17)
(4 -7.485942384e-17 -2.521825463e-17)
(4 -1.742243972e-16 1.609666802e-17)
(4 -1.454735073e-17 5.304301537e-17)
(4 1.235551985e-17 -5.642264628e-18)
(4 -3.306473135e-16 4.351977323e-16)
(4 1.004625793e-14 5.50196141e-15)
(4 1.018817957e-13 4.880155244e-14)
(4 9.474724389e-13 4.345403964e-13)
(4 8.110487478e-12 3.567608228e-12)
(4 6.456920138e-11 2.720370046e-11)
(4.000000001 4.764966733e-10 1.913451702e-10)
(4.000000004 3.242104291e-09 1.234247378e-09)
(4.000000024 2.022822223e-08 7.256530253e-09)
(4.00000014 1.150943411e-07 3.865442466e-08)
(4.000000759 5.942364295e-07 1.856235347e-07)
(4.000003737 2.773531585e-06 8.007607952e-07)
(4.000016693 1.167593095e-05 3.097311713e-06)
(4.000067581 4.429949842e-05 1.07366639e-05)
(4.000248005 0.0001515528409 3.337360459e-05)
(4.000826088 0.0004681703689 9.313759163e-05)
(4.002502834 0.00130861477 0.0002337325339)
(4.006915378 0.003317812664 0.000528314236)
(4.017477136 0.007650325918 0.001077128048)
(4.040531101 0.01608751242 0.001982800364)
(4.086542977 0.03093658002 0.003296478282)
(4.170731094 0.05455086769 0.004945544685)
(4.312311248 0.08843271689 0.006677508822)
(4.531693733 0.1321294082 0.008067399211)
(4.845661537 0.1823932135 0.008618877012)
(5.261614368 0.2331533312 0.007940870474)
(5.772857972 0.2766012679 0.005927350679)
(6.35703401 0.3051819527 0.002847196733)
(6.978845993 0.3137815567 -0.0007136007662)
(7.596583509 0.3012267193 -0.004040212573)
(8.1704007 0.2704925491 -0.006522505368)
(8.669665045 0.2276031714 -0.007830096544)
(9.077240167 0.1797619079 -0.00796393961)
(9.389927171 0.1334813489 -0.007186055123)
(9.615723185 0.09333153706 -0.00588182375)
(9.769426219 0.06154299143 -0.004423462017)
(9.868200011 0.03832713903 -0.003082185212)
(9.92820772 0.02257493286 -0.002001529805)
(9.962719884 0.01259314574 -0.001216768053)
(9.981535271 0.006662038577 -0.0006949206455)
(9.991271464 0.003346615267 -0.0003739541784)
(9.99605935 0.001598360887 -0.0001900840869)
(9.998299646 0.0007266812442 -9.146833263e-05)
(9.999298241 0.0003148679618 -4.174893342e-05)
(9.999722758 0.0001301757724 -1.810686061e-05)
(9.999895069 5.140883459e-05 -7.474383142e-06)
(9.999961921 1.941455768e-05 -2.941052013e-06)
(9.99998674 7.018811747e-06 -1.104699177e-06)
(9.999995565 2.431636315e-06 -3.966274486e-07)
(9.999998574 8.081163593e-07 -1.362924965e-07)
(9.999999559 2.578812737e-07 -4.487847031e-08)
(9.999999869 7.909628663e-08 -1.417699425e-08)
(9.999999962 2.333953165e-08 -4.301225459e-09)
(9.99999999 6.631732689e-09 -1.254657486e-09)
(9.999999997 1.816148031e-09 -3.522320178e-10)
(9.999999999 4.797752712e-10 -9.526121597e-11)
)
;

boundaryField
{
    left
    {
        type            dirichlet;
        value           uniform (4 0 0);
    }
    right
    {
        type            dirichlet;
        value           uniform (4 0 0);
    }
    sides
    {
        type            empty;
    }
}


// ************************************************************************* //
