/*--------------------------------*- C++ -*----------------------------------*\
| =========                 |                                                 |
| \\      /  F ield         | foam-extend: Open Source CFD                    |
|  \\    /   O peration     | Version:     4.1                                |
|   \\  /    A nd           | Web:         http://www.foam-extend.org         |
|    \\/     M anipulation  |                                                 |
\*---------------------------------------------------------------------------*/
FoamFile
{
    version     2.0;
    format      ascii;
    class       cellScalarField;
    location    "3.6";
    object      T;
}
// * * * * * * * * * * * * * * * * * * * * * * * * * * * * * * * * * * * * * //

dimensions      [0 0 0 0 1 0 0];

internalField   nonuniform 
100
(
(4.000000078 6.63356529e-08 -1.223356459e-07)
(3.999999361 7.162792951e-07 7.463553926e-06)
(4.000146619 0.0001785024645 1.003749487e-05)
(4.001025864 0.0008513527288 0.001837118718)
(4.042275448 0.0596360411 0.03244094505)
(4.455389623 0.4044497519 0.08858187502)
(5.782437302 0.9002090357 0.04572278531)
(7.683912955 0.9144407759 -0.0545292745)
(9.122129307 0.5035121859 -0.06953033639)
(9.76633686 0.1700811471 -0.0332065253)
(9.954249245 0.03902961458 -0.009262045379)
(9.993053341 0.006617429291 -0.001778698934)
(9.99914233 0.0008850913001 -0.0002592730507)
(9.99991051 9.809483946e-05 -3.060089787e-05)
(9.999991867 9.344234125e-06 -3.058501935e-06)
(9.999999341 7.862837972e-07 -2.673365793e-07)
(9.999999952 5.967618662e-08 -2.092700155e-08)
(9.999999997 4.151513219e-09 -1.493740704e-09)
(10 2.681033137e-10 -9.85872191e-11)
(10 1.623676032e-11 -6.08312848e-12)
(10 9.268040143e-13 -3.545606823e-13)
(10 4.953564619e-14 -1.943185239e-14)
(10 2.336053742e-15 -1.51282744e-15)
(10 3.276694128e-16 -2.433282834e-16)
(10 -1.158014538e-16 1.199692623e-16)
(10 2.064864441e-16 -1.336075636e-16)
(10 -2.681301109e-16 -6.029616858e-16)
(10 5.250635593e-16 -2.077389101e-16)
(10 -1.040016721e-15 2.325155748e-16)
(10 -6.152291789e-16 8.287234772e-18)
(10 3.210076466e-16 8.437306072e-17)
(10 -1.990633264e-16 6.707719408e-17)
(10 -7.703145627e-17 -4.607010448e-16)
(10 2.31529391e-16 -3.373594285e-16)
(10 1.914221576e-16 -5.530718451e-16)
(10 -3.754409236e-17 -3.116280171e-16)
(10 4.619327503e-17 3.201979593e-16)
(10 -4.965320467e-17 -5.651813305e-18)
(10 3.232626166e-16 3.50258352e-16)
(10 -4.601928857e-16 -7.640301957e-17)
(10 2.618813494e-16 2.949202433e-17)
(10 -1.365865064e-16 -1.744219838e-17)
(10 2.188364463e-16 -5.564608176e-16)
(10 1.000862123e-15 -5.078880214e-16)
(10 -1.354184949e-16 7.67388769e-17)
(10 -4.236895985e-18 2.400961845e-18)
(10 -1.325615648e-19 7.511991338e-20)
(10 -4.147510002e-21 2.350308647e-21)
(10 -1.297649077e-22 7.353510527e-23)
(10 -4.060009803e-24 2.300724083e-24)
(10 -1.270272518e-25 7.198373197e-26)
(10 -3.974355601e-27 2.252185608e-27)
(10 -1.243473524e-28 7.046508807e-29)
(10 -3.890508449e-30 2.204671151e-30)
(10 -1.217239909e-31 6.897848307e-32)
(10 -3.808430225e-33 2.158159109e-33)
(10 -1.191559747e-34 6.752324105e-35)
(10 -3.728083609e-36 2.112628333e-36)
(10 -1.16642136e-37 6.609870033e-38)
(10 -3.649432069e-39 2.068058123e-39)
(10 -1.141813318e-40 6.470421321e-41)
(10 -3.572439844e-42 2.024428212e-42)
(10 -1.117724433e-43 6.333914564e-44)
(10 -3.497071927e-45 1.981718763e-45)
(10 -1.094143753e-46 6.200287697e-47)
(10 -3.42329405e-48 1.939910357e-48)
(10 -1.071060555e-49 6.069479961e-50)
(10 -3.351072669e-51 1.898983985e-51)
(10 -1.048464345e-52 5.941431881e-53)
(10 -3.280374945e-54 1.858921038e-54)
(10 -1.026344847e-55 5.816085238e-56)
(10 -3.211168733e-57 1.819703301e-57)
(10 -1.004692006e-58 5.693383037e-59)
(10 -3.143422568e-60 1.781312942e-60)
(10 -9.834959754e-62 5.57326949e-62)
(10 -3.077105647e-63 1.743732506e-63)
(10 -9.627471181e-65 5.455689981e-65)
(10 -3.012187815e-66 1.706944905e-66)
(10 -9.424359997e-68 5.340591049e-68)
(10 -2.948639553e-69 1.670933412e-69)
(10 -9.225533842e-71 5.227920354e-71)
(10 -2.886431965e-72 1.63568165e-72)
(10 -9.030902293e-74 5.117626654e-74)
(10 -2.825536754e-75 1.601173585e-75)
(10 -8.840376812e-77 5.009659777e-77)
(10 -2.765926215e-78 1.567393516e-78)
(10 -8.65387069e-80 4.903970584e-80)
(10 -2.707573211e-81 1.534326065e-81)
(10 -8.471298994e-83 4.800510944e-83)
(10 -2.650451159e-84 1.501956167e-84)
(10 -8.292578523e-86 4.699233707e-86)
(10 -2.59453402e-87 1.470269067e-87)
(10 -8.117627814e-89 4.600092712e-89)
(10 -2.53979632e-90 1.43925033e-90)
(10 -7.946367258e-92 4.50304286e-92)
(10 -2.48621321e-93 1.408885883e-93)
(10 -7.778719445e-95 4.408040316e-95)
(10 -2.433760641e-96 1.379162112e-96)
(10 -7.614609933e-98 4.31504297e-98)
(10 -1.948530042e-15 3.803234361e-15)
)
;

boundaryField
{
    left
    {
        type            dirichlet;
        value           uniform (4 0 0);
    }
    right
    {
        type            dirichlet;
        value           uniform (4 0 0);
    }
    sides
    {
        type            empty;
    }
}


// ************************************************************************* //
