/*--------------------------------*- C++ -*----------------------------------*\
| =========                 |                                                 |
| \\      /  F ield         | foam-extend: Open Source CFD                    |
|  \\    /   O peration     | Version:     4.1                                |
|   \\  /    A nd           | Web:         http://www.foam-extend.org         |
|    \\/     M anipulation  |                                                 |
\*---------------------------------------------------------------------------*/
FoamFile
{
    version     2.0;
    format      ascii;
    class       cellScalarField;
    location    "12.2";
    object      T;
}
// * * * * * * * * * * * * * * * * * * * * * * * * * * * * * * * * * * * * * //

dimensions      [0 0 0 0 1 0 0];

internalField   nonuniform 
100
(
(4 -5.703630593e-17 1.624202108e-17)
(4 -2.520411642e-16 -1.4795606e-17)
(4 8.006565685e-17 -8.530488796e-17)
(4 7.072749469e-17 -7.909995263e-17)
(4 -1.479020329e-16 1.00218502e-16)
(4 -4.0340808e-16 1.462163595e-17)
(4 3.131547254e-16 -7.214884315e-17)
(4 -8.151852431e-16 4.723822921e-17)
(4 8.046584397e-14 7.437857671e-14)
(4 1.431887918e-12 5.842900392e-13)
(4 2.840195517e-11 2.528732737e-11)
(4.000000001 7.36785038e-10 4.257468652e-10)
(4.000000009 1.055464761e-08 6.559116949e-09)
(4.00000015 1.760716585e-07 1.059362164e-07)
(4.000002113 2.328423586e-06 1.211667366e-06)
(4.000023872 2.500864621e-05 1.258248887e-05)
(4.000239973 0.000245090116 0.0001123273895)
(4.002013391 0.001891943023 0.0007093869359)
(4.012730461 0.01037601234 0.003017075768)
(4.059179713 0.04028333066 0.008785813306)
(4.206171572 0.1138870116 0.01786977811)
(4.555232646 0.2418698116 0.02538839466)
(5.19362945 0.3965517006 0.02389265029)
(6.113324963 0.5135930583 0.0109090562)
(7.177293046 0.5357990758 -0.007053306045)
(8.182310757 0.4578711967 -0.02003928336)
(8.968872486 0.3252805167 -0.02314840595)
(9.48563159 0.1946659709 -0.01865234977)
(9.774035279 0.09932518105 -0.01172885251)
(9.912269853 0.04368809503 -0.006040359779)
(9.969752763 0.01673566547 -0.002620578205)
(9.990687874 0.00563676447 -0.0009766673135)
(9.99742494 0.001684119979 -0.0003174253408)
(9.999356579 0.0004500486686 -9.108270043e-05)
(9.999853869 0.0001083997536 -2.331816429e-05)
(9.99996966 2.370183682e-05 -5.37531825e-06)
(9.999994209 4.735843484e-06 -1.124866125e-06)
(9.999998979 8.700337521e-07 -2.152529112e-07)
(9.999999833 1.477939124e-07 -3.791393226e-08)
(9.999999974 2.333594681e-08 -6.183402153e-09)
(9.999999996 3.441363832e-09 -9.387968112e-10)
(10 4.760960283e-10 -1.333384656e-10)
(10 6.204047739e-11 -1.779479169e-11)
(10 7.645725175e-12 -2.240357305e-12)
(10 8.950206254e-13 -2.684080706e-13)
(10 9.818255466e-14 -3.058190942e-14)
(10 7.702842353e-15 -3.743946079e-15)
(10 7.665247499e-16 -8.743496579e-18)
(10 -1.093863048e-15 4.09558745e-16)
(10 4.90565652e-17 4.238094628e-16)
(10 2.108797585e-16 -3.813518313e-16)
(10 -2.702763441e-16 6.444864515e-16)
(10 -3.897520748e-16 6.555718078e-16)
(10 -1.582707143e-16 1.248432305e-17)
(10 -1.327802895e-16 -4.722490383e-17)
(10 2.084981588e-16 -7.761191809e-16)
(10 3.856036357e-17 -2.710309444e-16)
(10 7.093456674e-18 -6.039949715e-16)
(10 5.772524157e-17 2.181363677e-16)
(10 -3.375232225e-18 -1.331712742e-16)
(10 -1.636322436e-16 2.924211148e-16)
(10 -3.925508024e-16 2.722934218e-16)
(10 3.259834855e-16 1.201630653e-16)
(10 -3.490528944e-17 -2.343381624e-16)
(10 1.229730177e-16 -4.16350368e-17)
(10 -2.952411546e-16 -1.635432996e-16)
(10 -1.004614053e-17 -3.988446895e-17)
(10 -9.974694846e-17 -5.999902671e-17)
(10 5.453135422e-16 -3.791179589e-16)
(10 3.712840746e-17 -2.863249095e-16)
(10 5.047663118e-16 -3.628695156e-16)
(10 2.149075009e-16 -4.139236535e-16)
(10 3.375503423e-16 -1.467976905e-16)
(10 2.081134385e-16 1.680068084e-16)
(10 1.858109172e-16 1.92899844e-16)
(10 -2.549684934e-16 5.456571848e-16)
(10 -1.93369788e-17 3.037260152e-16)
(10 -7.553425917e-18 7.485344048e-16)
(10 -3.716210954e-16 2.483639919e-16)
(10 -1.675698971e-16 2.092364041e-17)
(10 -3.195281962e-16 1.331774968e-16)
(10 1.526597436e-16 -4.775348729e-16)
(10 4.149545708e-16 -4.507049241e-16)
(10 4.566211381e-16 -1.39002379e-17)
(10 1.326072965e-16 -3.770396493e-16)
(10 4.240611188e-16 2.960191753e-17)
(10 1.768991622e-16 -1.969715115e-18)
(10 4.089638551e-17 -3.130512519e-17)
(10 4.767060913e-16 -5.130730301e-18)
(10 -4.156098573e-16 2.754442913e-16)
(10 -1.139945506e-16 4.272999421e-17)
(10 4.361991192e-16 2.703850042e-16)
(10 5.437985012e-17 -4.079884763e-16)
(10 2.778380418e-17 -7.032148896e-16)
(10 2.665820658e-16 3.46915396e-16)
(10 2.098147309e-16 6.352217882e-16)
(10 1.24474563e-16 5.602572015e-16)
(10 -2.910520659e-16 -4.103200332e-16)
(10 2.834331409e-16 9.866756936e-17)
(10 -2.931574434e-16 3.288714424e-15)
)
;

boundaryField
{
    left
    {
        type            dirichlet;
        value           uniform (4 0 0);
    }
    right
    {
        type            dirichlet;
        value           uniform (4 0 0);
    }
    sides
    {
        type            empty;
    }
}


// ************************************************************************* //
