/*--------------------------------*- C++ -*----------------------------------*\
| =========                 |                                                 |
| \\      /  F ield         | foam-extend: Open Source CFD                    |
|  \\    /   O peration     | Version:     4.1                                |
|   \\  /    A nd           | Web:         http://www.foam-extend.org         |
|    \\/     M anipulation  |                                                 |
\*---------------------------------------------------------------------------*/
FoamFile
{
    version     2.0;
    format      ascii;
    class       cellScalarField;
    location    "39.6";
    object      T;
}
// * * * * * * * * * * * * * * * * * * * * * * * * * * * * * * * * * * * * * //

dimensions      [0 0 0 0 1 0 0];

internalField   nonuniform 
100
(
(4 -5.703630593e-17 1.624202108e-17)
(4 -4.744047767e-18 2.160532196e-17)
(4 -1.881014486e-16 -6.270549805e-17)
(4 2.380468789e-17 -4.411226631e-17)
(4 -7.786576707e-17 -6.1596677e-17)
(4 -5.7903429e-16 -5.344640818e-17)
(4 4.395694061e-16 -8.799357699e-18)
(4 -4.547035829e-16 -1.907431471e-16)
(4 9.745400346e-16 4.408643131e-17)
(4 -1.411179438e-15 1.484361542e-16)
(4 4.316254999e-16 -4.374565031e-17)
(4 -1.054651394e-17 1.663399284e-16)
(4 7.675643744e-16 -2.265704821e-16)
(4 2.353430583e-16 -1.262113741e-16)
(4 -1.097068214e-16 1.275676139e-16)
(4 -1.654788062e-16 1.509446451e-16)
(4 3.338856837e-17 -1.890868367e-16)
(4 1.451413361e-16 -1.491944939e-16)
(4 -2.273025675e-16 9.437191877e-17)
(4 -9.737334593e-17 4.963908495e-17)
(4 6.815416276e-17 2.215962415e-16)
(4 1.142309787e-16 7.948708782e-18)
(4 -1.909445446e-17 -3.993372878e-17)
(4 -1.233603431e-16 1.714139623e-17)
(4 5.680942807e-17 -1.118491324e-16)
(4 -1.010042178e-16 8.609681217e-17)
(4 -1.467517852e-19 1.62614667e-17)
(4 5.325998742e-17 -8.07846382e-17)
(4 -4.014188037e-16 5.207515971e-17)
(4 1.008610094e-16 -5.933306234e-16)
(4 9.993129079e-16 -1.332488968e-17)
(4 -8.301167109e-16 -2.204470153e-16)
(4 8.944636243e-16 4.071552897e-17)
(4 -1.44260001e-15 -1.955185216e-16)
(4 1.422353358e-15 -8.67393123e-17)
(4 -8.486764159e-16 -1.462903464e-16)
(4 1.11819739e-15 -9.306322899e-17)
(4 -1.263866231e-15 9.195419493e-17)
(4 1.010265395e-15 1.410262472e-16)
(4 -3.418069627e-16 -3.124085175e-16)
(4 3.247148379e-16 -1.384095963e-16)
(4 9.145734907e-17 -1.371293293e-16)
(4 -1.454164124e-16 1.126581693e-16)
(4 9.618601522e-18 -1.535613747e-16)
(4 -2.518683853e-16 -1.888708996e-17)
(4 6.7710914e-16 1.275987065e-16)
(4 -1.004786952e-15 1.67554222e-16)
(4 1.065925685e-15 3.993191006e-17)
(4 -1.061377271e-15 1.360185002e-16)
(4 3.267023379e-16 9.506662502e-17)
(4 3.178920286e-15 1.838828176e-15)
(4 3.932291597e-14 1.857702289e-14)
(4 3.508314694e-13 1.581396298e-13)
(4 2.890020286e-12 1.24112993e-12)
(4 2.21025316e-11 9.100064739e-12)
(4 1.573345686e-10 6.188240644e-11)
(4.000000001 1.037984929e-09 3.881451168e-10)
(4.000000007 6.317564046e-09 2.234606323e-09)
(4.000000043 3.531672341e-08 1.175285944e-08)
(4.000000232 1.806239005e-07 5.624647145e-08)
(4.000001136 8.42572411e-07 2.442294589e-07)
(4.000005094 3.577886553e-06 9.605246298e-07)
(4.000020866 1.381872139e-05 3.419432723e-06)
(4.000078104 4.855041405e-05 1.102142551e-05)
(4.000267382 0.0001553112397 3.219049383e-05)
(4.000838437 0.0004530502938 8.530050787e-05)
(4.002412932 0.001207366868 0.0002053553996)
(4.006387977 0.002945777515 0.000449756522)
(4.015596731 0.006594805433 0.0008971608434)
(4.035215529 0.01357812766 0.001631300357)
(4.073738419 0.02576950274 0.002704409625)
(4.143608776 0.04518306269 0.004085231265)
(4.260916472 0.07334956243 0.005611963775)
(4.443610235 0.110481259 0.006981589414)
(4.708068762 0.1547147006 0.007801808555)
(5.064575871 0.2018245463 0.007705579919)
(5.51297284 0.245713317 0.006491395057)
(6.04010041 0.2796887691 0.004227441318)
(6.620291424 0.2981675036 0.001264644048)
(7.219175125 0.2981958902 -0.001856697967)
(7.799827699 0.2802127096 -0.004570669297)
(8.329433293 0.2477884867 -0.006451049977)
(8.784512152 0.2064995654 -0.007313162194)
(9.153431474 0.1624114056 -0.007222491756)
(9.435970415 0.1207164747 -0.006424189692)
(9.640661602 0.08490682153 -0.005236243959)
(9.78111984 0.05658476238 -0.003952118351)
(9.87252246 0.03577460477 -0.00278152391)
(9.928997099 0.02148275713 -0.001834711774)
(9.962166425 0.01226736405 -0.001138572667)
(9.980705968 0.006668843752 -0.000666814288)
(9.990578263 0.003455146381 -0.0003695028586)
(9.995591968 0.00170790952 -0.0001941587687)
(9.998022907 0.0008063054769 -9.693099771e-05)
(9.999149341 0.0003639260116 -4.605600097e-05)
(9.999648667 0.0001571942996 -2.085979751e-05)
(9.999860616 6.504167313e-05 -9.019072407e-06)
(9.999946845 2.580410476e-05 -3.727559706e-06)
(9.999980501 9.824927596e-06 -1.474498664e-06)
(9.999993115 3.593398134e-06 -5.589026095e-07)
)
;

boundaryField
{
    left
    {
        type            dirichlet;
        value           uniform (4 0 0);
    }
    right
    {
        type            dirichlet;
        value           uniform (4 0 0);
    }
    sides
    {
        type            empty;
    }
}


// ************************************************************************* //
