/*--------------------------------*- C++ -*----------------------------------*\
| =========                 |                                                 |
| \\      /  F ield         | foam-extend: Open Source CFD                    |
|  \\    /   O peration     | Version:     4.1                                |
|   \\  /    A nd           | Web:         http://www.foam-extend.org         |
|    \\/     M anipulation  |                                                 |
\*---------------------------------------------------------------------------*/
FoamFile
{
    version     2.0;
    format      ascii;
    class       cellScalarField;
    location    "27.3";
    object      T;
}
// * * * * * * * * * * * * * * * * * * * * * * * * * * * * * * * * * * * * * //

dimensions      [0 0 0 0 1 0 0];

internalField   nonuniform 
100
(
(4 -5.703630593e-17 1.624202108e-17)
(4 -6.752217893e-17 2.828664808e-16)
(4 1.23046971e-17 8.217291746e-17)
(4 -1.17474537e-16 2.913565383e-17)
(4 -4.707749828e-17 8.494688028e-17)
(4 -4.02970722e-16 9.669641852e-17)
(4 4.206933124e-16 1.643560958e-16)
(4 -5.301321179e-16 2.837281995e-17)
(4 8.896932023e-16 2.284185232e-17)
(4 -1.354186465e-15 -1.552711949e-16)
(4 1.486747116e-16 6.026769791e-17)
(4 1.850595256e-16 -1.398789074e-16)
(4 8.412138271e-16 6.966999577e-18)
(4 -1.76288199e-17 -5.709984077e-17)
(4 -2.977208247e-16 -1.626939098e-16)
(4 9.126852786e-16 -6.663833572e-17)
(4 -1.181901118e-15 1.305785312e-16)
(4 1.236094483e-15 -9.91404768e-17)
(4 -1.062036327e-15 2.844898461e-16)
(4 8.12208348e-16 9.621731883e-17)
(4 -9.874743306e-16 1.840155846e-16)
(4 7.159323124e-16 -1.841977892e-16)
(4 -7.039640352e-16 4.915741289e-16)
(4 7.481606485e-17 1.462563645e-16)
(4 -1.262616306e-16 2.82664616e-17)
(4 -1.119792927e-16 -1.548904913e-16)
(4 1.321713962e-18 3.085102983e-18)
(4 -2.606272586e-17 3.494999465e-16)
(4 -4.523579585e-16 -5.032632328e-18)
(4 3.205302189e-16 1.254433741e-16)
(4 1.581510509e-15 1.727677775e-15)
(4 3.636483729e-14 2.061946195e-14)
(4 4.413203644e-13 2.306269284e-13)
(4 4.910438145e-12 2.492169605e-12)
(4 5.08122052e-11 2.476978478e-11)
(4 4.847388505e-10 2.256988061e-10)
(4.000000004 4.232489743e-09 1.870950674e-09)
(4.000000035 3.359308601e-08 1.400405783e-08)
(4.000000264 2.404322941e-07 9.365435513e-08)
(4.00000177 1.535038331e-06 5.521295238e-07)
(4.000010549 8.640670566e-06 2.833932946e-06)
(4.000055507 4.249167684e-05 1.256040081e-05)
(4.000256429 0.000181670011 4.790325427e-05)
(4.001038556 0.0006747427366 0.0001572175721)
(4.003693265 0.002181630322 0.0004449651956)
(4.011574314 0.006164222852 0.001089163813)
(4.032123543 0.01529238867 0.00231196757)
(4.079404427 0.03347793974 0.004263350675)
(4.175863762 0.06500075223 0.006828930167)
(4.351181874 0.1124798083 0.009469261478)
(4.636354028 0.174278475 0.01125878033)
(5.053278643 0.2428434575 0.01121690353)
(5.603380418 0.3055671795 0.008813700077)
(6.260922699 0.3485445 0.004346440857)
(6.975519077 0.3617032733 -0.001089907294)
(7.683994952 0.3426635655 -0.006058186721)
(8.326837683 0.2973032619 -0.009392782521)
(8.862281427 0.2369559364 -0.01061817829)
(9.272863206 0.1739900177 -0.009983988757)
(9.563499238 0.1180217758 -0.008185210658)
(9.753912154 0.07415132384 -0.00598871514)
(9.869663184 0.04325968237 -0.003964692415)
(9.93510794 0.02349088531 -0.002397048956)
(9.969602122 0.01190063574 -0.001332537145)
(9.986588476 0.00563716906 -0.0006847266894)
(9.99442035 0.002502087711 -0.0003266470061)
(9.997808309 0.00104277926 -0.0001452015479)
(9.9991861 0.0004088817592 -6.033963677e-05)
(9.999713862 0.000151132072 -2.350889476e-05)
(9.999904634 5.275692335e-05 -8.610027983e-06)
(9.999969826 1.742408925e-05 -2.971484678e-06)
(9.999990924 5.454147832e-06 -9.685416934e-07)
(9.999997401 1.620853234e-06 -2.987830309e-07)
(9.999999291 4.580473536e-07 -8.740770125e-08)
(9.999999815 1.232859974e-07 -2.429496202e-08)
(9.999999954 3.16532333e-08 -6.427331222e-09)
(9.999999989 7.763644874e-09 -1.621177329e-09)
(9.999999997 1.821699744e-09 -3.90500143e-10)
(9.999999999 4.094948718e-10 -8.996299751e-11)
(10 8.830296164e-11 -1.985200622e-11)
(10 1.828798e-11 -4.202890583e-12)
(10 3.639995743e-12 -8.541104542e-13)
(10 6.935368381e-13 -1.653375758e-13)
(10 1.323490725e-13 -3.075486294e-14)
(10 2.430536477e-14 -5.422331546e-15)
(10 6.714571173e-15 -2.218011402e-15)
(10 -6.775816136e-16 4.460668587e-16)
(10 -9.424203682e-16 -2.953974832e-16)
(10 1.34107894e-15 -1.076961996e-15)
(10 -1.08605111e-16 7.59563746e-17)
(10 -1.184601305e-16 -5.736333303e-17)
(10 -2.325304792e-16 2.351452385e-16)
(10 -1.370814095e-16 1.023503905e-16)
(10 -3.663516679e-16 1.644795868e-16)
(10 5.470264331e-18 4.510164988e-16)
(10 -8.483528018e-18 1.269690299e-16)
(10 -3.011377391e-16 3.440452955e-16)
(10 -3.911770233e-16 9.758875004e-17)
(10 -2.369214289e-16 1.840330489e-17)
(10 1.243182457e-17 3.649687765e-15)
)
;

boundaryField
{
    left
    {
        type            dirichlet;
        value           uniform (4 0 0);
    }
    right
    {
        type            dirichlet;
        value           uniform (4 0 0);
    }
    sides
    {
        type            empty;
    }
}


// ************************************************************************* //
