/*--------------------------------*- C++ -*----------------------------------*\
| =========                 |                                                 |
| \\      /  F ield         | foam-extend: Open Source CFD                    |
|  \\    /   O peration     | Version:     4.1                                |
|   \\  /    A nd           | Web:         http://www.foam-extend.org         |
|    \\/     M anipulation  |                                                 |
\*---------------------------------------------------------------------------*/
FoamFile
{
    version     2.0;
    format      ascii;
    class       cellScalarField;
    location    "10.1";
    object      T;
}
// * * * * * * * * * * * * * * * * * * * * * * * * * * * * * * * * * * * * * //

dimensions      [0 0 0 0 1 0 0];

internalField   nonuniform 
100
(
(4 -5.703630593e-17 1.624202108e-17)
(4 2.741198779e-17 -3.61423264e-17)
(4 -7.777645839e-17 2.081262877e-17)
(4 1.53435815e-16 9.051816923e-17)
(4 1.323987565e-16 -3.827367452e-15)
(4 2.653374148e-14 1.239425745e-13)
(4 2.658485226e-12 1.043863581e-13)
(4 1.769346254e-11 3.766454865e-11)
(4.000000001 1.482227216e-09 8.238191936e-10)
(4.000000017 1.806913682e-08 1.171496909e-08)
(4.000000317 3.949005684e-07 2.653136274e-07)
(4.00000527 5.946743896e-06 3.098053791e-06)
(4.000062733 6.650511878e-05 3.564097526e-05)
(4.000694187 0.0007371084261 0.0003567613252)
(4.006252498 0.00598641893 0.002220074872)
(4.039123702 0.03121549926 0.008383090841)
(4.168712945 0.1073917257 0.0199940941)
(4.523016866 0.2563256661 0.03060593218)
(5.22267575 0.4433352901 0.02836912276)
(6.255186629 0.5753555594 0.009799372304)
(7.426170168 0.576357058 -0.01349002632)
(8.470952874 0.4563249895 -0.02675745379)
(9.219244782 0.2914377652 -0.02610992512)
(9.657181978 0.1528783677 -0.01787899074)
(9.870001881 0.06694869971 -0.009455775663)
(9.957146775 0.02484177513 -0.004046207356)
(9.987624194 0.007917511666 -0.001442687995)
(9.996842782 0.002194866256 -0.0004379598331)
(9.999282516 0.0005353620026 -0.0001151566788)
(9.999853564 0.0001161171986 -2.66047165e-05)
(9.999972947 2.261245383e-05 -5.467346533e-06)
(9.999995443 3.988580423e-06 -1.010154252e-06)
(9.999999295 6.423536748e-07 -1.69384811e-07)
(9.999999899 9.513813018e-08 -2.599241402e-08)
(9.999999987 1.304364593e-08 -3.677129185e-09)
(9.999999998 1.66522482e-09 -4.827410383e-10)
(10 1.990201083e-10 -5.915853191e-11)
(10 2.237838923e-11 -6.802846103e-12)
(10 2.379156189e-12 -7.380505303e-13)
(10 2.378594233e-13 -7.640419644e-14)
(10 2.126810292e-14 -6.159455939e-15)
(10 -3.402328704e-16 -3.264995187e-16)
(10 1.25959187e-15 -4.335680437e-17)
(10 -5.929204605e-16 5.057295014e-16)
(10 -8.742740938e-17 -3.341566351e-16)
(10 -3.244258969e-16 -7.555809895e-16)
(10 3.181325107e-16 3.548299791e-17)
(10 -3.000615131e-16 3.31131698e-16)
(10 2.720284476e-16 7.229563122e-17)
(10 8.658143999e-17 1.676560541e-16)
(10 -3.351270617e-16 6.978629755e-17)
(10 -2.529318378e-16 -3.148007162e-16)
(10 -1.541878688e-16 4.48151341e-16)
(10 -2.865545414e-16 2.284061034e-16)
(10 -2.239244243e-16 3.618352024e-16)
(10 -1.557886682e-16 2.19252487e-17)
(10 -5.749786487e-16 -2.339289861e-16)
(10 2.03995809e-16 -3.953910154e-17)
(10 5.537708844e-16 -4.592140202e-16)
(10 4.14485782e-16 2.415178289e-16)
(10 -1.63131014e-16 -4.699244286e-16)
(10 -4.506855377e-16 8.281672656e-17)
(10 3.995299094e-16 5.619567735e-16)
(10 2.443883081e-16 4.110840279e-16)
(10 4.668820113e-17 -1.208918649e-16)
(10 2.931910182e-16 -1.209760502e-18)
(10 -6.592191394e-18 5.209991145e-16)
(10 -1.852471999e-16 5.918579145e-16)
(10 2.281392437e-16 4.67137229e-18)
(10 -4.313340376e-16 -4.953268601e-16)
(10 4.445521057e-16 5.81820489e-17)
(10 2.262874212e-16 1.959635078e-16)
(10 4.007105278e-16 -1.731678839e-16)
(10 -1.471227526e-16 -3.932331707e-16)
(10 1.615528754e-16 2.366354585e-16)
(10 2.270861733e-16 3.746004822e-16)
(10 1.828715495e-16 3.196644072e-16)
(10 -1.827563284e-16 -2.767147948e-16)
(10 1.56592813e-16 6.160381072e-17)
(10 -3.119270359e-16 2.379022792e-16)
(10 4.593988519e-16 3.832337913e-16)
(10 -3.817954562e-16 -3.41156914e-16)
(10 -3.764792667e-17 1.252183377e-16)
(10 -1.557991588e-16 6.354682186e-16)
(10 -6.27184721e-16 2.798971549e-16)
(10 3.013673687e-17 -1.418887296e-16)
(10 3.376524335e-16 -6.385584559e-17)
(10 -1.711844209e-16 2.263353132e-16)
(10 -2.523298774e-16 -1.508225036e-16)
(10 -2.922187995e-16 -7.778029021e-17)
(10 1.808607958e-16 3.070162787e-16)
(10 -2.493189259e-16 3.164087687e-16)
(10 -1.918092485e-16 5.745622757e-16)
(10 -1.639458028e-16 1.420049572e-16)
(10 -1.300682109e-16 2.757501344e-16)
(10 -2.409990997e-16 1.553484204e-17)
(10 -3.093905255e-16 6.489192761e-17)
(10 3.124138406e-16 -3.661027567e-16)
(10 3.185463172e-17 4.968406569e-17)
(10 9.544816502e-17 3.270853532e-15)
)
;

boundaryField
{
    left
    {
        type            dirichlet;
        value           uniform (4 0 0);
    }
    right
    {
        type            dirichlet;
        value           uniform (4 0 0);
    }
    sides
    {
        type            empty;
    }
}


// ************************************************************************* //
