/*--------------------------------*- C++ -*----------------------------------*\
| =========                 |                                                 |
| \\      /  F ield         | foam-extend: Open Source CFD                    |
|  \\    /   O peration     | Version:     4.1                                |
|   \\  /    A nd           | Web:         http://www.foam-extend.org         |
|    \\/     M anipulation  |                                                 |
\*---------------------------------------------------------------------------*/
FoamFile
{
    version     2.0;
    format      ascii;
    class       cellScalarField;
    location    "26.5";
    object      T;
}
// * * * * * * * * * * * * * * * * * * * * * * * * * * * * * * * * * * * * * //

dimensions      [0 0 0 0 1 0 0];

internalField   nonuniform 
100
(
(4 -5.703630593e-17 1.624202108e-17)
(4 -1.767152011e-17 1.09255372e-16)
(4 4.29522768e-17 1.216730018e-16)
(4 -6.071426447e-17 3.11144511e-16)
(4 -3.108379163e-16 -1.027300772e-16)
(4 -4.172123522e-16 -2.013908815e-16)
(4 5.171555225e-16 1.646941965e-17)
(4 -3.873773066e-16 -1.252443905e-16)
(4 9.596580101e-16 -5.957615893e-17)
(4 -1.293047948e-15 2.89567454e-16)
(4 1.731176976e-17 6.247090215e-17)
(4 7.663217218e-16 3.25807989e-16)
(4 -4.936834465e-16 -4.389805384e-16)
(4 1.346884958e-15 2.440673569e-17)
(4 -1.335846555e-15 2.164957836e-16)
(4 6.636210755e-16 1.008493702e-16)
(4 -1.09078448e-15 3.254398191e-16)
(4 8.350034446e-16 -1.179570349e-16)
(4 -4.642358047e-16 1.972254574e-16)
(4 1.597322658e-17 1.293879034e-16)
(4 7.98548093e-18 1.004452455e-17)
(4 1.389539064e-17 -7.538078575e-18)
(4 -1.20641811e-16 1.244095827e-16)
(4 -5.993746991e-17 -7.265836636e-17)
(4 7.791332072e-18 7.556802551e-17)
(4 -2.295599112e-16 3.58013131e-18)
(4 4.311637079e-17 2.670711761e-16)
(4 -3.255000397e-17 6.235609907e-17)
(4 -5.893007457e-16 2.441791736e-16)
(4 4.933802412e-15 3.697940905e-15)
(4 7.508348139e-14 4.003942264e-14)
(4 8.84534516e-13 4.663951612e-13)
(4 9.91349948e-12 5.039108716e-12)
(4 1.027839607e-10 5.012051201e-11)
(4.000000001 9.797213507e-10 4.555481595e-10)
(4.000000009 8.520778808e-09 3.754369617e-09)
(4.000000071 6.714461328e-08 2.783473937e-08)
(4.000000525 4.752050389e-07 1.834380974e-07)
(4.000003465 2.984138855e-06 1.058744605e-06)
(4.000020263 1.642131261e-05 5.283621299e-06)
(4.000104051 7.847824045e-05 2.262486857e-05)
(4.000466887 0.0003243988244 8.291427907e-05)
(4.001829492 0.001160007519 0.0002602812621)
(4.006275639 0.003598930026 0.0007017449279)
(4.018928425 0.009731358274 0.001630009699)
(4.050480134 0.023052805 0.003270364762)
(4.119774705 0.04810285726 0.005674066046)
(4.254494874 0.08888391614 0.008500554474)
(4.487504967 0.1461809402 0.01092835514)
(4.847730324 0.2150107731 0.01186632371)
(5.347722892 0.2841115962 0.01045682485)
(5.973410394 0.3386952376 0.006603923073)
(6.682105164 0.3657094055 0.00116004726)
(7.411342083 0.3589875528 -0.00440009131)
(8.095398193 0.321478982 -0.008635765643)
(8.682279057 0.2635019784 -0.01072711649)
(9.144222757 0.1983010658 -0.01067965625)
(9.478792699 0.1374230472 -0.009118179754)
(9.702386942 0.08794471342 -0.006880894211)
(9.840639271 0.05211259784 -0.004667518726)
(9.919932346 0.02866657707 -0.002877039804)
(9.962220321 0.01467509614 -0.001623980663)
(9.983240866 0.007007905751 -0.0008444275106)
(9.993002112 0.003128883385 -0.0004064156356)
(9.997245905 0.001309001334 -0.0001817847796)
(9.998976961 0.0005142360053 -7.583094605e-05)
(9.999640805 0.0001900845591 -2.959316921e-05)
(9.999880621 6.624501598e-05 -1.083473353e-05)
(9.999962388 2.180784315e-05 -3.731222485e-06)
(9.99998875 6.79404925e-06 -1.211524824e-06)
(9.999996801 2.00667784e-06 -3.717365188e-07)
(9.999999134 5.628726721e-07 -1.08012692e-07)
(9.999999776 1.501936469e-07 -2.977932838e-08)
(9.999999945 3.818587521e-08 -7.805023369e-09)
(9.999999987 9.264897998e-09 -1.948187541e-09)
(9.999999997 2.148422039e-09 -4.639039645e-10)
(9.999999999 4.768273343e-10 -1.055503739e-10)
(10 1.01435199e-10 -2.298261576e-11)
(10 2.071454578e-11 -4.797863696e-12)
(10 4.059838368e-12 -9.600094346e-13)
(10 7.642366942e-13 -1.845114768e-13)
(10 1.388313188e-13 -3.320788397e-14)
(10 2.801070711e-14 -6.118735667e-15)
(10 5.323252847e-15 -2.239438778e-15)
(10 -4.103333153e-16 2.362111908e-16)
(10 -1.8616332e-16 -3.546689067e-16)
(10 7.214005517e-17 -1.078677067e-16)
(10 -1.025217559e-16 4.592453551e-16)
(10 -9.929208612e-17 -5.307026398e-16)
(10 5.242143457e-16 2.934178493e-17)
(10 1.522287446e-16 4.891639544e-16)
(10 7.995526839e-18 -1.899496163e-16)
(10 -2.135425993e-16 4.949816782e-16)
(10 5.890343155e-18 -8.144931456e-17)
(10 -1.385471817e-16 4.415572261e-16)
(10 -1.664600963e-16 -2.668671328e-16)
(10 -1.73033613e-16 -2.696046573e-16)
(10 4.918323269e-16 8.698690077e-17)
(10 1.890532255e-16 -3.587465797e-17)
(10 -1.720372517e-15 3.733987582e-15)
)
;

boundaryField
{
    left
    {
        type            dirichlet;
        value           uniform (4 0 0);
    }
    right
    {
        type            dirichlet;
        value           uniform (4 0 0);
    }
    sides
    {
        type            empty;
    }
}


// ************************************************************************* //
