/*--------------------------------*- C++ -*----------------------------------*\
| =========                 |                                                 |
| \\      /  F ield         | foam-extend: Open Source CFD                    |
|  \\    /   O peration     | Version:     4.1                                |
|   \\  /    A nd           | Web:         http://www.foam-extend.org         |
|    \\/     M anipulation  |                                                 |
\*---------------------------------------------------------------------------*/
FoamFile
{
    version     2.0;
    format      ascii;
    class       cellScalarField;
    location    "36.7";
    object      T;
}
// * * * * * * * * * * * * * * * * * * * * * * * * * * * * * * * * * * * * * //

dimensions      [0 0 0 0 1 0 0];

internalField   nonuniform 
100
(
(4 -5.703630593e-17 1.624202108e-17)
(4 -2.640276233e-17 3.562071151e-17)
(4 -1.343047057e-16 1.712791582e-17)
(4 -2.947470185e-17 1.085017201e-17)
(4 -1.192057418e-16 -5.218790513e-17)
(4 -5.368828635e-16 7.795570493e-17)
(4 5.843580943e-16 -1.382324728e-16)
(4 -5.925182195e-16 -1.25585147e-16)
(4 9.08845074e-16 -4.916548684e-17)
(4 -1.327059124e-15 1.501665057e-16)
(4 3.394577152e-16 1.851569638e-16)
(4 -5.95299407e-16 4.040543597e-17)
(4 9.98950297e-16 -1.216917055e-16)
(4 -2.614224157e-16 -1.607154801e-16)
(4 3.918148235e-16 8.266792681e-17)
(4 -2.872140864e-16 -2.854488813e-16)
(4 6.584680643e-16 -4.571686959e-17)
(4 -1.010105842e-15 2.852148539e-16)
(4 4.800313987e-16 -1.029502889e-16)
(4 -2.66730419e-16 -1.747042674e-17)
(4 1.277173267e-16 -7.787081411e-17)
(4 -2.200891457e-18 -1.858130516e-16)
(4 1.512671522e-16 -2.305489956e-16)
(4 -5.908196247e-17 -6.197044088e-16)
(4 7.197567151e-16 2.420900632e-16)
(4 -8.697448637e-16 1.371045617e-16)
(4 7.691752354e-16 -8.787016378e-17)
(4 -7.46553193e-16 2.543617082e-17)
(4 2.928609107e-16 -5.942187074e-17)
(4 -1.158500835e-16 -1.093692914e-16)
(4 7.90145859e-16 1.585417582e-17)
(4 -9.192509931e-16 1.08152922e-16)
(4 3.552422639e-16 -9.334453852e-17)
(4 -4.031236787e-16 1.996292014e-16)
(4 5.9079558e-16 -3.961181886e-18)
(4 -8.797128598e-16 -3.202574158e-16)
(4 4.725517902e-16 -7.802860627e-17)
(4 -4.24044921e-16 8.419811309e-17)
(4 4.013256428e-16 1.013980745e-16)
(4 7.542730021e-17 1.240266388e-16)
(4 -3.466507377e-17 -2.838036886e-18)
(4 -1.339109182e-16 -9.010146911e-17)
(4 -3.400162797e-17 -1.180531988e-16)
(4 9.061027215e-17 -1.373176958e-17)
(4 -6.184585053e-16 1.798024149e-16)
(4 1.442155142e-15 1.040863037e-15)
(4 2.236990264e-14 1.145978136e-14)
(4 2.211329844e-13 1.036965376e-13)
(4 1.975412523e-12 8.873176468e-13)
(4 1.633159877e-11 7.045612249e-12)
(4 1.256463131e-10 5.182891959e-11)
(4.000000001 8.946423657e-10 3.511237377e-10)
(4.000000007 5.864903573e-09 2.178040349e-09)
(4.000000042 3.520819504e-08 1.229654145e-08)
(4.000000239 1.925418297e-07 6.283690418e-08)
(4.000001245 9.549522274e-07 2.89383841e-07)
(4.000005901 4.282102718e-06 1.197677729e-06)
(4.000025383 1.733158132e-05 4.448839225e-06)
(4.000099044 6.330038383e-05 1.483095659e-05)
(4.000350831 0.0002087958172 4.440845577e-05)
(4.001129885 0.0006230060572 0.0001195984842)
(4.003315981 0.001685215654 0.0002901602803)
(4.008891978 0.00414272917 0.0006351551304)
(4.021852034 0.009279626821 0.001256081568)
(4.049371588 0.01899136074 0.002245977572)
(4.102896005 0.0356061667 0.003631229687)
(4.198493917 0.06131606464 0.005301975608)
(4.355678919 0.09723060566 0.006968819737)
(4.59417605 0.1423209481 0.008190047375)
(4.928884604 0.1927456984 0.008489423808)
(5.364318552 0.2420576911 0.007534487141)
(5.890539711 0.2824856253 0.005297916608)
(6.482487752 0.3069733848 0.002116039135)
(7.103512424 0.3112266131 -0.001397188194)
(7.712276694 0.2949393867 -0.004548571158)
(8.270844949 0.2617239883 -0.006786924136)
(8.751386527 0.2178474177 -0.007851705361)
(9.139649062 0.1703624807 -0.00779852788)
(9.434732903 0.1253706716 -0.006914635227)
(9.646009724 0.08695238509 -0.005581753358)
(9.788729134 0.056920773 -0.004150225723)
(9.879816083 0.03521946558 -0.002864282493)
(9.934816838 0.02062607408 -0.00184502232)
(9.966279808 0.01144861412 -0.001113935879)
(9.983352865 0.006030526037 -0.0006324976909)
(9.992152188 0.003018356735 -0.000338703409)
(9.99646484 0.001437245177 -0.0001714709061)
(9.998477234 0.0006518586018 -8.224189814e-05)
(9.999372306 0.0002819302852 -3.744151043e-05)
(9.999752205 0.0001164089159 -1.620773976e-05)
(9.999906241 4.593722474e-05 -6.681783826e-06)
(9.999965971 1.73437492e-05 -2.627283683e-06)
(9.999988143 6.271551859e-06 -9.866648466e-07)
(9.999996031 2.174220971e-06 -3.543643621e-07)
(9.999998722 7.233706701e-07 -1.218676451e-07)
(9.999999604 2.311894452e-07 -4.017903428e-08)
(9.999999882 7.104540553e-08 -1.271379876e-08)
(9.999999966 2.101192535e-08 -3.865338653e-09)
(9.999999991 5.986166188e-09 -1.130288854e-09)
(9.999999997 1.644247212e-09 -3.182111259e-10)
)
;

boundaryField
{
    left
    {
        type            dirichlet;
        value           uniform (4 0 0);
    }
    right
    {
        type            dirichlet;
        value           uniform (4 0 0);
    }
    sides
    {
        type            empty;
    }
}


// ************************************************************************* //
