/*--------------------------------*- C++ -*----------------------------------*\
| =========                 |                                                 |
| \\      /  F ield         | foam-extend: Open Source CFD                    |
|  \\    /   O peration     | Version:     4.1                                |
|   \\  /    A nd           | Web:         http://www.foam-extend.org         |
|    \\/     M anipulation  |                                                 |
\*---------------------------------------------------------------------------*/
FoamFile
{
    version     2.0;
    format      ascii;
    class       cellScalarField;
    location    "33.1";
    object      T;
}
// * * * * * * * * * * * * * * * * * * * * * * * * * * * * * * * * * * * * * //

dimensions      [0 0 0 0 1 0 0];

internalField   nonuniform 
100
(
(4 -5.703630593e-17 1.624202108e-17)
(4 -4.007620282e-17 -2.904433945e-17)
(4 -1.051796041e-16 -1.251604156e-16)
(4 1.392791531e-17 2.575213479e-17)
(4 -4.41414153e-17 -7.189098041e-17)
(4 -2.883946445e-16 1.506107261e-16)
(4 3.157649717e-16 1.522347765e-16)
(4 -4.916030796e-16 -3.459363922e-17)
(4 7.037797618e-16 -2.928201359e-17)
(4 -1.202234729e-15 2.100051766e-17)
(4 3.459413226e-16 -4.064825511e-17)
(4 -2.449524528e-16 7.955579976e-17)
(4 9.863081427e-16 -5.252495698e-17)
(4 -4.967583066e-16 1.413375481e-16)
(4 2.112241993e-16 7.13778502e-17)
(4 -4.828934407e-17 8.92323801e-17)
(4 5.959119091e-17 -4.302045505e-17)
(4 1.49456747e-16 -8.417470745e-17)
(4 4.22050563e-16 3.690618792e-16)
(4 -7.488660832e-16 -2.574523479e-16)
(4 8.897885332e-16 -1.554179024e-16)
(4 -7.556787637e-16 5.739358776e-17)
(4 5.458929297e-16 -1.78403511e-16)
(4 -6.920356914e-17 8.574356485e-17)
(4 -5.841896159e-17 1.222764722e-16)
(4 -2.003181434e-16 -7.549684253e-17)
(4 4.372900719e-17 -1.209836314e-17)
(4 2.198985115e-17 -3.832961901e-17)
(4 -4.82679403e-16 3.120914584e-18)
(4 4.19524897e-16 -7.637997906e-17)
(4 4.710676226e-16 -4.818176163e-17)
(4 -3.659617158e-16 2.676258737e-16)
(4 -1.275780161e-16 9.006008806e-17)
(4 -2.011846493e-16 1.655522508e-16)
(4 5.596353885e-16 7.401051209e-17)
(4 -7.309939622e-16 -1.563525082e-16)
(4 5.662668686e-16 -1.118316349e-16)
(4 -5.454102947e-16 5.44550825e-17)
(4 4.967435162e-16 -9.17670914e-17)
(4 1.902919826e-16 6.140977938e-16)
(4 1.579777738e-14 8.602151151e-15)
(4 1.75737567e-13 8.584693607e-14)
(4 1.707885851e-12 8.081765856e-13)
(4 1.551570965e-11 7.05977499e-12)
(4 1.308466627e-10 5.695290422e-11)
(4.000000001 1.018515679e-09 4.219693867e-10)
(4.000000008 7.27655437e-09 2.852500278e-09)
(4.000000054 4.740644716e-08 1.746040318e-08)
(4.000000334 2.796802929e-07 9.602082516e-08)
(4.000001868 1.484383162e-06 4.712336814e-07)
(4.000009401 7.051812987e-06 2.054206473e-06)
(4.000042518 2.989851144e-05 7.935184931e-06)
(4.000172588 0.0001130348735 2.715060775e-05)
(4.000629071 0.00038135957 8.235696503e-05)
(4.00206277 0.001150465285 0.000221841857)
(4.00610198 0.003111783535 0.0005316909159)
(4.016339154 0.007570103542 0.001135933528)
(4.039752508 0.01661844355 0.002166367667)
(4.088230127 0.03303163686 0.003690118392)
(4.179389578 0.0596420595 0.005609518997)
(4.335560512 0.09813945106 0.007586669463)
(4.580040685 0.1476153247 0.009064087057)
(4.930778882 0.2035553889 0.009421687018)
(5.393172042 0.2580484833 0.008230137573)
(5.954819883 0.3015306348 0.005480376442)
(6.584937222 0.3255815554 0.001654656724)
(7.239440413 0.3256266457 -0.002418905624)
(7.870274505 0.3023404494 -0.00586407687)
(8.435689104 0.2611727896 -0.008058339665)
(8.907927992 0.2103355579 -0.008799756207)
(9.276189288 0.1582378455 -0.008287130793)
(9.544830227 0.1114155871 -0.006961739973)
(9.728484308 0.07355506993 -0.005310663322)
(9.846354106 0.04561147776 -0.003719129096)
(9.91749388 0.02661137297 -0.002408938754)
(9.957936562 0.01463200038 -0.001451039921)
(9.979627151 0.007594020794 -0.0008163145375)
(9.990619022 0.003725959491 -0.0004304039162)
(9.995889929 0.001730808193 -0.000213313705)
(9.99828511 0.0007623092312 -9.963276908e-05)
(9.999317963 0.0003187818417 -4.395620801e-05)
(9.999741193 0.0001267440375 -1.835574551e-05)
(9.999906209 4.797421916e-05 -7.269129635e-06)
(9.999967507 1.730986476e-05 -2.73473995e-06)
(9.999989228 5.961128657e-06 -9.790116196e-07)
(9.99999658 1.96173926e-06 -3.340187735e-07)
(9.999998959 6.176559633e-07 -1.087682469e-07)
(9.999999696 1.862710029e-07 -3.385221738e-08)
(9.999999915 5.386718352e-08 -1.008331753e-08)
(9.999999977 1.495401333e-08 -2.878085611e-09)
(9.999999994 3.989387034e-09 -7.881653252e-10)
(9.999999999 1.023810443e-09 -2.07325271e-10)
(10 2.530098682e-10 -5.244482693e-11)
(10 6.026569653e-11 -1.277198506e-11)
(10 1.384709201e-11 -2.996428832e-12)
(10 3.074273127e-12 -6.786793148e-13)
(10 6.566235742e-13 -1.500737343e-13)
(10 1.302928601e-13 -2.979300522e-14)
(10 3.286565753e-14 -6.890665831e-15)
(10 1.138650285e-14 2.334907386e-15)
)
;

boundaryField
{
    left
    {
        type            dirichlet;
        value           uniform (4 0 0);
    }
    right
    {
        type            dirichlet;
        value           uniform (4 0 0);
    }
    sides
    {
        type            empty;
    }
}


// ************************************************************************* //
