/*--------------------------------*- C++ -*----------------------------------*\
| =========                 |                                                 |
| \\      /  F ield         | foam-extend: Open Source CFD                    |
|  \\    /   O peration     | Version:     4.1                                |
|   \\  /    A nd           | Web:         http://www.foam-extend.org         |
|    \\/     M anipulation  |                                                 |
\*---------------------------------------------------------------------------*/
FoamFile
{
    version     2.0;
    format      ascii;
    class       cellScalarField;
    location    "17.4";
    object      T;
}
// * * * * * * * * * * * * * * * * * * * * * * * * * * * * * * * * * * * * * //

dimensions      [0 0 0 0 1 0 0];

internalField   nonuniform 
100
(
(4 -5.703630593e-17 1.624202108e-17)
(4 -7.758846722e-17 9.922427143e-17)
(4 -2.0317055e-16 4.052781358e-17)
(4 -1.555211618e-16 2.490959775e-16)
(4 7.892955173e-17 8.914842513e-17)
(4 -5.373297618e-16 1.025177976e-17)
(4 2.307001079e-16 9.354838405e-17)
(4 -5.485810868e-16 -6.643200599e-17)
(4 9.653300792e-16 1.275229499e-17)
(4 -1.233976994e-15 -4.079394747e-17)
(4 2.477538404e-16 5.058350593e-17)
(4 8.963715051e-16 1.16354978e-16)
(4 1.626439581e-15 -4.356772424e-16)
(4 2.737726342e-16 -2.046600895e-16)
(4 -1.499805941e-16 1.317521126e-16)
(4 6.874677955e-15 4.761195163e-15)
(4 1.311416116e-13 8.061124943e-14)
(4 2.218854935e-12 1.402258842e-12)
(4 3.629803397e-11 2.141453329e-11)
(4 5.071409879e-10 2.849941524e-10)
(4.000000006 6.503054045e-09 3.535828151e-09)
(4.000000071 7.538455855e-08 3.831423314e-08)
(4.000000741 7.610570065e-07 3.613478922e-07)
(4.000006858 6.770948584e-06 2.99325912e-06)
(4.000055616 5.216674092e-05 2.075983199e-05)
(4.000382177 0.0003318173812 0.000114355892)
(4.00215551 0.001686688479 0.0004893900002)
(4.009857085 0.006801862082 0.001627013557)
(4.036679887 0.02191999886 0.004235058783)
(4.112360625 0.05717373145 0.008694802854)
(4.287515093 0.1223634815 0.01410430892)
(4.624173261 0.2177005616 0.01788603016)
(5.167785286 0.3258046323 0.01701001224)
(5.912961302 0.4145291105 0.01034717995)
(6.788337054 0.4526794625 2.017013465e-05)
(7.67713521 0.4279572882 -0.009774957141)
(8.463205842 0.3530075941 -0.01551095309)
(9.073121006 0.2558953772 -0.01623691785)
(9.491041944 0.1641054614 -0.01338173151)
(9.745494813 0.09368204715 -0.009214186349)
(9.883951529 0.04788335158 -0.005459100026)
(9.951649386 0.02203347843 -0.002833588909)
(9.981546137 0.009174820826 -0.001304958513)
(9.993529578 0.003474213637 -0.0005384141378)
(9.997909478 0.001201933756 -0.00020060311)
(9.999375674 0.0003815837033 -6.795025431e-05)
(9.999827109 0.0001116373854 -2.104971537e-05)
(9.999955465 3.021863475e-05 -5.995172543e-06)
(9.999989296 7.596846604e-06 -1.577403141e-06)
(9.999997592 1.780121433e-06 -3.851053064e-07)
(9.999999492 3.901283378e-07 -8.759392894e-08)
(9.999999899 8.022562754e-08 -1.863198714e-08)
(9.999999981 1.552737138e-08 -3.719235159e-09)
(9.999999997 2.836752815e-09 -6.989935428e-10)
(9.999999999 4.905380271e-10 -1.240621466e-10)
(10 8.050052565e-11 -2.085435854e-11)
(10 1.256487406e-11 -3.32771937e-12)
(10 1.871597347e-12 -5.062871545e-13)
(10 2.645106523e-13 -7.483142736e-14)
(10 3.185382088e-14 -9.659944684e-15)
(10 7.102931267e-15 -1.805222483e-15)
(10 -6.711062511e-16 9.677737947e-16)
(10 -2.30999123e-16 -2.614060298e-16)
(10 2.84664567e-16 -1.832008859e-16)
(10 2.696485256e-16 5.985530072e-17)
(10 2.247087198e-16 5.158418966e-16)
(10 -3.111060832e-16 2.313957767e-17)
(10 -8.717850465e-17 4.222871906e-17)
(10 3.161432264e-16 1.807841842e-16)
(10 -1.021181718e-16 3.567507523e-16)
(10 -1.750472516e-16 -4.833004643e-17)
(10 -4.95189388e-16 8.060968604e-17)
(10 2.42548744e-16 1.556735949e-16)
(10 2.497247302e-17 2.605751692e-16)
(10 7.467230005e-19 5.310211369e-16)
(10 1.341859218e-16 7.120613176e-16)
(10 4.297971524e-17 -4.741223661e-16)
(10 -3.650680993e-16 -2.84221815e-16)
(10 7.673078233e-17 -7.458117672e-17)
(10 4.492356166e-17 3.255299843e-16)
(10 -4.215487754e-16 -1.695765776e-16)
(10 1.19847036e-16 7.437805755e-17)
(10 -2.729513488e-16 8.366618568e-17)
(10 -5.88869712e-16 -4.03457981e-17)
(10 4.422536421e-16 -2.949177471e-16)
(10 -9.444314081e-17 1.47079765e-16)
(10 -1.533039574e-16 7.880071036e-17)
(10 3.365846438e-16 2.209184045e-16)
(10 -3.436244524e-16 6.764080298e-17)
(10 -4.561567625e-16 9.057861968e-18)
(10 -3.67046398e-17 5.073825836e-16)
(10 -4.509773326e-16 4.397576318e-16)
(10 -2.511318001e-16 6.174225556e-16)
(10 -3.349403538e-16 2.488665747e-16)
(10 -6.336486078e-16 4.50037411e-16)
(10 4.616835203e-16 5.03740454e-17)
(10 -2.225088074e-16 -2.998857555e-16)
(10 3.394438716e-16 -1.315560759e-16)
(10 -5.043613794e-16 5.157127314e-16)
(10 -7.699251409e-16 3.575855267e-15)
)
;

boundaryField
{
    left
    {
        type            dirichlet;
        value           uniform (4 0 0);
    }
    right
    {
        type            dirichlet;
        value           uniform (4 0 0);
    }
    sides
    {
        type            empty;
    }
}


// ************************************************************************* //
