/*--------------------------------*- C++ -*----------------------------------*\
| =========                 |                                                 |
| \\      /  F ield         | foam-extend: Open Source CFD                    |
|  \\    /   O peration     | Version:     4.1                                |
|   \\  /    A nd           | Web:         http://www.foam-extend.org         |
|    \\/     M anipulation  |                                                 |
\*---------------------------------------------------------------------------*/
FoamFile
{
    version     2.0;
    format      ascii;
    class       cellScalarField;
    location    "40.2";
    object      T;
}
// * * * * * * * * * * * * * * * * * * * * * * * * * * * * * * * * * * * * * //

dimensions      [0 0 0 0 1 0 0];

internalField   nonuniform 
100
(
(4 -5.703630593e-17 1.624202108e-17)
(4 -1.659481973e-16 6.456105926e-17)
(4 -7.735586049e-17 -6.426868178e-17)
(4 -1.208405415e-16 -9.906698734e-17)
(4 -2.389317231e-16 7.083485133e-17)
(4 -3.932318132e-16 5.588332734e-17)
(4 5.362999864e-16 -7.728928359e-17)
(4 -2.60054638e-16 -6.512259523e-17)
(4 9.029021317e-16 4.286272316e-17)
(4 -1.425805121e-15 8.185019695e-17)
(4 4.027878505e-16 -3.953220781e-17)
(4 -3.464634459e-16 1.415432912e-16)
(4 1.107966832e-15 -1.471338496e-16)
(4 -5.482743148e-16 3.086384824e-17)
(4 5.230265118e-16 -7.114439958e-18)
(4 -1.951642815e-16 -1.723447772e-16)
(4 5.2180144e-17 1.32911089e-17)
(4 5.972133216e-19 1.01739653e-17)
(4 -2.909673343e-16 -1.61687002e-17)
(4 7.877903281e-17 -9.941612434e-17)
(4 -5.963470761e-17 7.755478543e-17)
(4 8.17622838e-17 -1.588708219e-17)
(4 5.924562295e-18 1.305936322e-16)
(4 4.984893057e-17 5.363414831e-17)
(4 -2.793394186e-16 -1.148226356e-16)
(4 1.523929636e-17 -6.992133631e-17)
(4 6.036450804e-18 8.075284119e-17)
(4 -9.519013578e-17 4.00319497e-17)
(4 -4.050100136e-16 1.496968231e-16)
(4 3.909799314e-16 -9.519729148e-17)
(4 4.035898605e-16 -3.024760634e-16)
(4 -2.714900447e-17 -1.25468655e-16)
(4 6.232406445e-16 2.676355173e-16)
(4 -1.36979415e-15 3.285261097e-17)
(4 1.305100155e-15 -4.772719035e-17)
(4 -1.011131436e-15 6.79558305e-17)
(4 1.49781162e-15 -6.725997317e-17)
(4 -1.581812276e-15 2.672441932e-16)
(4 8.013987932e-16 7.422818771e-17)
(4 -4.801812552e-16 -2.671087541e-16)
(4 6.202147314e-16 -1.838642342e-16)
(4 -4.292996471e-16 -9.849015149e-17)
(4 1.736879801e-16 1.277606299e-16)
(4 -1.344658696e-16 2.151793093e-16)
(4 -5.369570082e-16 -1.819379776e-16)
(4 1.182717686e-15 -1.919287249e-16)
(4 -8.24582134e-16 3.513260519e-16)
(4 8.345614102e-16 1.784759591e-16)
(4 -8.754954218e-16 6.706078123e-17)
(4 4.39935753e-16 8.389335901e-17)
(4 -7.236753783e-18 9.262812862e-17)
(4 3.643234069e-15 1.654211462e-15)
(4 4.037114565e-14 1.901443505e-14)
(4 3.551359449e-13 1.579120984e-13)
(4 2.882142269e-12 1.227728502e-12)
(4 2.175890088e-11 8.889602575e-12)
(4 1.529479075e-10 5.968841574e-11)
(4.000000001 9.968495985e-10 3.698826072e-10)
(4.000000007 5.997653142e-09 2.105438782e-09)
(4.000000041 3.317118105e-08 1.095927049e-08)
(4.000000217 1.680175112e-07 5.197062245e-08)
(4.000001053 7.771792872e-07 2.239231272e-07)
(4.000004686 3.276994613e-06 8.752244397e-07)
(4.000019077 1.258608836e-05 3.101535843e-06)
(4.000071067 4.403941235e-05 9.96739405e-06)
(4.000242461 0.0001405151462 2.907330537e-05)
(4.000758698 0.0004094165523 7.705975415e-05)
(4.002181644 0.001091332927 0.000185848947)
(4.005777755 0.002666776633 0.0004083789106)
(4.014127539 0.005986805867 0.0008185290822)
(4.031977562 0.01237501913 0.001497704198)
(4.067186811 0.02360483484 0.0025024559)
(4.131404394 0.04163966694 0.003816275915)
(4.239930937 0.06807489625 0.005302745577)
(4.410218384 0.1033552656 0.006688694615)
(4.658785844 0.1460171957 0.007603818301)
(4.996959673 0.1923214167 0.007681485816)
(5.426552818 0.2365902471 0.006691555958)
(5.937002405 0.2723156837 0.004649490294)
(6.505270317 0.2937550797 0.001846709102)
(7.098955544 0.2974651927 -0.001220418639)
(7.681908207 0.2832035351 -0.003997725163)
(8.220711262 0.253875605 -0.006035605663)
(8.690138821 0.2145987273 -0.007102108367)
(9.076193483 0.1712848448 -0.00721044851)
(9.376282409 0.1292639195 -0.006565839069)
(9.597048352 0.09235573567 -0.005467738204)
(9.750947832 0.06254925058 -0.004211864668)
(9.852734393 0.04020487192 -0.003023727748)
(9.916678641 0.02455525529 -0.002033873968)
(9.954878796 0.01426643598 -0.001286963022)
(9.976603925 0.007893579023 -0.0007685212753)
(9.988378933 0.004163790977 -0.0004342481393)
(9.994467532 0.00209612434 -0.0002326945781)
(9.997474128 0.00100809917 -0.0001184815214)
(9.998893405 0.0004636404694 -5.742322793e-05)
(9.999534491 0.0002041147545 -2.653271872e-05)
(9.999811845 8.609845833e-05 -1.17047101e-05)
(9.999926879 3.482951442e-05 -4.936349079e-06)
(9.99997266 1.352459529e-05 -1.99278721e-06)
)
;

boundaryField
{
    left
    {
        type            dirichlet;
        value           uniform (4 0 0);
    }
    right
    {
        type            dirichlet;
        value           uniform (4 0 0);
    }
    sides
    {
        type            empty;
    }
}


// ************************************************************************* //
