/*--------------------------------*- C++ -*----------------------------------*\
| =========                 |                                                 |
| \\      /  F ield         | foam-extend: Open Source CFD                    |
|  \\    /   O peration     | Version:     4.1                                |
|   \\  /    A nd           | Web:         http://www.foam-extend.org         |
|    \\/     M anipulation  |                                                 |
\*---------------------------------------------------------------------------*/
FoamFile
{
    version     2.0;
    format      ascii;
    class       cellScalarField;
    location    "26.8";
    object      T;
}
// * * * * * * * * * * * * * * * * * * * * * * * * * * * * * * * * * * * * * //

dimensions      [0 0 0 0 1 0 0];

internalField   nonuniform 
100
(
(4 -5.703630593e-17 1.624202108e-17)
(4 -1.730947587e-16 2.632421664e-16)
(4 1.7526217e-17 -5.538930203e-17)
(4 5.744178065e-17 -5.08420309e-17)
(4 -2.241269788e-16 -8.236495356e-17)
(4 -3.195617323e-16 -1.176993559e-16)
(4 4.449950773e-16 1.066686159e-16)
(4 -4.849680009e-16 9.81021452e-17)
(4 9.634242322e-16 -1.26372152e-16)
(4 -1.225765391e-15 -1.086477796e-16)
(4 3.701205533e-16 2.088643868e-17)
(4 -1.523543849e-16 1.144024699e-16)
(4 5.451156046e-16 -5.693041005e-16)
(4 1.001783043e-15 2.070289905e-16)
(4 -9.788005825e-16 5.552464183e-17)
(4 1.011058504e-15 -1.241216677e-16)
(4 -1.073540825e-15 2.207623653e-16)
(4 7.555435091e-16 -4.421844853e-17)
(4 -9.725848062e-16 1.298157838e-16)
(4 8.287439235e-16 -2.639645873e-16)
(4 -5.744800464e-16 3.10331514e-16)
(4 1.181690062e-16 -3.595333582e-17)
(4 -1.389718519e-16 -4.378464337e-17)
(4 3.583059933e-17 7.041831938e-17)
(4 9.659235433e-17 1.48704634e-16)
(4 -6.700879485e-17 3.035069205e-16)
(4 -7.04214104e-17 -5.53434545e-17)
(4 4.82041982e-17 6.853651982e-17)
(4 -4.459335142e-16 -6.823661513e-17)
(4 5.691659381e-16 8.600362221e-16)
(4 2.222294427e-14 1.251029405e-14)
(4 2.716905918e-13 1.439519946e-13)
(4 3.106372529e-12 1.600578444e-12)
(4 3.314740015e-11 1.642299277e-11)
(4 3.263404421e-10 1.546296153e-10)
(4.000000003 2.943073826e-09 1.325439464e-09)
(4.000000025 2.414095017e-08 1.026755405e-08)
(4.000000194 1.787567494e-07 7.118252435e-08)
(4.000001342 1.182361483e-06 4.356527197e-07)
(4.000008281 6.899343917e-06 2.3214465e-06)
(4.00004507 3.51436369e-05 1.066468909e-05)
(4.000215031 0.0001553075909 4.204144109e-05)
(4.000897179 0.0005944743781 0.000142137632)
(4.003277059 0.001974301592 0.0004129301633)
(4.010515466 0.005710425589 0.001033856854)
(4.029789624 0.01445400502 0.002237272222)
(4.074938647 0.03218398032 0.004192861127)
(4.168443481 0.06337330686 0.006805958536)
(4.340501642 0.1109181204 0.009538555943)
(4.623140191 0.173393978 0.01143485264)
(5.039486557 0.2432113157 0.01146065677)
(5.591797979 0.3074050197 0.009040466548)
(6.254237526 0.3515256909 0.004467160342)
(6.975284973 0.3650523627 -0.001120215074)
(7.690049614 0.3454935035 -0.006218118215)
(8.337465116 0.298990545 -0.00961173879)
(8.874972965 0.2373421833 -0.01081733268)
(9.285232622 0.1733359263 -0.01011235108)
(9.573923245 0.1167968847 -0.00823211125)
(9.761715348 0.07280795015 -0.005973667622)
(9.874932591 0.04209743207 -0.003918056381)
(9.938350494 0.0226328533 -0.002344513388)
(9.971433613 0.01134135228 -0.001288730135)
(9.987543356 0.005309184301 -0.0006542274673)
(9.994881986 0.002326951481 -0.0003080841911)
(9.998016053 0.0009569042821 -0.0001350885485)
(9.999273417 0.0003699681614 -5.533623143e-05)
(9.999748242 0.0001347527345 -2.123861518e-05)
(9.999917349 4.63257007e-05 -7.658371023e-06)
(9.999974254 1.505995524e-05 -2.600854414e-06)
(9.99999238 4.637907563e-06 -8.338067007e-07)
(9.999997854 1.355410746e-06 -2.528838782e-07)
(9.999999424 3.765294449e-07 -7.27051979e-08)
(9.999999852 9.958883829e-08 -1.985329525e-08)
(9.999999964 2.51181197e-08 -5.158392524e-09)
(9.999999992 6.05042775e-09 -1.27750675e-09)
(9.999999998 1.393935423e-09 -3.020661408e-10)
(10 3.075857503e-10 -6.829783208e-11)
(10 6.509878923e-11 -1.478777891e-11)
(10 1.32319387e-11 -3.073095499e-12)
(10 2.581941277e-12 -6.121139786e-13)
(10 4.836135469e-13 -1.162028599e-13)
(10 9.014209063e-14 -2.128735566e-14)
(10 1.718753891e-14 -4.133903214e-15)
(10 4.922592046e-15 -1.551725776e-15)
(10 -9.970577951e-16 6.302095596e-16)
(10 1.037906397e-16 -5.820509582e-17)
(10 1.622179247e-16 -1.82634311e-16)
(10 2.524442077e-17 -6.518586364e-17)
(10 -1.105459806e-16 -2.488095736e-16)
(10 7.032161823e-16 -3.642885795e-16)
(10 -2.710007441e-16 -9.734585811e-17)
(10 -1.170396161e-17 -3.58465981e-16)
(10 5.594613331e-16 -2.833968308e-16)
(10 -3.72761584e-16 -2.337853561e-17)
(10 -2.072317872e-16 -3.716442874e-16)
(10 -9.307253178e-17 2.495517201e-16)
(10 -1.605463574e-16 -1.135651377e-16)
(10 3.118536014e-16 -4.438620716e-16)
(10 -1.636671263e-15 4.130136832e-15)
)
;

boundaryField
{
    left
    {
        type            dirichlet;
        value           uniform (4 0 0);
    }
    right
    {
        type            dirichlet;
        value           uniform (4 0 0);
    }
    sides
    {
        type            empty;
    }
}


// ************************************************************************* //
