/*--------------------------------*- C++ -*----------------------------------*\
| =========                 |                                                 |
| \\      /  F ield         | foam-extend: Open Source CFD                    |
|  \\    /   O peration     | Version:     4.1                                |
|   \\  /    A nd           | Web:         http://www.foam-extend.org         |
|    \\/     M anipulation  |                                                 |
\*---------------------------------------------------------------------------*/
FoamFile
{
    version     2.0;
    format      ascii;
    class       cellScalarField;
    location    "22.6";
    object      T;
}
// * * * * * * * * * * * * * * * * * * * * * * * * * * * * * * * * * * * * * //

dimensions      [0 0 0 0 1 0 0];

internalField   nonuniform 
100
(
(4 -5.703630593e-17 1.624202108e-17)
(4 -1.444604479e-17 1.651218694e-16)
(4 -8.414288976e-17 -4.255655242e-17)
(4 6.103085866e-17 2.220944711e-16)
(4 -8.616232587e-17 2.961911594e-16)
(4 -3.265315096e-16 -2.20098085e-17)
(4 2.257286488e-16 -6.695739646e-17)
(4 -3.783676653e-16 -1.086102364e-16)
(4 9.326562198e-16 1.534509878e-17)
(4 -1.413940577e-15 -1.18977896e-16)
(4 5.023170685e-16 -4.393077112e-17)
(4 5.051864141e-16 8.876643069e-18)
(4 -1.907410745e-16 1.395411371e-16)
(4 -2.917117794e-16 9.624388093e-18)
(4 9.699576102e-16 9.383816528e-17)
(4 -1.18629418e-15 1.572973026e-18)
(4 1.312946535e-15 -2.622864387e-16)
(4 -7.422149318e-16 -5.776997514e-17)
(4 3.485047765e-16 -1.899214052e-16)
(4 -2.059319012e-16 -6.405166881e-17)
(4 1.329892377e-16 -1.544755275e-16)
(4 4.153478067e-16 3.611930901e-16)
(4 1.960777921e-15 -3.253509325e-16)
(4 7.290435784e-15 4.222026402e-15)
(4 1.118473643e-13 6.534997799e-14)
(4 1.551478825e-12 8.69664023e-13)
(4 1.961582462e-11 1.053791696e-11)
(4 2.271101327e-10 1.171522567e-10)
(4.000000002 2.408908299e-09 1.184189734e-09)
(4.000000023 2.312304221e-08 1.073910576e-08)
(4.000000204 1.991971539e-07 8.686908769e-08)
(4.000001634 1.528370307e-06 6.185028693e-07)
(4.000011574 1.027099245e-05 3.785539172e-06)
(4.000071398 5.92276732e-05 1.949393515e-05)
(4.000378219 0.0002888616125 8.349272878e-05)
(4.001708797 0.001185164685 0.0002966635489)
(4.00658509 0.004097072004 0.000876703819)
(4.021746527 0.01199908092 0.002164257322)
(4.061989162 0.02998593698 0.004480661153)
(4.15382093 0.06443205546 0.007793277509)
(4.335274672 0.1199382047 0.01135895056)
(4.647878788 0.1947881755 0.01372136147)
(5.120472631 0.2778301261 0.01331924669)
(5.751223638 0.3501489816 0.009456467297)
(6.498576058 0.3921264375 0.002931711526)
(7.288774835 0.3922478642 -0.004233775131)
(8.037943886 0.3521743723 -0.009834450261)
(8.677688799 0.2850881374 -0.01255015274)
(9.17182555 0.2089604634 -0.01236522499)
(9.518422128 0.1392339374 -0.01022840597)
(9.740021353 0.0846565381 -0.007361023054)
(9.869627766 0.04713738384 -0.004699785416)
(9.939205913 0.0241179721 -0.002695728007)
(9.97360247 0.01137627585 -0.001401615642)
(9.98930973 0.004962447812 -0.0006651895176)
(9.995955137 0.002007818473 -0.0002897884486)
(9.998567419 0.0007556649555 -0.0001164454849)
(9.999524147 0.0002652802152 -4.33407557e-05)
(9.99985147 8.709613394e-05 -1.499809239e-05)
(9.999956348 2.681108875e-05 -4.842011465e-06)
(9.999987897 7.757323568e-06 -1.462955304e-06)
(9.999996828 2.114512784e-06 -4.148760212e-07)
(9.999999213 5.442379597e-07 -1.107313107e-07)
(9.999999815 1.325524971e-07 -2.788671528e-08)
(9.999999959 3.061332579e-08 -6.642698126e-09)
(9.999999991 6.71773981e-09 -1.500028495e-09)
(9.999999998 1.403321987e-09 -3.218091825e-10)
(10 2.795797699e-10 -6.572292159e-11)
(10 5.321229426e-11 -1.28034572e-11)
(10 9.69277798e-12 -2.383052951e-12)
(10 1.691011621e-12 -4.250842879e-13)
(10 2.824313061e-13 -7.353166936e-14)
(10 4.521245769e-14 -1.099490327e-14)
(10 8.721778678e-15 -2.972813988e-15)
(10 1.262388261e-15 -1.180056705e-15)
(10 2.275173834e-16 8.609366545e-17)
(10 -1.892353852e-17 -1.17123326e-16)
(10 3.425854948e-16 1.96039931e-16)
(10 -2.324507567e-17 -1.026150773e-16)
(10 -1.125939799e-17 2.718332171e-16)
(10 -3.767113418e-16 4.989619646e-16)
(10 4.973488325e-17 -5.01165005e-16)
(10 -2.858994863e-16 -4.024119404e-16)
(10 5.845741316e-16 -1.638329142e-16)
(10 -7.5186908e-17 1.281722817e-16)
(10 -1.372144951e-16 8.648192262e-17)
(10 -6.243803796e-17 -5.723177075e-17)
(10 3.376744377e-17 8.837251536e-18)
(10 2.992510667e-16 -4.684170949e-17)
(10 1.626750395e-16 -6.020953701e-16)
(10 -6.408602232e-17 -1.738056861e-16)
(10 2.295999109e-17 4.989372392e-17)
(10 -1.668360566e-17 -1.651211345e-16)
(10 1.849837424e-17 -5.535225964e-16)
(10 4.860810706e-16 4.748632926e-16)
(10 2.57163591e-16 1.909591812e-16)
(10 2.539589374e-16 -3.517580651e-17)
(10 7.677600001e-17 -2.803273336e-17)
(10 3.753383288e-16 -2.953960363e-16)
(10 -7.708880891e-16 3.146238526e-15)
)
;

boundaryField
{
    left
    {
        type            dirichlet;
        value           uniform (4 0 0);
    }
    right
    {
        type            dirichlet;
        value           uniform (4 0 0);
    }
    sides
    {
        type            empty;
    }
}


// ************************************************************************* //
