/*--------------------------------*- C++ -*----------------------------------*\
| =========                 |                                                 |
| \\      /  F ield         | foam-extend: Open Source CFD                    |
|  \\    /   O peration     | Version:     4.1                                |
|   \\  /    A nd           | Web:         http://www.foam-extend.org         |
|    \\/     M anipulation  |                                                 |
\*---------------------------------------------------------------------------*/
FoamFile
{
    version     2.0;
    format      ascii;
    class       cellScalarField;
    location    "46.7";
    object      T;
}
// * * * * * * * * * * * * * * * * * * * * * * * * * * * * * * * * * * * * * //

dimensions      [0 0 0 0 1 0 0];

internalField   nonuniform 
100
(
(4 -5.703630593e-17 1.624202108e-17)
(4 -1.315705211e-16 3.121022087e-17)
(4 7.380418204e-17 1.152867222e-16)
(4 -3.193374758e-16 -4.766513637e-17)
(4 1.604389754e-16 -1.108380272e-16)
(4 -5.567998134e-16 -8.329214375e-17)
(4 4.519612821e-16 -7.540471789e-17)
(4 -3.174793528e-16 -4.079062026e-17)
(4 8.606795101e-16 4.073524557e-17)
(4 -1.131524963e-15 1.170374788e-16)
(4 2.019024834e-16 7.554665664e-17)
(4 -2.937050175e-16 1.277349521e-16)
(4 1.114911956e-15 -2.885106549e-16)
(4 -9.814475804e-17 2.029757505e-16)
(4 -4.104588413e-17 1.794667804e-16)
(4 6.634596949e-17 3.815376423e-17)
(4 -1.034127419e-16 3.158116673e-16)
(4 1.728940178e-18 1.669077991e-16)
(4 -2.535570231e-16 -6.577090544e-17)
(4 -2.559893032e-17 1.962141618e-16)
(4 3.39872133e-17 -6.100870504e-17)
(4 -4.380007823e-18 1.658664819e-16)
(4 -2.752417407e-17 -4.244711518e-17)
(4 -5.02937893e-17 -7.753792526e-17)
(4 5.287340866e-17 -1.260185244e-16)
(4 7.754369078e-17 -2.013709191e-16)
(4 5.803640984e-17 -3.199597856e-17)
(4 -5.903636021e-17 -2.110053568e-17)
(4 -3.647668699e-16 -4.716037527e-17)
(4 1.982852486e-16 2.093561684e-16)
(4 -1.491070084e-16 1.537779139e-16)
(4 1.216736149e-18 -1.673037426e-17)
(4 -8.014282619e-17 -7.328887869e-17)
(4 -5.090723329e-16 4.999528537e-17)
(4 4.523440372e-16 -1.232025713e-16)
(4 -2.691675544e-16 2.050285444e-16)
(4 8.356381441e-16 9.59554422e-17)
(4 -1.001901685e-15 -3.005029344e-16)
(4 5.930265167e-16 2.176522276e-17)
(4 2.271247583e-17 -9.280808179e-17)
(4 1.088120728e-16 4.016150333e-17)
(4 5.896215095e-17 3.947335912e-17)
(4 -2.298613372e-16 1.650766579e-16)
(4 -1.795691152e-16 1.081378947e-16)
(4 -3.12840357e-16 1.011180007e-16)
(4 9.444375303e-16 -4.877852698e-17)
(4 -9.640620589e-16 1.495729321e-16)
(4 7.559526595e-16 1.180527832e-17)
(4 -9.651131899e-16 2.318927642e-16)
(4 4.728881077e-16 1.172186327e-16)
(4 -3.393000928e-16 2.924414366e-16)
(4 1.839445418e-16 -1.90148289e-16)
(4 -1.15327681e-16 8.61659214e-17)
(4 1.566177554e-16 -1.544082714e-16)
(4 1.529362445e-16 9.668230106e-17)
(4 -4.211386378e-17 7.992166928e-17)
(4 -1.049257271e-16 9.231257487e-17)
(4 -1.915100983e-16 -5.510611105e-17)
(4 -1.261648237e-17 5.215854615e-17)
(4 -1.755006533e-16 -1.882218186e-16)
(4 2.779622792e-16 -2.671661661e-16)
(4 1.281837031e-15 5.294081032e-16)
(4 6.69598048e-15 3.122026546e-15)
(4 6.341593385e-14 2.757915816e-14)
(4 4.775419504e-13 1.949373831e-13)
(4 3.361410074e-12 1.316175393e-12)
(4 2.214272564e-11 8.311637652e-12)
(4 1.36331299e-10 4.887605633e-11)
(4.000000001 7.822221882e-10 2.668543366e-10)
(4.000000005 4.17048576e-09 1.34872281e-09)
(4.000000027 2.061105028e-08 6.294712298e-09)
(4.000000129 9.424030264e-08 2.707910235e-08)
(4.00000057 3.981377731e-07 1.072467848e-07)
(4.000002335 1.553111565e-06 3.908266461e-07)
(4.000008869 5.59385224e-06 1.310466432e-06)
(4.000031216 1.8609798e-05 4.044695633e-06)
(4.000101914 5.723362052e-05 1.149934527e-05)
(4.000308973 0.0001629022247 3.01426244e-05)
(4.000871087 0.0004296844051 7.29195379e-05)
(4.002287524 0.001051868921 0.0001629664451)
(4.005605408 0.002393555075 0.0003367807709)
(4.012841243 0.005071008786 0.0006440595165)
(4.027556335 0.01001888021 0.001140410133)
(4.055505458 0.01848920587 0.001869912306)
(4.105162456 0.03192131996 0.002838225547)
(4.187816325 0.05163933108 0.003983283486)
(4.316897714 0.07839220147 0.005156888609)
(4.50631113 0.111838918 0.006132249356)
(4.767836676 0.1501604639 0.006646035231)
(5.108059652 0.1900005026 0.006469314096)
(5.525629842 0.2268631337 0.005485714984)
(6.009760522 0.2559392057 0.003746337616)
(6.540639232 0.2731542977 0.001475958818)
(7.091880915 0.2761175419 -0.0009766377363)
(7.634506484 0.264663362 -0.003228296228)
(8.141440214 0.240818744 -0.00495890484)
(8.591386671 0.2082335553 -0.005982881678)
(8.97120922 0.1712883737 -0.006274011112)
(9.276454423 0.1341716867 -0.00594283623)
(9.510225226 0.1001788105 -0.005182729633)
)
;

boundaryField
{
    left
    {
        type            dirichlet;
        value           uniform (4 0 0);
    }
    right
    {
        type            dirichlet;
        value           uniform (4 0 0);
    }
    sides
    {
        type            empty;
    }
}


// ************************************************************************* //
