/*--------------------------------*- C++ -*----------------------------------*\
| =========                 |                                                 |
| \\      /  F ield         | foam-extend: Open Source CFD                    |
|  \\    /   O peration     | Version:     4.1                                |
|   \\  /    A nd           | Web:         http://www.foam-extend.org         |
|    \\/     M anipulation  |                                                 |
\*---------------------------------------------------------------------------*/
FoamFile
{
    version     2.0;
    format      ascii;
    class       cellScalarField;
    location    "42.7";
    object      T;
}
// * * * * * * * * * * * * * * * * * * * * * * * * * * * * * * * * * * * * * //

dimensions      [0 0 0 0 1 0 0];

internalField   nonuniform 
100
(
(4 -5.703630593e-17 1.624202108e-17)
(4 -9.953877361e-17 8.880118435e-17)
(4 3.206390004e-18 -6.577307419e-17)
(4 3.726304092e-19 1.807557014e-16)
(4 2.387659467e-17 1.624983087e-17)
(4 -3.176128785e-16 1.719328909e-17)
(4 2.349147104e-16 1.492870567e-16)
(4 -2.523000666e-16 1.87393086e-16)
(4 7.864654842e-16 1.302390492e-17)
(4 -1.290400284e-15 -2.220479286e-16)
(4 4.510587135e-16 -1.563803873e-16)
(4 -3.069249169e-16 1.39492843e-17)
(4 8.459304569e-16 -1.299145548e-16)
(4 -1.884237965e-16 -1.432421865e-16)
(4 1.903574043e-16 5.35968628e-17)
(4 2.36923005e-18 -7.255572202e-17)
(4 -8.216204715e-17 1.175293478e-16)
(4 -7.268216657e-18 -1.245392971e-16)
(4 -3.139269214e-17 -1.219280637e-16)
(4 3.77079036e-17 7.353443371e-17)
(4 6.136104798e-17 -1.192992438e-16)
(4 9.240699865e-17 -2.601100482e-17)
(4 8.084462507e-17 -1.431255831e-16)
(4 -1.47794542e-16 -1.051790977e-16)
(4 5.426661085e-16 3.036531955e-16)
(4 -9.606062785e-16 -2.141136846e-16)
(4 1.023579785e-15 -1.223522053e-16)
(4 -6.254549912e-16 5.419575613e-16)
(4 -5.694175127e-16 -6.386275545e-18)
(4 3.393999509e-16 2.706495671e-17)
(4 -2.465107365e-16 -5.86346045e-17)
(4 4.889947226e-17 4.291225217e-17)
(4 -6.568713961e-17 2.937672523e-16)
(4 -5.51973289e-16 2.082257396e-16)
(4 3.452934745e-16 6.932357126e-17)
(4 -3.43473774e-16 2.49372997e-16)
(4 7.723996637e-16 1.167490372e-16)
(4 -9.681760506e-16 2.741211319e-16)
(4 5.983432667e-16 7.74625096e-18)
(4 3.057589604e-17 1.757141872e-16)
(4 -8.470666432e-17 2.555184524e-16)
(4 -1.690645396e-16 -1.28172051e-16)
(4 -6.607478472e-18 2.5523128e-16)
(4 -1.654720499e-16 1.470799286e-16)
(4 -4.965722458e-16 -1.181158851e-16)
(4 9.004086614e-16 5.535682649e-17)
(4 -7.74038534e-16 1.200069201e-16)
(4 6.354492623e-16 -1.557351552e-18)
(4 -8.013757931e-16 1.601727547e-16)
(4 1.973352e-16 -9.536668536e-17)
(4 4.939671136e-16 1.081972366e-17)
(4 -6.925251748e-16 -3.718318801e-17)
(4 4.977128475e-16 -1.87129445e-16)
(4 -6.863337554e-16 5.2213518e-16)
(4 7.763709752e-16 2.729368682e-16)
(4 3.738931677e-15 8.626060468e-16)
(4 2.889387771e-14 1.433767055e-14)
(4 2.577776939e-13 1.105797523e-13)
(4 1.987609665e-12 8.270843821e-13)
(4 1.442422044e-11 5.754257811e-12)
(4 9.762794686e-11 3.722111318e-11)
(4.000000001 6.142536152e-10 2.229201235e-10)
(4.000000004 3.579474105e-09 1.231022707e-09)
(4.000000024 1.9250482e-08 6.245007905e-09)
(4.000000124 9.525587038e-08 2.90157552e-08)
(4.000000593 4.326818707e-07 1.232039273e-07)
(4.000002598 1.801540328e-06 4.774771292e-07)
(4.000010471 6.871611373e-06 1.688190641e-06)
(4.000038825 2.401486794e-05 5.446577753e-06)
(4.000132519 7.695577616e-05 1.60458507e-05)
(4.000416886 0.0002263984434 4.320936804e-05)
(4.001210703 0.0006124194801 0.0001064822414)
(4.003252177 0.001525919917 0.0002404244895)
(4.008097478 0.003508645298 0.0004979183471)
(4.018730577 0.007459607612 0.0009466660221)
(4.040346987 0.01469302502 0.001653192134)
(4.081133198 0.02686380427 0.002651781666)
(4.152691307 0.04567836927 0.003903903793)
(4.269644235 0.07236755072 0.005264304205)
(4.448021058 0.1070151415 0.006476491642)
(4.702343191 0.1479671724 0.00721533774)
(5.041863381 0.1916140821 0.007175663236)
(5.466946641 0.2327701063 0.006180225265)
(5.966837257 0.2656648314 0.004263038034)
(6.519817311 0.2852935629 0.001687435596)
(7.096045832 0.2886827125 -0.001115755682)
(7.662449071 0.2756243394 -0.003668817344)
(8.188316357 0.2486325673 -0.005579354444)
(8.650058916 0.2121767137 -0.006634438224)
(9.033971379 0.1715036916 -0.006827638692)
(9.336586638 0.1314632838 -0.006320714305)
(9.562987007 0.09567389724 -0.005366232256)
(9.723931892 0.06618015194 -0.004225564106)
(9.832765407 0.04355923388 -0.003108931554)
(9.902845027 0.02730927646 -0.002148371957)
(9.945859036 0.01632541392 -0.001399839815)
(9.971050347 0.009314869966 -0.0008626960556)
(9.985141176 0.005077748361 -0.0005041351421)
(9.9926761 0.002647035631 -0.000279947136)
(9.996531586 0.001320823814 -0.0001479968729)
)
;

boundaryField
{
    left
    {
        type            dirichlet;
        value           uniform (4 0 0);
    }
    right
    {
        type            dirichlet;
        value           uniform (4 0 0);
    }
    sides
    {
        type            empty;
    }
}


// ************************************************************************* //
