/*--------------------------------*- C++ -*----------------------------------*\
| =========                 |                                                 |
| \\      /  F ield         | foam-extend: Open Source CFD                    |
|  \\    /   O peration     | Version:     4.1                                |
|   \\  /    A nd           | Web:         http://www.foam-extend.org         |
|    \\/     M anipulation  |                                                 |
\*---------------------------------------------------------------------------*/
FoamFile
{
    version     2.0;
    format      ascii;
    class       cellScalarField;
    location    "33.6";
    object      T;
}
// * * * * * * * * * * * * * * * * * * * * * * * * * * * * * * * * * * * * * //

dimensions      [0 0 0 0 1 0 0];

internalField   nonuniform 
100
(
(4 -5.703630593e-17 1.624202108e-17)
(4 -4.747290353e-19 3.098460396e-17)
(4 -1.511107273e-16 1.459229894e-16)
(4 -4.984201033e-17 3.316871707e-16)
(4 -1.859442175e-16 1.117732977e-16)
(4 -4.132687834e-16 1.393747487e-16)
(4 2.924529339e-16 1.042576307e-16)
(4 -3.482832278e-16 -3.583375589e-17)
(4 9.330451299e-16 1.236298848e-17)
(4 -1.423114064e-15 -9.511243611e-17)
(4 4.168313004e-16 -2.322870392e-17)
(4 -4.296115092e-16 1.181606077e-16)
(4 1.02222505e-15 1.399828187e-16)
(4 -4.342167559e-16 -4.100607501e-16)
(4 5.999954994e-16 1.679584227e-16)
(4 -5.706471543e-16 -4.387398516e-17)
(4 3.195706441e-16 5.220187411e-17)
(4 9.699220687e-17 -2.834516485e-17)
(4 -7.134189824e-17 5.025140057e-17)
(4 -2.657830366e-16 1.159935288e-16)
(4 3.606541012e-16 5.215056628e-17)
(4 -7.712980328e-16 2.86099177e-16)
(4 7.875348211e-16 6.900762584e-17)
(4 -5.694975906e-16 4.066786464e-17)
(4 1.929387452e-16 9.239506486e-17)
(4 -1.68569003e-16 -1.16186604e-16)
(4 3.448985185e-18 7.484451013e-17)
(4 6.569216391e-17 -1.29826216e-16)
(4 -3.091047662e-16 3.077503659e-16)
(4 3.432245018e-16 1.037497478e-16)
(4 -2.984920594e-17 -1.565212305e-16)
(4 -2.702516232e-17 -1.824378186e-17)
(4 1.768193773e-17 6.377707591e-17)
(4 -3.267604996e-16 3.932822293e-17)
(4 7.065517013e-16 1.545872396e-16)
(4 -9.58615105e-16 -1.838484511e-16)
(4 5.421324695e-16 1.579031308e-17)
(4 -4.564492057e-16 3.320217204e-17)
(4 3.934245315e-16 1.07385143e-16)
(4 -1.800110857e-16 8.756389653e-17)
(4 4.825785585e-16 1.619635784e-15)
(4 2.591947144e-14 1.335553732e-14)
(4 2.679172325e-13 1.296770377e-13)
(4 2.54220415e-12 1.186947551e-12)
(4 2.251652583e-11 1.009421258e-11)
(4 1.849237675e-10 7.924072698e-11)
(4.000000002 1.401157327e-09 5.709166181e-10)
(4.000000011 9.738224299e-09 3.750245568e-09)
(4.000000071 6.168471564e-08 2.229286991e-08)
(4.000000429 3.537163845e-07 1.190396816e-07)
(4.00000233 1.825129503e-06 5.675646548e-07)
(4.000011419 8.436922592e-06 2.406648282e-06)
(4.000050355 3.485756144e-05 9.058994865e-06)
(4.000199603 0.0001286551865 3.026646521e-05)
(4.000711815 0.0004246384965 8.984851746e-05)
(4.002288248 0.001255942083 0.0002373903333)
(4.006649571 0.003337769435 0.0005593021399)
(4.017526415 0.007994882268 0.001177135829)
(4.042053751 0.01731552868 0.002215962291)
(4.09222021 0.0340201206 0.003732895684)
(4.185574821 0.06082689467 0.005621790195)
(4.344110708 0.09927810647 0.007545071085)
(4.590517156 0.1483517467 0.00895929383)
(4.942012013 0.203534223 0.009269327927)
(5.403417342 0.2570708153 0.008070304461)
(5.962199429 0.2996720111 0.005363068925)
(6.588013797 0.3231996073 0.001617880607)
(7.237678375 0.3232429833 -0.002366064607)
(7.864183642 0.3004529468 -0.005743924583)
(8.426603632 0.2600908746 -0.007912273509)
(8.897544691 0.210110408 -0.008669403401)
(9.266076797 0.158701102 -0.008199324411)
(9.536091287 0.1122858359 -0.006923367988)
(9.721645695 0.07455121469 -0.005312804214)
(9.841449157 0.04652785125 -0.003745602866)
(9.914243367 0.02734119673 -0.002444122403)
(9.955934641 0.0151517169 -0.001484180397)
(9.978476179 0.007930800803 -0.0008422700002)
(9.989999041 0.003926749128 -0.0004482460345)
(9.99557609 0.001841791753 -0.0002243622138)
(9.99813542 0.0008195036532 -0.0001058895462)
(9.999250535 0.0003463844707 -4.722867742e-05)
(9.999712447 0.0001392645211 -1.994771382e-05)
(9.999894589 5.332839879e-05 -7.99330848e-06)
(9.999963045 1.947415676e-05 -3.044093397e-06)
(9.999987598 6.790037502e-06 -1.103544886e-06)
(9.999996012 2.263164679e-06 -3.814028378e-07)
(9.99999877 7.219280029e-07 -1.258535455e-07)
(9.999999636 2.20645581e-07 -3.970354958e-08)
(9.999999896 6.468402246e-08 -1.199065398e-08)
(9.999999972 1.820804775e-08 -3.470955033e-09)
(9.999999993 4.926582468e-09 -9.642004822e-10)
(9.999999998 1.282581681e-09 -2.573355636e-10)
(10 3.215930554e-10 -6.605814878e-11)
(10 7.773705897e-11 -1.632676106e-11)
(10 1.813266514e-11 -3.889961213e-12)
(10 4.082389225e-12 -8.934493828e-13)
(10 8.885021099e-13 -2.00353507e-13)
(10 1.844619452e-13 -4.168637793e-14)
(10 3.680241942e-14 -3.833969939e-15)
)
;

boundaryField
{
    left
    {
        type            dirichlet;
        value           uniform (4 0 0);
    }
    right
    {
        type            dirichlet;
        value           uniform (4 0 0);
    }
    sides
    {
        type            empty;
    }
}


// ************************************************************************* //
