/*--------------------------------*- C++ -*----------------------------------*\
| =========                 |                                                 |
| \\      /  F ield         | foam-extend: Open Source CFD                    |
|  \\    /   O peration     | Version:     4.1                                |
|   \\  /    A nd           | Web:         http://www.foam-extend.org         |
|    \\/     M anipulation  |                                                 |
\*---------------------------------------------------------------------------*/
FoamFile
{
    version     2.0;
    format      ascii;
    class       cellScalarField;
    location    "12.3";
    object      T;
}
// * * * * * * * * * * * * * * * * * * * * * * * * * * * * * * * * * * * * * //

dimensions      [0 0 0 0 1 0 0];

internalField   nonuniform 
100
(
(4 -5.703630593e-17 1.624202108e-17)
(4 -1.184959817e-16 6.211736145e-17)
(4 2.689101524e-16 -1.741725388e-16)
(4 7.485135993e-17 -6.846458714e-17)
(4 -2.465185924e-16 1.062438508e-16)
(4 -3.181993183e-16 4.410118686e-17)
(4 3.158899295e-16 -7.177290454e-17)
(4 -7.130742793e-16 1.454942482e-16)
(4 4.092389986e-14 4.682652075e-14)
(4 1.044720415e-12 4.097065258e-13)
(4 1.653948528e-11 1.501944805e-11)
(4 4.766213186e-10 2.864508961e-10)
(4.000000006 6.935691009e-09 4.196903936e-09)
(4.000000098 1.139393445e-07 6.983002452e-08)
(4.000001409 1.568316587e-06 8.261707877e-07)
(4.000016248 1.70704074e-05 8.604295628e-06)
(4.000165455 0.0001697742991 7.928458366e-05)
(4.001431185 0.001365332166 0.0005290238993)
(4.009450472 0.007885961509 0.002389053497)
(4.04599644 0.03225865525 0.007386757445)
(4.167444135 0.09586743788 0.015967467)
(4.469623136 0.2134542001 0.02424924905)
(5.047420089 0.3660358202 0.02491748369)
(5.916017104 0.4948419379 0.01405364114)
(6.962831453 0.5379168212 -0.003527627227)
(7.9914214 0.4782440314 -0.01799800265)
(8.827692977 0.3529726482 -0.02310065282)
(9.397731081 0.2191637756 -0.01982734145)
(9.727412465 0.1158706798 -0.01310156126)
(9.890971973 0.05274292298 -0.007043913234)
(9.961288246 0.02088282922 -0.003177505932)
(9.987733322 0.007260811583 -0.001227804167)
(9.996511188 0.002236694868 -0.0004127944968)
(9.999104124 0.000615529497 -0.0001222946937)
(9.99979108 0.0001524968525 -3.227110972e-05)
(9.999955501 3.425770613e-05 -7.656144591e-06)
(9.999991295 7.024788529e-06 -1.646591511e-06)
(9.999998428 1.323016062e-06 -3.234078099e-07)
(9.999999737 2.301607108e-07 -5.839731006e-08)
(9.999999959 3.718076382e-08 -9.752698811e-09)
(9.999999994 5.604474222e-09 -1.514659977e-09)
(9.999999999 7.918143961e-10 -2.19845004e-10)
(10 1.052858469e-10 -2.995636337e-11)
(10 1.32260725e-11 -3.847586281e-12)
(10 1.577975453e-12 -4.692131275e-13)
(10 1.766771547e-13 -5.411500344e-14)
(10 1.797127581e-14 -7.601494389e-15)
(10 8.426669713e-16 -2.202310927e-16)
(10 -2.882220098e-16 8.291722544e-17)
(10 6.702983692e-16 2.471985956e-16)
(10 2.125518509e-16 -3.922426273e-16)
(10 -2.193028761e-16 8.872420442e-17)
(10 2.811626834e-16 2.84836392e-16)
(10 -3.036021666e-16 9.457285217e-18)
(10 -1.506737199e-16 -1.267925713e-16)
(10 1.645757895e-16 -3.024730014e-16)
(10 -2.564625481e-17 -3.042818248e-16)
(10 -1.890049448e-16 -1.003233165e-16)
(10 -5.039620886e-17 3.829855413e-16)
(10 -1.531074004e-17 -1.728059902e-16)
(10 -2.812307597e-16 3.643205267e-16)
(10 -1.108923157e-16 5.80616126e-16)
(10 2.71764019e-16 3.714412825e-16)
(10 -1.028910527e-16 -2.940728421e-16)
(10 2.127195991e-16 -3.70542511e-17)
(10 -4.295554738e-16 -3.074615303e-16)
(10 7.648960097e-17 -1.068358931e-16)
(10 -1.277651768e-16 -1.198479912e-16)
(10 3.994007564e-16 -7.135949316e-16)
(10 2.629269297e-16 -4.865832764e-16)
(10 3.259790136e-16 -6.961929617e-16)
(10 5.545109481e-16 -6.211737305e-16)
(10 9.797315414e-18 -4.182362175e-16)
(10 4.632314818e-16 1.978954084e-16)
(10 1.788498445e-16 3.64295342e-16)
(10 -2.169166606e-16 -2.736510351e-17)
(10 7.725392831e-17 3.405636392e-16)
(10 1.560497999e-16 3.108398979e-16)
(10 -7.783925983e-18 5.146830108e-16)
(10 -4.355808755e-16 8.369878797e-17)
(10 -4.579691031e-16 7.696594602e-17)
(10 6.022711905e-17 9.156820936e-17)
(10 -2.645577378e-16 7.097256345e-18)
(10 2.22237017e-16 -2.267607864e-16)
(10 4.114968955e-16 -5.839874782e-16)
(10 1.218047824e-16 -1.491400258e-16)
(10 4.129179861e-16 -3.54705433e-17)
(10 2.670585901e-17 -1.113632691e-17)
(10 1.946644611e-16 -1.774334083e-16)
(10 -1.857430229e-17 5.079083281e-16)
(10 -3.509525973e-16 1.25286379e-16)
(10 1.143133836e-16 1.895526452e-16)
(10 2.835999946e-16 -6.411181319e-16)
(10 -1.271289967e-16 -2.440027925e-16)
(10 2.36245288e-16 6.275087745e-16)
(10 4.156870648e-16 2.570336583e-16)
(10 4.378439181e-16 4.994910445e-17)
(10 -2.84614566e-16 -7.123653585e-16)
(10 5.034378745e-16 1.667947632e-16)
(10 -4.568071315e-16 3.12876592e-15)
)
;

boundaryField
{
    left
    {
        type            dirichlet;
        value           uniform (4 0 0);
    }
    right
    {
        type            dirichlet;
        value           uniform (4 0 0);
    }
    sides
    {
        type            empty;
    }
}


// ************************************************************************* //
