/*--------------------------------*- C++ -*----------------------------------*\
| =========                 |                                                 |
| \\      /  F ield         | foam-extend: Open Source CFD                    |
|  \\    /   O peration     | Version:     4.1                                |
|   \\  /    A nd           | Web:         http://www.foam-extend.org         |
|    \\/     M anipulation  |                                                 |
\*---------------------------------------------------------------------------*/
FoamFile
{
    version     2.0;
    format      ascii;
    class       cellScalarField;
    location    "22.7";
    object      T;
}
// * * * * * * * * * * * * * * * * * * * * * * * * * * * * * * * * * * * * * //

dimensions      [0 0 0 0 1 0 0];

internalField   nonuniform 
100
(
(4 -5.703630593e-17 1.624202108e-17)
(4 -5.056546614e-17 2.322032573e-16)
(4 -1.256280176e-16 -8.044082654e-17)
(4 1.074067612e-16 -1.398216062e-16)
(4 -4.095534382e-17 -1.221506128e-16)
(4 -3.388624011e-16 -2.039023102e-16)
(4 4.272390039e-16 -7.582192098e-17)
(4 -3.341662297e-16 -8.351478687e-17)
(4 8.379781194e-16 -9.175257573e-19)
(4 -1.276363763e-15 -1.324128805e-16)
(4 4.614714011e-16 -5.287675924e-17)
(4 5.007753536e-16 -1.114241023e-18)
(4 -4.983208263e-17 2.978642859e-16)
(4 -5.234438353e-16 -2.048955115e-17)
(4 9.761171789e-16 6.84419636e-17)
(4 -9.769714577e-16 1.149329935e-16)
(4 1.296128125e-15 -5.504615905e-17)
(4 -9.06616771e-16 -1.01974434e-16)
(4 5.981833602e-16 -1.983250999e-16)
(4 -1.098988212e-16 4.289892532e-17)
(4 -5.656257106e-17 -2.677789971e-17)
(4 1.791019828e-16 3.994980384e-16)
(4 2.104734873e-15 -1.646049438e-16)
(4 5.041276416e-15 2.343418897e-15)
(4 7.326305036e-14 4.325285533e-14)
(4 1.028897998e-12 5.804515933e-13)
(4 1.315650783e-11 7.101151578e-12)
(4 1.538452447e-10 7.975354869e-11)
(4.000000002 1.649943711e-09 8.163768692e-10)
(4.000000016 1.604803663e-08 7.510260762e-09)
(4.000000143 1.402519095e-07 6.170372076e-08)
(4.000001162 1.093764545e-06 4.476152682e-07)
(4.000008379 7.496362117e-06 2.803307685e-06)
(4.000052767 4.424184968e-05 1.482343589e-05)
(4.000286038 0.0002213679355 6.532739677e-05)
(4.001324134 0.0009328558219 0.0002390594404)
(4.005230111 0.003313008503 0.0007278254406)
(4.017697833 0.009965264743 0.001851316985)
(4.051657708 0.02556352777 0.003950447719)
(4.131139745 0.05635017209 0.007087694374)
(4.292122975 0.1075375513 0.01067556878)
(4.576235471 0.1789374763 0.01337973114)
(5.0159963 0.2613334798 0.01360455243)
(5.616595069 0.3370561604 0.01042594532)
(6.344423266 0.3860833718 0.004334495917)
(7.131122088 0.3948267658 -0.002843981491)
(7.893242694 0.3622361828 -0.008868044853)
(8.557956896 0.2995077056 -0.01219425548)
(9.082136139 0.2241311813 -0.01254991828)
(9.457357927 0.1524099638 -0.01072948334)
(9.70209211 0.09453325127 -0.007940737222)
(9.848057816 0.05367536462 -0.005198806684)
(9.927936961 0.02799422026 -0.003052047204)
(9.96817643 0.01345490869 -0.001622001236)
(9.986894308 0.005978146478 -0.0007860068759)
(9.994958119 0.002462768054 -0.0003493459169)
(9.998184724 0.000943401897 -0.0001431134625)
(9.999387176 0.0003369628363 -5.427059692e-05)
(9.999805637 0.0001125196445 -1.912353665e-05)
(9.999941974 3.521602613e-05 -6.283413482e-06)
(9.999983662 1.035571033e-05 -1.931199971e-06)
(9.999995653 2.867925001e-06 -5.568543493e-07)
(9.999998905 7.496958371e-07 -1.510537022e-07)
(9.999999738 1.853849101e-07 -3.864691238e-08)
(9.999999941 4.345510867e-08 -9.348556678e-09)
(9.999999987 9.675056994e-09 -2.142963525e-09)
(9.999999997 2.049964718e-09 -4.665160722e-10)
(9.999999999 4.141105336e-10 -9.664721988e-11)
(10 7.98953446e-11 -1.909154995e-11)
(10 1.474750343e-11 -3.602159025e-12)
(10 2.606631833e-12 -6.505574097e-13)
(10 4.401567985e-13 -1.122499897e-13)
(10 7.086344628e-14 -1.859536186e-14)
(10 1.455736211e-14 -4.136667018e-15)
(10 2.341096527e-15 -8.792455517e-16)
(10 -2.076003305e-17 3.791219983e-16)
(10 -7.762185641e-17 -1.340673351e-16)
(10 -1.714917391e-17 5.944549677e-17)
(10 1.439560459e-16 -2.426235459e-16)
(10 -4.689730576e-17 3.75987906e-16)
(10 1.53037078e-16 1.616938631e-16)
(10 -2.183235376e-16 1.004507754e-16)
(10 -4.642619377e-16 -5.96292051e-16)
(10 4.882681776e-16 -4.322961179e-16)
(10 -6.455548391e-19 8.771400824e-17)
(10 -2.053266717e-16 7.691905323e-17)
(10 -5.479790138e-17 -1.152413469e-16)
(10 6.83672286e-17 1.132059035e-17)
(10 4.386894171e-16 2.632922974e-17)
(10 -3.944364901e-17 -8.01169807e-18)
(10 -1.990840926e-16 -1.923453326e-16)
(10 5.089955839e-17 6.375853401e-17)
(10 -4.006309333e-18 -2.364731249e-16)
(10 -1.733446618e-16 -2.905484303e-17)
(10 3.446408939e-16 -2.024639209e-16)
(10 5.861039899e-16 2.147362372e-16)
(10 3.07007364e-16 6.471587514e-17)
(10 5.701605778e-17 1.625410122e-17)
(10 8.819327726e-17 -6.179340058e-16)
(10 -3.703091788e-16 2.952050756e-15)
)
;

boundaryField
{
    left
    {
        type            dirichlet;
        value           uniform (4 0 0);
    }
    right
    {
        type            dirichlet;
        value           uniform (4 0 0);
    }
    sides
    {
        type            empty;
    }
}


// ************************************************************************* //
