/*--------------------------------*- C++ -*----------------------------------*\
| =========                 |                                                 |
| \\      /  F ield         | foam-extend: Open Source CFD                    |
|  \\    /   O peration     | Version:     4.1                                |
|   \\  /    A nd           | Web:         http://www.foam-extend.org         |
|    \\/     M anipulation  |                                                 |
\*---------------------------------------------------------------------------*/
FoamFile
{
    version     2.0;
    format      ascii;
    class       cellScalarField;
    location    "8.3";
    object      T;
}
// * * * * * * * * * * * * * * * * * * * * * * * * * * * * * * * * * * * * * //

dimensions      [0 0 0 0 1 0 0];

internalField   nonuniform 
100
(
(4 -5.703630593e-17 1.624202108e-17)
(4 1.03960409e-15 8.589590559e-16)
(4 -2.823160074e-14 -2.644759331e-14)
(4 1.020825819e-12 1.038898942e-12)
(4 -2.412198424e-12 -1.154794646e-11)
(4 3.632840623e-10 5.365498718e-10)
(4.00000001 1.072287537e-08 3.060646188e-09)
(4.00000012 1.355729248e-07 1.401979506e-07)
(4.000003339 4.324621209e-06 2.472376528e-06)
(4.000047638 5.004347788e-05 2.661096782e-05)
(4.000581132 0.0006476530254 0.0003718675202)
(4.006681246 0.007031455828 0.002996456123)
(4.050312067 0.04329074906 0.01251018294)
(4.237245245 0.1570022056 0.02920905498)
(4.748740577 0.3643016496 0.03886812871)
(5.698621529 0.5767580629 0.02482867219)
(6.953944772 0.653757806 -0.006231927866)
(8.179406669 0.5509361305 -0.02967050992)
(9.09055581 0.35606683 -0.03265606851)
(9.620204774 0.1812557026 -0.02253636355)
(9.866547098 0.07440946424 -0.01135574146)
(9.960155072 0.02516272259 -0.004459646902)
(9.989775567 0.007145381676 -0.001420160871)
(9.997718118 0.001733746208 -0.0003773205316)
(9.999551853 0.0003651293766 -8.553680466e-05)
(9.999921684 6.76880777e-05 -1.685275867e-05)
(9.999987695 1.118465635e-05 -2.93094566e-06)
(9.999998245 1.665742792e-06 -4.559517624e-07)
(9.999999771 2.258098348e-07 -6.417360578e-08)
(9.999999972 2.810638964e-08 -8.252871163e-09)
(9.999999997 3.236918517e-09 -9.781118404e-10)
(10 3.472731208e-10 -1.076349207e-10)
(10 3.491845863e-11 -1.107053118e-11)
(10 3.309104983e-12 -1.070595119e-12)
(10 2.983613253e-13 -9.754404232e-14)
(10 2.319850509e-14 -9.072673872e-15)
(10 8.510719793e-16 1.747634077e-16)
(10 -1.068665369e-16 -4.728435594e-16)
(10 9.345047787e-16 -4.998762116e-16)
(10 -1.183017214e-16 3.314540521e-16)
(10 -3.470347075e-16 -6.429726895e-17)
(10 9.178801195e-17 -2.136387913e-16)
(10 -5.808774451e-17 -2.732297875e-17)
(10 -3.337894865e-16 4.629036122e-16)
(10 -1.369005805e-16 -3.384709338e-16)
(10 -1.17703259e-16 4.608556849e-16)
(10 -6.324267148e-16 -5.87212619e-16)
(10 1.746351543e-15 1.501910636e-17)
(10 -1.5495493e-15 1.680825314e-16)
(10 4.046825557e-16 2.913905075e-16)
(10 -4.70902865e-16 4.187841768e-16)
(10 -2.956576887e-16 2.693069766e-16)
(10 2.257502734e-16 2.325852611e-16)
(10 -3.139153055e-16 1.283548943e-16)
(10 1.201692658e-16 -6.127474587e-16)
(10 7.34263352e-16 -7.808883643e-17)
(10 5.814937727e-16 2.224364645e-17)
(10 -3.116696545e-16 -6.987504373e-16)
(10 5.033738741e-16 1.666666003e-16)
(10 -4.184586721e-16 5.850641469e-16)
(10 2.906278892e-17 6.169539476e-16)
(10 1.604206099e-16 -4.290985668e-16)
(10 -3.565443786e-16 2.861276819e-16)
(10 -2.938352406e-17 1.146999028e-16)
(10 2.288537391e-16 1.038496591e-16)
(10 -1.290548362e-16 -1.567161853e-16)
(10 9.225547423e-17 -4.501204844e-16)
(10 -1.684603575e-16 2.017738866e-16)
(10 -3.945048427e-16 -5.395500869e-16)
(10 1.416077705e-16 -1.838653843e-16)
(10 5.067129337e-16 4.735176633e-17)
(10 -2.603288151e-16 7.48973434e-16)
(10 -2.192187726e-16 5.69266038e-17)
(10 -1.854297255e-16 6.769899063e-17)
(10 -3.414641057e-16 4.102568964e-16)
(10 2.282727488e-17 1.218580069e-16)
(10 -2.649642611e-16 2.453169875e-16)
(10 -1.894112883e-17 4.26545229e-17)
(10 -2.350594994e-17 1.46179938e-16)
(10 -4.542592377e-16 -9.928045862e-17)
(10 -1.210248092e-18 -3.765913058e-16)
(10 1.093612822e-16 -2.476806326e-16)
(10 8.523293909e-17 -4.060719251e-16)
(10 -5.817897996e-17 -2.008818928e-16)
(10 3.82304655e-17 2.275369465e-16)
(10 -1.685932662e-17 -1.087825639e-17)
(10 2.413900432e-16 1.962281516e-16)
(10 -2.66512645e-16 -2.695542951e-17)
(10 1.364883093e-16 1.74959894e-17)
(10 -2.188385326e-16 5.564619606e-16)
(10 -1.000862168e-15 5.078880458e-16)
(10 1.354184939e-16 -7.673887638e-17)
(10 4.236895964e-18 -2.400961834e-18)
(10 1.325615644e-19 -7.511991314e-20)
(10 4.147509993e-21 -2.350308642e-21)
(10 1.297649075e-22 -7.353510516e-23)
(10 4.060009799e-24 -2.300724081e-24)
(10 1.270272517e-25 -7.198373192e-26)
(10 3.974355599e-27 -2.252185607e-27)
(10 -1.136030029e-15 3.671366057e-15)
)
;

boundaryField
{
    left
    {
        type            dirichlet;
        value           uniform (4 0 0);
    }
    right
    {
        type            dirichlet;
        value           uniform (4 0 0);
    }
    sides
    {
        type            empty;
    }
}


// ************************************************************************* //
