/*--------------------------------*- C++ -*----------------------------------*\
| =========                 |                                                 |
| \\      /  F ield         | foam-extend: Open Source CFD                    |
|  \\    /   O peration     | Version:     4.1                                |
|   \\  /    A nd           | Web:         http://www.foam-extend.org         |
|    \\/     M anipulation  |                                                 |
\*---------------------------------------------------------------------------*/
FoamFile
{
    version     2.0;
    format      ascii;
    class       cellScalarField;
    location    "2.8";
    object      T;
}
// * * * * * * * * * * * * * * * * * * * * * * * * * * * * * * * * * * * * * //

dimensions      [0 0 0 0 1 0 0];

internalField   nonuniform 
100
(
(3.99999838 -7.019627499e-07 1.030508701e-05)
(4.000257867 0.0003000738953 -5.979606861e-05)
(4.001281234 0.001175575116 0.004916637869)
(4.102690746 0.146237839 0.07035563654)
(4.943964381 0.7463274914 0.1089425811)
(6.911601443 1.114025467 -0.02768546523)
(8.799013989 0.7040778189 -0.09408336844)
(9.700169494 0.2327011869 -0.04802211578)
(9.94841184 0.04749177841 -0.01213301355)
(9.993359303 0.00682818235 -0.001977299561)
(9.999315537 0.0007596701532 -0.0002388153814)
(9.99994061 6.969831258e-05 -2.322290451e-05)
(9.999995502 5.508284013e-06 -1.917002892e-06)
(9.999999695 3.866477436e-07 -1.392151011e-07)
(9.999999981 2.464707913e-08 -9.1208933e-09)
(9.999999999 1.450621839e-09 -5.491157394e-10)
(10 7.982910202e-11 -3.080136931e-11)
(10 4.150248871e-12 -1.627148057e-12)
(10 2.066915523e-13 -8.244362822e-14)
(10 7.5882162e-15 -3.641734394e-15)
(10 5.966201531e-16 3.344182486e-16)
(10 -4.884321245e-16 3.788786033e-16)
(10 4.105616036e-16 -6.997380655e-16)
(10 9.023775139e-16 1.060421121e-15)
(10 -1.929571402e-15 3.235328809e-16)
(10 1.37536335e-15 -9.075661041e-16)
(10 4.968668911e-17 -4.730750809e-16)
(10 -4.190943828e-17 -3.092742496e-16)
(10 4.612707949e-17 3.202396502e-16)
(10 -4.96574811e-17 -5.649243958e-18)
(10 3.232623775e-16 3.50258463e-16)
(10 -4.601928806e-16 -7.640302366e-17)
(10 2.618813503e-16 2.949202389e-17)
(10 -1.365865064e-16 -1.744219836e-17)
(10 2.188364463e-16 -5.564608176e-16)
(10 1.000862123e-15 -5.078880214e-16)
(10 -1.354184949e-16 7.67388769e-17)
(10 -4.236895985e-18 2.400961845e-18)
(10 -1.325615648e-19 7.511991338e-20)
(10 -4.147510002e-21 2.350308647e-21)
(10 -1.297649077e-22 7.353510527e-23)
(10 -4.060009803e-24 2.300724083e-24)
(10 -1.270272518e-25 7.198373197e-26)
(10 -3.974355601e-27 2.252185608e-27)
(10 -1.243473524e-28 7.046508807e-29)
(10 -3.89050845e-30 2.204671151e-30)
(10 -1.217239909e-31 6.897848308e-32)
(10 -3.808430226e-33 2.158159109e-33)
(10 -1.191559747e-34 6.752324104e-35)
(10 -3.728083608e-36 2.112628333e-36)
(10 -1.166421359e-37 6.609870027e-38)
(10 -3.649432063e-39 2.068058119e-39)
(10 -1.141813314e-40 6.470421297e-41)
(10 -3.572439822e-42 2.024428199e-42)
(10 -1.117724422e-43 6.333914495e-44)
(10 -3.497071868e-45 1.981718727e-45)
(10 -1.094143723e-46 6.200287516e-47)
(10 -3.423293899e-48 1.939910266e-48)
(10 -1.071060479e-49 6.069479501e-50)
(10 -3.351072286e-51 1.898983754e-51)
(10 -1.048464153e-52 5.941430724e-53)
(10 -3.280373989e-54 1.858920462e-54)
(10 -1.026344376e-55 5.816082404e-56)
(10 -3.211166439e-57 1.819701925e-57)
(10 -1.004690906e-58 5.693376463e-59)
(10 -3.143417392e-60 1.781309857e-60)
(10 -9.834935863e-62 5.573255301e-62)
(10 -3.077094853e-63 1.743726118e-63)
(10 -9.627423512e-65 5.455661871e-65)
(10 -3.012167267e-66 1.706932835e-66)
(10 -9.424273736e-68 5.340540586e-68)
(10 -2.948604384e-69 1.670912933e-69)
(10 -9.225395195e-71 5.227840058e-71)
(10 -2.886379481e-72 1.635651458e-72)
(10 -9.030713776e-74 5.117519191e-74)
(10 -2.825473939e-75 1.601138274e-75)
(10 -8.840192272e-77 5.009558744e-77)
(10 -2.765885479e-78 1.567372884e-78)
(10 -8.653864003e-80 4.903980938e-80)
(10 -2.707641576e-81 1.534372231e-81)
(10 -8.471885224e-83 4.800879868e-83)
(10 -2.650819537e-84 1.502182325e-84)
(10 -8.294610673e-86 4.700465141e-86)
(10 -2.595574426e-87 1.470894332e-87)
(10 -8.122694933e-89 4.603120165e-89)
(10 -2.54217522e-90 1.44066533e-90)
(10 -7.957219244e-92 4.509474779e-92)
(10 -2.491048507e-93 1.411743274e-93)
(10 -7.799839273e-95 4.42048951e-95)
(10 -2.442827494e-96 1.384494883e-96)
(10 -7.652944313e-98 4.337545905e-98)
(10 -2.398402522e-99 1.359434215e-99)
(10 -7.519813262e-101 4.262534487e-101)
(10 -2.358967685e-102 1.337248845e-102)
(10 -7.404748289e-104 4.197929389e-104)
(10 -2.326056998e-105 1.3188199e-105)
(10 -7.313164204e-107 4.146837165e-107)
(10 -2.301562954e-108 1.305231879e-108)
(10 -7.251610979e-110 4.113007047e-110)
(10 4.088828687e-17 3.522747842e-15)
)
;

boundaryField
{
    left
    {
        type            dirichlet;
        value           uniform (4 0 0);
    }
    right
    {
        type            dirichlet;
        value           uniform (4 0 0);
    }
    sides
    {
        type            empty;
    }
}


// ************************************************************************* //
