/*--------------------------------*- C++ -*----------------------------------*\
| =========                 |                                                 |
| \\      /  F ield         | foam-extend: Open Source CFD                    |
|  \\    /   O peration     | Version:     4.1                                |
|   \\  /    A nd           | Web:         http://www.foam-extend.org         |
|    \\/     M anipulation  |                                                 |
\*---------------------------------------------------------------------------*/
FoamFile
{
    version     2.0;
    format      ascii;
    class       cellScalarField;
    location    "43.7";
    object      T;
}
// * * * * * * * * * * * * * * * * * * * * * * * * * * * * * * * * * * * * * //

dimensions      [0 0 0 0 1 0 0];

internalField   nonuniform 
100
(
(4 -5.703630593e-17 1.624202108e-17)
(4 1.054875713e-16 1.359531525e-16)
(4 -1.053376482e-16 2.478582212e-16)
(4 3.793782888e-17 2.45910174e-16)
(4 -1.802053468e-16 -5.466372853e-17)
(4 -3.131464527e-16 5.082075019e-17)
(4 3.482358737e-16 -6.4000279e-17)
(4 -3.555092755e-16 4.814797753e-17)
(4 6.967717959e-16 1.530470285e-16)
(4 -1.314253763e-15 -2.50994633e-16)
(4 3.045317176e-16 -9.146169557e-17)
(4 -1.342565832e-16 1.580271459e-17)
(4 8.897982099e-16 -5.229111528e-17)
(4 -6.641981663e-16 1.662150888e-16)
(4 1.134008414e-16 -1.992331179e-16)
(4 8.824271584e-17 2.166098648e-16)
(4 -8.524347243e-17 1.069510874e-17)
(4 1.615004254e-17 -4.56963663e-17)
(4 -6.448623383e-17 2.761247437e-16)
(4 5.32664236e-17 -1.680696651e-16)
(4 -3.897302351e-17 7.934746936e-17)
(4 -6.976575579e-17 -1.236984804e-16)
(4 -7.42232402e-17 -1.437418537e-16)
(4 -1.830806025e-17 2.326664768e-17)
(4 -7.591464709e-17 -9.161501949e-17)
(4 6.047525593e-17 -7.071793862e-17)
(4 -1.202535681e-16 1.416179707e-16)
(4 -2.073811863e-16 -5.813616595e-17)
(4 -4.193124329e-16 -2.494573528e-16)
(4 9.437798203e-17 -2.019184627e-16)
(4 5.454219199e-16 1.219548657e-16)
(4 -7.465063818e-16 3.018005099e-16)
(4 8.801637589e-17 -1.135782421e-16)
(4 -5.079988742e-16 -9.585242165e-17)
(4 4.092582766e-16 2.699567658e-17)
(4 -1.421545224e-16 -1.215183157e-17)
(4 5.690223346e-16 5.244226797e-17)
(4 -8.955007377e-16 1.930353546e-16)
(4 4.156956074e-16 -8.796831789e-17)
(4 1.002967546e-16 -5.319661859e-17)
(4 1.277239728e-16 -1.052760232e-16)
(4 -1.569175222e-16 -1.600147123e-17)
(4 -1.626468999e-17 4.341094307e-17)
(4 -2.561474702e-16 1.93573441e-16)
(4 -1.956774563e-16 -3.265518322e-18)
(4 6.668895468e-16 8.825233839e-18)
(4 -5.636308289e-16 -6.080585128e-17)
(4 4.777311214e-16 -1.020041463e-17)
(4 -8.768819201e-16 9.963975537e-17)
(4 5.475206543e-16 8.52751014e-17)
(4 -1.118700601e-16 8.452398856e-17)
(4 -7.861025677e-17 3.939571867e-16)
(4 9.084515981e-17 2.80988262e-16)
(4 -3.450929602e-16 -2.633855288e-16)
(4 8.347279616e-16 5.26598226e-17)
(4 -8.779226216e-16 2.198363029e-16)
(4 9.938741253e-16 5.055610055e-16)
(4 6.858692609e-15 3.06051479e-15)
(4 6.206872754e-14 2.850926687e-14)
(4 5.067334482e-13 2.13430818e-13)
(4 3.77220254e-12 1.528544414e-12)
(4 2.623014162e-11 1.018716579e-11)
(4 1.701274429e-10 6.308233058e-11)
(4.000000001 1.02549458e-09 3.615092483e-10)
(4.000000007 5.724628902e-09 1.910319566e-09)
(4.000000038 2.950172026e-08 9.278350413e-09)
(4.000000187 1.399981757e-07 4.131731416e-08)
(4.000000857 6.106411346e-07 1.684094607e-07)
(4.000003613 2.445684108e-06 6.277724893e-07)
(4.000014044 8.991979062e-06 2.139801614e-06)
(4.000050324 3.036137699e-05 6.671971761e-06)
(4.000166371 9.423057795e-05 1.904531893e-05)
(4.000508144 0.00026916849 4.982230975e-05)
(4.00143622 0.0007087461922 0.0001195791776)
(4.003763592 0.001723205784 0.000263616944)
(4.009162835 0.003875709849 0.000534337414)
(4.020770933 0.008078668385 0.0009966015518)
(4.043941428 0.01563549948 0.00171110113)
(4.086958121 0.02814927281 0.0027041669)
(4.161368817 0.04722690098 0.003930162143)
(4.281507087 0.07396745295 0.005242015081)
(4.462851654 0.1083325373 0.006390477588)
(4.719188451 0.1486130603 0.007067060014)
(5.059034659 0.1912590469 0.006987943118)
(5.482264778 0.2312681167 0.005993487113)
(5.978088361 0.2631331429 0.004123185684)
(6.525287131 0.2821077594 0.001630028337)
(7.094951737 0.285381264 -0.001078008096)
(7.655118783 0.2727576157 -0.003549671683)
(8.176059558 0.2466149505 -0.005412620574)
(8.634793982 0.2111953382 -0.006461128721)
(9.017749867 0.1715083969 -0.006682683621)
(9.32117145 0.1322268977 -0.006224383515)
(9.549591905 0.09688785835 -0.005322337543)
(9.713153144 0.06754625833 -0.00422526124)
(9.824668635 0.04485070641 -0.003137112887)
(9.89713546 0.02839319052 -0.002189649286)
(9.942063793 0.01715397806 -0.001442341151)
(9.968664609 0.009900080345 -0.0008993601199)
(9.983719203 0.00546314264 -0.0005321747432)
)
;

boundaryField
{
    left
    {
        type            dirichlet;
        value           uniform (4 0 0);
    }
    right
    {
        type            dirichlet;
        value           uniform (4 0 0);
    }
    sides
    {
        type            empty;
    }
}


// ************************************************************************* //
