/*--------------------------------*- C++ -*----------------------------------*\
| =========                 |                                                 |
| \\      /  F ield         | foam-extend: Open Source CFD                    |
|  \\    /   O peration     | Version:     4.1                                |
|   \\  /    A nd           | Web:         http://www.foam-extend.org         |
|    \\/     M anipulation  |                                                 |
\*---------------------------------------------------------------------------*/
FoamFile
{
    version     2.0;
    format      ascii;
    class       cellScalarField;
    location    "43.1";
    object      T;
}
// * * * * * * * * * * * * * * * * * * * * * * * * * * * * * * * * * * * * * //

dimensions      [0 0 0 0 1 0 0];

internalField   nonuniform 
100
(
(4 -5.703630593e-17 1.624202108e-17)
(4 -2.449738073e-16 2.649073167e-16)
(4 -1.734357391e-17 -8.326922408e-17)
(4 -1.326165475e-16 -6.275412242e-17)
(4 3.257817782e-17 -1.295319201e-16)
(4 -2.112720497e-16 -1.112600193e-16)
(4 3.46652809e-16 1.298286381e-16)
(4 -3.971410711e-16 9.448689323e-17)
(4 8.247685312e-16 -2.126495865e-16)
(4 -1.261782308e-15 1.186655848e-16)
(4 -6.450743758e-17 -1.065262429e-17)
(4 3.499410195e-16 -2.621962242e-16)
(4 9.351967104e-16 -1.449762159e-17)
(4 -1.734187711e-16 -2.186749667e-16)
(4 1.786614626e-16 8.865029516e-17)
(4 2.485858729e-17 1.646238352e-17)
(4 -2.436177957e-16 -1.035979121e-17)
(4 1.21095336e-16 -4.020974086e-17)
(4 -7.715245794e-17 1.417658916e-16)
(4 -1.06452921e-16 -3.872042792e-17)
(4 4.359034109e-17 1.078168013e-16)
(4 -1.098907019e-16 -2.918895311e-17)
(4 2.42950448e-17 -1.81496826e-16)
(4 4.361309442e-17 6.055905661e-17)
(4 -4.791765202e-17 2.882833177e-16)
(4 -5.298749546e-17 -1.442177719e-16)
(4 5.558240326e-16 3.154558719e-16)
(4 -8.081670521e-16 1.523400647e-16)
(4 1.128483755e-16 -2.061141474e-16)
(4 1.553798823e-16 5.664671381e-17)
(4 1.908196445e-16 -4.227609918e-17)
(4 6.266636411e-19 -7.578305743e-17)
(4 1.563702087e-17 -1.314440118e-16)
(4 -2.907198221e-16 2.298574244e-16)
(4 3.671152811e-16 -1.226536682e-16)
(4 -2.484768479e-16 1.358919532e-16)
(4 7.210092281e-16 -7.472204011e-17)
(4 -8.744736947e-16 -2.381133795e-16)
(4 5.012791923e-16 1.218242052e-16)
(4 -1.66284569e-16 -1.339844357e-16)
(4 2.922011124e-17 -6.107940428e-17)
(4 1.519695102e-16 -4.691589445e-17)
(4 -3.973792086e-17 -5.239140875e-17)
(4 -2.077413051e-16 -1.630550223e-16)
(4 -3.84927615e-16 4.410172052e-17)
(4 8.806935653e-16 9.920545396e-18)
(4 -6.16187037e-16 1.492535269e-16)
(4 5.498667687e-16 1.266567214e-16)
(4 -9.076503353e-16 -3.575800284e-17)
(4 3.93820912e-16 -1.212030463e-16)
(4 3.029594926e-16 4.377512397e-17)
(4 -4.181031715e-16 -2.485019458e-16)
(4 9.975053274e-16 8.027185407e-17)
(4 -1.116682242e-15 2.248276404e-16)
(4 7.257141151e-16 -6.556159932e-17)
(4 2.13822869e-16 8.450941441e-16)
(4 6.786469424e-15 2.963443556e-15)
(4 6.190264567e-14 2.88268612e-14)
(4 5.093387387e-13 2.16524269e-13)
(4 3.838734535e-12 1.566378164e-12)
(4 2.700028494e-11 1.056295439e-11)
(4 1.770878341e-10 6.612931934e-11)
(4.000000001 1.078769453e-09 3.829360556e-10)
(4.000000007 6.081772059e-09 2.043075782e-09)
(4.00000004 3.162673651e-08 1.000921345e-08)
(4.000000201 1.512946748e-07 4.490787408e-08)
(4.000000928 6.645029393e-07 1.841944595e-07)
(4.00000394 2.676692158e-06 6.900136742e-07)
(4.00001539 9.885494478e-06 2.360396156e-06)
(4.000055361 3.348599898e-05 7.376167996e-06)
(4.00018352 0.0001041342783 2.107399908e-05)
(4.000561422 0.0002976894385 5.510537807e-05)
(4.001587663 0.0007835478009 0.0001320322458)
(4.004158522 0.0019022568 0.000290206205)
(4.010110174 0.004267628622 0.0005857597225)
(4.022866518 0.008864390561 0.001086567912)
(4.048226698 0.01708002202 0.001853064308)
(4.09507773 0.03058634091 0.002904989997)
(4.175655739 0.05100004351 0.004181899082)
(4.30490109 0.0793230127 0.00551512984)
(4.498570952 0.1152842199 0.006633104408)
(4.770140413 0.1568239443 0.007213806657)
(5.127059123 0.199999899 0.006977864636)
(5.567410788 0.2394962848 0.00579174089)
(6.078174064 0.2696935676 0.003737479384)
(6.635941723 0.2860039303 0.001113835177)
(7.210192872 0.2860267568 -0.001638179419)
(7.768335251 0.2701197566 -0.004058530151)
(8.281128264 0.2412027672 -0.005792379913)
(8.727024147 0.2039043089 -0.006669999404)
(9.094426095 0.163385144 -0.006719953414)
(9.381617622 0.124236073 -0.006122591093)
(9.594830667 0.08974762251 -0.005131830341)
(9.745332897 0.06166156323 -0.00399795744)
(9.846448989 0.04033525209 -0.002914693504)
(9.911177253 0.02514681173 -0.001998272273)
(9.950695703 0.0149570493 -0.001293095736)
(9.973729336 0.008495698262 -0.0007921335761)
(9.986558404 0.004612716232 -0.0004604811771)
(9.993392812 0.002396198822 -0.0002545465921)
)
;

boundaryField
{
    left
    {
        type            dirichlet;
        value           uniform (4 0 0);
    }
    right
    {
        type            dirichlet;
        value           uniform (4 0 0);
    }
    sides
    {
        type            empty;
    }
}


// ************************************************************************* //
