/*--------------------------------*- C++ -*----------------------------------*\
| =========                 |                                                 |
| \\      /  F ield         | foam-extend: Open Source CFD                    |
|  \\    /   O peration     | Version:     4.1                                |
|   \\  /    A nd           | Web:         http://www.foam-extend.org         |
|    \\/     M anipulation  |                                                 |
\*---------------------------------------------------------------------------*/
FoamFile
{
    version     2.0;
    format      ascii;
    class       cellScalarField;
    location    "29.2";
    object      T;
}
// * * * * * * * * * * * * * * * * * * * * * * * * * * * * * * * * * * * * * //

dimensions      [0 0 0 0 1 0 0];

internalField   nonuniform 
100
(
(4 -5.703630593e-17 1.624202108e-17)
(4 -1.591657874e-18 -2.416486184e-17)
(4 3.995447318e-17 -5.137083063e-17)
(4 -1.489929924e-16 9.967049106e-17)
(4 -3.161727301e-17 5.012881447e-17)
(4 -5.371389806e-16 3.690300988e-16)
(4 3.051019956e-16 1.444447843e-16)
(4 -4.280760734e-16 1.271451153e-16)
(4 8.160733817e-16 2.88193083e-18)
(4 -1.213732992e-15 2.991710755e-17)
(4 1.34257341e-16 -1.40999737e-16)
(4 5.44622942e-16 6.763034362e-17)
(4 3.988734825e-16 -5.902342087e-17)
(4 -2.032844808e-16 1.335943495e-16)
(4 -7.729152682e-18 5.051039168e-18)
(4 -4.810044765e-17 -3.788304619e-18)
(4 -2.476990455e-17 1.299734727e-17)
(4 -2.120321498e-16 -5.573229364e-17)
(4 1.270087284e-16 9.229002884e-17)
(4 -1.579585275e-16 -7.217735571e-17)
(4 -1.192056922e-16 7.456617216e-19)
(4 -2.558881285e-17 -1.821529339e-16)
(4 -2.077988172e-17 7.027418718e-17)
(4 3.743921639e-16 1.384074501e-16)
(4 -9.043224664e-16 -1.664336303e-16)
(4 9.411128611e-16 2.807093914e-17)
(4 -7.789288746e-16 9.736045001e-17)
(4 8.374836302e-16 8.360885779e-17)
(4 -1.173046529e-15 -9.65459448e-17)
(4 1.194840717e-15 -3.007904046e-16)
(4 -1.162076289e-16 -1.507946543e-17)
(4 1.100471235e-16 -8.275470626e-17)
(4 9.190661689e-18 -9.341653188e-17)
(4 1.635852964e-15 1.919770947e-15)
(4 3.232864064e-14 1.779080501e-14)
(4 3.808187909e-13 1.944184575e-13)
(4 4.017003027e-12 1.986176519e-12)
(4 3.952100503e-11 1.876055193e-11)
(4 3.590936222e-10 1.628349545e-10)
(4.000000003 2.994113874e-09 1.289720868e-09)
(4.000000024 2.276209618e-08 9.252087503e-09)
(4.000000175 1.565572008e-07 5.953140173e-08)
(4.00000113 9.650157129e-07 3.397470431e-07)
(4.000006538 5.280445232e-06 1.702865089e-06)
(4.000033633 2.54643984e-05 7.447027963e-06)
(4.000153191 0.0001078036551 2.833389771e-05)
(4.000617064 0.0004003658341 9.378205238e-05)
(4.002200863 0.001306513915 0.0002704865767)
(4.006971296 0.003758056626 0.0006814657123)
(4.019691286 0.009565733285 0.00150344623)
(4.049836473 0.02163955491 0.002910036225)
(4.113598288 0.04369750229 0.004945066798)
(4.234468356 0.07910612021 0.007367221618)
(4.440647207 0.1289148561 0.009574281141)
(4.75834422 0.1898630068 0.01072331648)
(5.20217482 0.2536491553 0.01006303795)
(5.766281757 0.3084615985 0.007331464111)
(6.420717789 0.342590338 0.002977214102)
(7.115866371 0.3485831633 -0.001960694938)
(7.793919289 0.325890864 -0.006268621212)
(8.402936939 0.2807260365 -0.009037427617)
(8.907971865 0.2234022974 -0.00995120909)
(9.295612049 0.164657684 -0.009275004863)
(9.571665659 0.1126707798 -0.007614888893)
(9.754480789 0.07174244071 -0.005620734079)
(9.86731508 0.0426026204 -0.003776347408)
(9.932357917 0.02364363296 -0.002328854755)
(9.967447027 0.01228847301 -0.001326440527)
(9.985197644 0.005992993342 -0.000701150493)
(9.993633854 0.00274775924 -0.0003453348928)
(9.997407591 0.001186593052 -0.0001590180723)
(9.998999279 0.0004834888013 -6.866205139e-05)
(9.999633373 0.0001862006462 -2.787418736e-05)
(9.999872366 6.789086298e-05 -1.066469737e-05)
(9.999957726 2.347359921e-05 -3.854056014e-06)
(9.999986662 7.708458696e-06 -1.318271704e-06)
(9.999995986 2.407883374e-06 -4.276088688e-07)
(9.999998847 7.165125388e-07 -1.317747898e-07)
(9.999999683 2.034011884e-07 -3.864636212e-08)
(9.999999917 5.516027927e-08 -1.080401597e-08)
(9.999999979 1.43095542e-08 -2.883623367e-09)
(9.999999995 3.555635724e-09 -7.358915961e-10)
(9.999999999 8.473209283e-10 -1.798160484e-10)
(10 1.938876939e-10 -4.212931362e-11)
(10 4.264821416e-11 -9.474877041e-12)
(10 9.028741601e-12 -2.050023865e-12)
(10 1.843148339e-12 -4.261830922e-13)
(10 3.636884449e-13 -8.575765629e-14)
(10 6.756067742e-14 -1.628689449e-14)
(10 1.387092389e-14 -1.752697271e-15)
(10 3.781066355e-15 -1.091355033e-15)
(10 -2.076660965e-16 7.488337664e-16)
(10 -9.585816834e-16 6.811050251e-16)
(10 -5.712814852e-17 5.337087728e-16)
(10 -4.556941699e-16 8.573210534e-16)
(10 -6.5216768e-16 1.26947929e-16)
(10 -2.631794968e-16 -3.270583895e-16)
(10 4.154087612e-16 -5.247854417e-16)
(10 1.759459171e-17 -4.753803556e-17)
(10 -1.670439103e-15 3.800436753e-15)
)
;

boundaryField
{
    left
    {
        type            dirichlet;
        value           uniform (4 0 0);
    }
    right
    {
        type            dirichlet;
        value           uniform (4 0 0);
    }
    sides
    {
        type            empty;
    }
}


// ************************************************************************* //
