/*--------------------------------*- C++ -*----------------------------------*\
| =========                 |                                                 |
| \\      /  F ield         | foam-extend: Open Source CFD                    |
|  \\    /   O peration     | Version:     4.1                                |
|   \\  /    A nd           | Web:         http://www.foam-extend.org         |
|    \\/     M anipulation  |                                                 |
\*---------------------------------------------------------------------------*/
FoamFile
{
    version     2.0;
    format      ascii;
    class       cellScalarField;
    location    "6.9";
    object      T;
}
// * * * * * * * * * * * * * * * * * * * * * * * * * * * * * * * * * * * * * //

dimensions      [0 0 0 0 1 0 0];

internalField   nonuniform 
100
(
(4 1.918784331e-15 -1.011125004e-14)
(4 1.563607738e-14 7.74188533e-13)
(4 1.037371675e-11 -1.890628922e-11)
(4 -2.406165118e-11 6.651450526e-10)
(4.000000014 1.827732936e-08 2.143243576e-09)
(4.000000108 7.793423323e-08 1.854261022e-07)
(4.000005427 7.810502401e-06 4.579981984e-06)
(4.000083405 8.389134101e-05 4.371086129e-05)
(4.001079182 0.001258783741 0.0008114025805)
(4.014394574 0.01573022887 0.006753594049)
(4.11000788 0.09324559028 0.0247670551)
(4.481707104 0.2964483333 0.04502577828)
(5.34913122 0.5693374659 0.03818782708)
(6.663805239 0.7159830854 0.0002774961082)
(8.034387217 0.6248128948 -0.0336119665)
(9.062046932 0.3959169187 -0.03907309505)
(9.63704234 0.1891867786 -0.02579115246)
(9.884934208 0.07045292312 -0.01184386579)
(9.969673971 0.02105291677 -0.00410739722)
(9.993245848 0.005181229011 -0.001130191169)
(9.998707738 0.001074672401 -0.0002556619778)
(9.999784263 0.0001917068304 -4.887818303e-05)
(9.999968122 2.993468503e-05 -8.076229139e-06)
(9.999995777 4.154432322e-06 -1.174766514e-06)
(9.999999493 5.192279747e-07 -1.527624658e-07)
(9.999999944 5.910563762e-08 -1.798915542e-08)
(9.999999994 6.188109651e-09 -1.939441272e-09)
(9.999999999 6.008927603e-10 -1.932171845e-10)
(10 5.451691649e-11 -1.793136246e-11)
(10 4.649209306e-12 -1.560404822e-12)
(10 3.754120332e-13 -1.265155898e-13)
(10 2.871169806e-14 -9.99644846e-15)
(10 -4.62129376e-16 -4.209105018e-16)
(10 1.014630997e-15 -3.307540804e-16)
(10 -4.439327623e-16 -1.254705666e-16)
(10 5.211214507e-16 1.396574923e-16)
(10 -7.666492335e-16 -5.535619163e-16)
(10 1.570076247e-15 3.551501148e-16)
(10 -1.474931174e-15 -6.490214051e-17)
(10 2.217977965e-15 -4.709064822e-16)
(10 -1.082542861e-15 6.329542875e-16)
(10 5.172982957e-16 -4.803287175e-16)
(10 7.399741585e-17 8.909978321e-17)
(10 9.798084767e-17 -6.505423719e-16)
(10 -4.175450636e-17 2.035840238e-17)
(10 -2.692086964e-16 3.789325186e-16)
(10 -1.823763675e-16 1.140625949e-17)
(10 -2.301202387e-16 1.584478667e-16)
(10 -7.200649576e-18 5.91258945e-17)
(10 -1.271552007e-16 -4.822127417e-16)
(10 -3.13729226e-17 1.217596282e-16)
(10 -1.556520681e-16 6.353892061e-16)
(10 -6.271823077e-16 2.798959985e-16)
(10 3.013670096e-17 -1.418887036e-16)
(10 3.376524292e-16 -6.385584308e-17)
(10 -1.711844212e-16 2.263353132e-16)
(10 -2.523298772e-16 -1.508225036e-16)
(10 -2.922187996e-16 -7.778029022e-17)
(10 1.808607958e-16 3.070162787e-16)
(10 -2.49318926e-16 3.164087687e-16)
(10 -1.918092485e-16 5.745622757e-16)
(10 -1.639458028e-16 1.420049572e-16)
(10 -1.300682109e-16 2.757501344e-16)
(10 -2.409990997e-16 1.553484204e-17)
(10 -3.093905255e-16 6.489192761e-17)
(10 3.124138406e-16 -3.661027567e-16)
(10 3.185463172e-17 4.968406569e-17)
(10 -1.456091117e-16 -3.763257675e-16)
(10 4.130560516e-17 4.553089121e-16)
(10 -1.080810088e-16 -2.660973724e-18)
(10 4.231710706e-16 5.910967819e-16)
(10 -2.706746476e-16 1.292976294e-16)
(10 2.353702228e-16 1.995407413e-16)
(10 -2.666489959e-16 -2.68807183e-17)
(10 1.364853921e-16 1.749757891e-17)
(10 -2.188385902e-16 5.564619917e-16)
(10 -1.000862169e-15 5.078880463e-16)
(10 1.354184939e-16 -7.673887637e-17)
(10 4.236895964e-18 -2.400961834e-18)
(10 1.325615644e-19 -7.511991314e-20)
(10 4.147509994e-21 -2.350308642e-21)
(10 1.297649075e-22 -7.353510517e-23)
(10 4.060009799e-24 -2.300724081e-24)
(10 1.270272517e-25 -7.198373192e-26)
(10 3.974355599e-27 -2.252185607e-27)
(10 1.243473524e-28 -7.046508805e-29)
(10 3.890508449e-30 -2.204671151e-30)
(10 1.217239909e-31 -6.897848307e-32)
(10 3.808430225e-33 -2.158159109e-33)
(10 1.191559747e-34 -6.752324105e-35)
(10 3.728083609e-36 -2.112628333e-36)
(10 1.16642136e-37 -6.609870033e-38)
(10 3.649432069e-39 -2.068058123e-39)
(10 1.141813318e-40 -6.470421321e-41)
(10 3.572439844e-42 -2.024428212e-42)
(10 1.117724433e-43 -6.333914564e-44)
(10 3.497071927e-45 -1.981718763e-45)
(10 1.094143753e-46 -6.200287697e-47)
(10 3.42329405e-48 -1.939910357e-48)
(10 -1.055624439e-15 3.444623383e-15)
)
;

boundaryField
{
    left
    {
        type            dirichlet;
        value           uniform (4 0 0);
    }
    right
    {
        type            dirichlet;
        value           uniform (4 0 0);
    }
    sides
    {
        type            empty;
    }
}


// ************************************************************************* //
