/*--------------------------------*- C++ -*----------------------------------*\
| =========                 |                                                 |
| \\      /  F ield         | foam-extend: Open Source CFD                    |
|  \\    /   O peration     | Version:     4.1                                |
|   \\  /    A nd           | Web:         http://www.foam-extend.org         |
|    \\/     M anipulation  |                                                 |
\*---------------------------------------------------------------------------*/
FoamFile
{
    version     2.0;
    format      ascii;
    class       cellScalarField;
    location    "31.3";
    object      T;
}
// * * * * * * * * * * * * * * * * * * * * * * * * * * * * * * * * * * * * * //

dimensions      [0 0 0 0 1 0 0];

internalField   nonuniform 
100
(
(4 -5.703630593e-17 1.624202108e-17)
(4 -1.649584596e-16 3.964276892e-16)
(4 1.916288544e-16 2.123775919e-17)
(4 -2.057257127e-18 -1.498322564e-16)
(4 2.605029104e-17 -8.049744636e-17)
(4 -4.726314648e-16 -2.650898879e-16)
(4 6.658144717e-16 -2.029400888e-16)
(4 -3.113713394e-16 2.107323859e-16)
(4 7.692930007e-16 9.66884559e-17)
(4 -1.386455106e-15 -1.921409333e-16)
(4 5.95242615e-16 1.978340295e-17)
(4 -3.882274658e-16 -4.377334063e-17)
(4 1.323912355e-15 -1.142359152e-16)
(4 -6.130229654e-16 -2.898857907e-16)
(4 6.799946702e-16 -1.51839393e-16)
(4 -1.61171245e-16 1.112269672e-16)
(4 -5.82460191e-17 1.054631874e-16)
(4 -1.493710636e-16 -1.140707892e-16)
(4 2.218047659e-17 9.788796253e-17)
(4 6.361401052e-17 1.951378578e-17)
(4 -2.435729541e-16 1.945876647e-16)
(4 -1.66966826e-16 -2.058995155e-16)
(4 2.713657287e-17 -5.027966023e-17)
(4 -1.74536528e-16 -4.385577435e-17)
(4 -1.704813815e-16 -1.036489385e-17)
(4 4.015363723e-17 -4.773409013e-17)
(4 1.262671294e-17 2.599029202e-16)
(4 -2.312008346e-16 1.480771748e-16)
(4 -3.822691124e-16 1.025312671e-16)
(4 3.568138733e-16 -2.135864756e-17)
(4 -2.282057366e-16 -7.085728349e-17)
(4 -8.594695283e-18 9.793729556e-17)
(4 -3.149634321e-17 1.267129615e-16)
(4 -3.115027952e-16 -1.105613902e-16)
(4 9.364666631e-16 5.074407669e-17)
(4 -9.754722369e-16 1.026405337e-16)
(4 4.739234904e-16 3.041563619e-16)
(4 1.202035947e-14 6.930815337e-15)
(4 1.462398206e-13 7.484431228e-14)
(4 1.512146631e-12 7.346185233e-13)
(4 1.445614554e-11 6.76749568e-12)
(4 1.282772846e-10 5.747066589e-11)
(4.000000001 1.049305769e-09 4.47627391e-10)
(4.000000008 7.866110284e-09 3.176040493e-09)
(4.00000006 5.367531832e-08 2.036044632e-08)
(4.000000388 3.307638907e-07 1.16850614e-07)
(4.000002252 1.82615006e-06 5.953405111e-07)
(4.000011743 8.974952182e-06 2.676435634e-06)
(4.000054694 3.91102257e-05 1.058288145e-05)
(4.000227209 0.0001509091827 3.677637145e-05)
(4.000842138 0.0005159695121 0.0001124219734)
(4.002790534 0.001566626204 0.0003028741901)
(4.008292638 0.004237192439 0.0007207025756)
(4.022185341 0.0102448868 0.001517795794)
(4.053661558 0.02222701126 0.002833010156)
(4.117883725 0.04343466927 0.004688018898)
(4.236309789 0.07673147106 0.006866880863)
(4.434360636 0.1229791904 0.008861193159)
(4.735743552 0.179423309 0.009965218164)
(5.154392752 0.2390608072 0.009533110473)
(5.686843491 0.2917692858 0.007294108227)
(6.308637612 0.3271308796 0.003548490867)
(6.977179471 0.3378607921 -0.0008895994659)
(7.640682622 0.3222636721 -0.004991716928)
(8.250012946 0.2845835846 -0.007901558893)
(8.769017397 0.2332117416 -0.009211666829)
(9.179945005 0.1777477854 -0.009016411932)
(9.483027845 0.1262700823 -0.007762702863)
(9.691691602 0.08377805137 -0.006013669692)
(9.82605329 0.0520175228 -0.00424794643)
(9.907124726 0.03028187151 -0.002760161461)
(9.953046237 0.0165586086 -0.001660136872)
(9.977507851 0.008520010379 -0.0009287783958)
(9.989782647 0.004132122252 -0.0004852220412)
(9.995594567 0.00189208538 -0.0002374972967)
(9.998195297 0.0008192910314 -0.0001092205027)
(9.999296872 0.0003360003837 -4.731226198e-05)
(9.999739185 0.0001307072064 -1.934892696e-05)
(9.999907792 4.830058218e-05 -7.486164939e-06)
(9.999968896 1.697910339e-05 -2.745487207e-06)
(9.999989979 5.685719897e-06 -9.56135686e-07)
(9.999996912 1.816126693e-06 -3.167344963e-07)
(9.999999089 5.540664729e-07 -9.996370423e-08)
(9.999999743 1.616522053e-07 -3.010375607e-08)
(9.99999993 4.515841405e-08 -8.662823442e-09)
(9.999999982 1.209347395e-08 -2.385390528e-09)
(9.999999995 3.108289591e-09 -6.293546574e-10)
(9.999999999 7.676060004e-10 -1.593012473e-10)
(10 1.823374321e-10 -3.873161205e-11)
(10 4.170693903e-11 -9.055590634e-12)
(10 9.193246546e-12 -2.038879408e-12)
(10 1.953519199e-12 -4.424029627e-13)
(10 4.009998377e-13 -9.159395368e-14)
(10 7.64603301e-14 -1.856326682e-14)
(10 1.899409942e-14 -3.170571073e-15)
(10 7.331328364e-15 -2.564327683e-15)
(10 -5.642678346e-16 -1.218098918e-17)
(10 5.447532443e-16 -2.705118374e-16)
(10 2.493951427e-17 -6.564545594e-17)
(10 -8.91671824e-16 3.760702185e-15)
)
;

boundaryField
{
    left
    {
        type            dirichlet;
        value           uniform (4 0 0);
    }
    right
    {
        type            dirichlet;
        value           uniform (4 0 0);
    }
    sides
    {
        type            empty;
    }
}


// ************************************************************************* //
