/*--------------------------------*- C++ -*----------------------------------*\
| =========                 |                                                 |
| \\      /  F ield         | foam-extend: Open Source CFD                    |
|  \\    /   O peration     | Version:     4.1                                |
|   \\  /    A nd           | Web:         http://www.foam-extend.org         |
|    \\/     M anipulation  |                                                 |
\*---------------------------------------------------------------------------*/
FoamFile
{
    version     2.0;
    format      ascii;
    class       cellScalarField;
    location    "42.3";
    object      T;
}
// * * * * * * * * * * * * * * * * * * * * * * * * * * * * * * * * * * * * * //

dimensions      [0 0 0 0 1 0 0];

internalField   nonuniform 
100
(
(4 -5.703630593e-17 1.624202108e-17)
(4 -2.426862079e-16 -2.913171148e-17)
(4 -1.551377315e-16 -2.003359801e-16)
(4 8.600181329e-17 1.410940281e-16)
(4 6.592187856e-17 -8.343281251e-17)
(4 -3.532391731e-16 8.291923326e-17)
(4 1.859627705e-16 7.961900462e-17)
(4 -5.655431797e-16 -2.444479737e-17)
(4 1.09304369e-15 7.484123972e-17)
(4 -1.238839688e-15 3.183939212e-16)
(4 2.701163872e-16 1.040239332e-16)
(4 -4.218370094e-16 9.291622505e-17)
(4 1.100240711e-15 -2.20475536e-16)
(4 -6.336087347e-16 2.885722862e-16)
(4 2.205861413e-16 -2.964850544e-16)
(4 6.473217491e-17 -1.582497707e-16)
(4 -8.425996197e-17 -1.098526328e-16)
(4 2.034553117e-16 1.372421753e-16)
(4 -2.530576516e-17 -2.312946272e-17)
(4 2.506258413e-16 -1.82378929e-16)
(4 1.897840168e-16 3.324206404e-16)
(4 -3.501537362e-16 -4.664000026e-16)
(4 8.229432996e-16 -1.867471511e-17)
(4 -8.151736763e-16 1.069170353e-16)
(4 7.800181709e-16 -4.788313271e-17)
(4 -8.711781148e-16 2.250605318e-16)
(4 1.749707657e-16 -2.462391447e-16)
(4 1.947193129e-16 3.661279595e-17)
(4 -5.461816736e-16 -3.07551041e-17)
(4 3.01569806e-16 6.472342906e-17)
(4 -4.167930511e-17 -2.41147393e-17)
(4 8.554706309e-17 -8.38450521e-17)
(4 6.30866574e-17 8.161573394e-17)
(4 -5.80054279e-16 3.14677976e-16)
(4 2.80920841e-16 -6.419157778e-17)
(4 -2.82105517e-16 -7.672386354e-17)
(4 9.881178138e-16 -6.622199285e-17)
(4 -8.273772475e-16 -9.271497519e-17)
(4 4.089540783e-16 1.050708451e-16)
(4 1.400169121e-16 4.0590727e-17)
(4 -1.647891376e-16 -5.499493199e-17)
(4 3.774935303e-17 -2.165260516e-17)
(4 -1.187457339e-16 5.058969416e-17)
(4 2.031644579e-17 -8.004044961e-17)
(4 -2.221348546e-16 -1.395983683e-17)
(4 6.120231569e-16 1.242697981e-16)
(4 -5.972192337e-16 -1.40784413e-16)
(4 5.784200966e-16 -2.141026526e-16)
(4 -5.919174797e-16 5.258307175e-17)
(4 -6.473919675e-17 -2.96367456e-17)
(4 8.273326144e-16 -2.755584863e-16)
(4 -5.70496881e-16 2.161179621e-16)
(4 2.239341284e-16 3.167447547e-17)
(4 1.597792717e-16 -1.435601402e-16)
(4 2.389374577e-15 2.035562206e-16)
(4 1.278420651e-14 7.138982155e-15)
(4 1.270870954e-13 5.568914542e-14)
(4 1.015586564e-12 4.305715402e-13)
(4 7.601842246e-12 3.090342916e-12)
(4 5.308059936e-11 2.065431308e-11)
(4 3.449238592e-10 1.27928769e-10)
(4.000000002 2.077668836e-09 7.312614434e-10)
(4.000000014 1.155751732e-08 3.842276486e-09)
(4.000000076 5.917369811e-08 1.84941924e-08)
(4.000000374 2.781028738e-07 8.13378047e-08)
(4.000001692 1.197576395e-06 3.263205271e-07)
(4.000007042 4.720838718e-06 1.193335262e-06)
(4.000026933 1.703363846e-05 3.977805528e-06)
(4.000094718 5.62884478e-05 1.2092907e-05)
(4.00030663 0.000170543288 3.356083671e-05)
(4.000915155 0.0004744577859 8.512382006e-05)
(4.002522821 0.001214120604 0.0001975676728)
(4.006437333 0.002863174716 0.0004200779041)
(4.015238483 0.006234631202 0.0008190579979)
(4.033545503 0.01256080103 0.001465390122)
(4.06884361 0.02346010618 0.002406121843)
(4.132051367 0.04070016264 0.003623807883)
(4.237365499 0.0657115358 0.004997729107)
(4.400930302 0.0989159881 0.006289894825)
(4.638146469 0.1390731122 0.007176911435)
(4.959947636 0.1829429357 0.007332166243)
(5.368954508 0.2255275753 0.006536515671)
(5.856772156 0.2609657062 0.004774050959)
(6.403570143 0.2838761155 0.002267650604)
(6.980433315 0.2907184702 -0.0005681998048)
(7.554029065 0.2806905329 -0.00324292905)
(8.092317346 0.255849741 -0.005328437529)
(8.569701288 0.2204520124 -0.006567276658)
(8.970303326 0.1797898799 -0.006914627657)
(9.288782751 0.1389537973 -0.006509829816)
(9.528934567 0.1018930114 -0.005601192229)
(9.700893251 0.07097182314 -0.004459794582)
(9.817945196 0.0470087712 -0.003312384363)
(9.89377117 0.0296410056 -0.002307681629)
(9.940565972 0.01781084708 -0.001514323724)
(9.968105756 0.01020934532 -0.0009390240452)
(9.98357746 0.005588113533 -0.0005516925449)
(9.991882672 0.00292353155 -0.000307784103)
(9.996146585 0.001463309803 -0.0001633651956)
(9.998242196 0.0007013767963 -8.263717705e-05)
)
;

boundaryField
{
    left
    {
        type            dirichlet;
        value           uniform (4 0 0);
    }
    right
    {
        type            dirichlet;
        value           uniform (4 0 0);
    }
    sides
    {
        type            empty;
    }
}


// ************************************************************************* //
