/*--------------------------------*- C++ -*----------------------------------*\
| =========                 |                                                 |
| \\      /  F ield         | foam-extend: Open Source CFD                    |
|  \\    /   O peration     | Version:     4.1                                |
|   \\  /    A nd           | Web:         http://www.foam-extend.org         |
|    \\/     M anipulation  |                                                 |
\*---------------------------------------------------------------------------*/
FoamFile
{
    version     2.0;
    format      ascii;
    class       cellScalarField;
    location    "28.6";
    object      T;
}
// * * * * * * * * * * * * * * * * * * * * * * * * * * * * * * * * * * * * * //

dimensions      [0 0 0 0 1 0 0];

internalField   nonuniform 
100
(
(4 -5.703630593e-17 1.624202108e-17)
(4 -9.408992771e-17 3.341763707e-16)
(4 -1.237268951e-16 7.151700302e-17)
(4 -2.151322725e-16 1.826046498e-16)
(4 -1.935546665e-16 -9.950499643e-17)
(4 -3.809507973e-16 -1.605407072e-16)
(4 4.196253812e-16 -1.129172717e-17)
(4 -3.297412434e-16 2.557897259e-16)
(4 7.696505653e-16 1.865988609e-16)
(4 -1.188615059e-15 -2.767050524e-16)
(4 -1.414255792e-17 -5.037705047e-17)
(4 3.60486946e-16 1.314332683e-16)
(4 4.131667321e-16 -9.582728305e-17)
(4 7.060858198e-18 9.380065368e-17)
(4 -1.072299752e-16 1.800437557e-16)
(4 -7.998437804e-17 2.066869055e-16)
(4 -4.574412253e-17 2.988285868e-17)
(4 -2.207568352e-16 1.608685521e-17)
(4 -3.76571737e-17 3.992240936e-17)
(4 -1.035335566e-16 -1.250506907e-16)
(4 -1.469913752e-16 -2.340253586e-16)
(4 6.455234363e-16 2.754381171e-16)
(4 -7.80869319e-16 -3.722323646e-16)
(4 9.581089401e-16 -4.155563493e-17)
(4 -7.77886736e-16 -1.009589264e-16)
(4 8.860878083e-16 5.235832761e-17)
(4 -1.082024718e-15 -2.620291298e-17)
(4 1.012870247e-15 -1.656250764e-16)
(4 -1.011618555e-15 4.016576071e-16)
(4 5.220519482e-16 1.282642689e-18)
(4 1.057177079e-16 1.865969409e-16)
(4 6.677633879e-17 -7.368725355e-17)
(4 1.23907114e-15 1.462752579e-15)
(4 2.886162506e-14 1.691996168e-14)
(4 3.529197876e-13 1.823470361e-13)
(4 3.797493113e-12 1.895903681e-12)
(4 3.809231824e-11 1.827221631e-11)
(4 3.528402918e-10 1.617170764e-10)
(4.000000003 2.997794339e-09 1.305352378e-09)
(4.000000025 2.320932925e-08 9.538331912e-09)
(4.00000018 1.624766633e-07 6.247372044e-08)
(4.000001184 1.018406396e-06 3.624630898e-07)
(4.000006953 5.657525382e-06 1.842917441e-06)
(4.000036244 2.763448196e-05 8.152418769e-06)
(4.000166888 0.0001181688171 3.127446319e-05)
(4.000677801 0.000441964667 0.0001040266296)
(4.002431033 0.00144819214 0.0003005374083)
(4.007723867 0.004170993641 0.0007560677944)
(4.021832291 0.0106029128 0.001660530328)
(4.055176713 0.02389692565 0.003189993287)
(4.125356786 0.04797106017 0.005363406691)
(4.25746551 0.08615555915 0.007878502492)
(4.48082204 0.1390336066 0.01005192493)
(4.821351985 0.2024221111 0.01098355335)
(5.2913003 0.2669109452 0.009938633769)
(5.880468859 0.3199010679 0.006762051999)
(6.553742924 0.3496909328 0.002059887643)
(7.25728941 0.3497567648 -0.002998907438)
(7.931588107 0.3210535376 -0.00716492405)
(8.526033 0.2712470986 -0.009599668218)
(9.009369318 0.2115011954 -0.01011900454)
(9.372772109 0.1525975862 -0.009112823683)
(9.62605135 0.1021281342 -0.007256387932)
(9.790075885 0.0635529031 -0.005203672287)
(9.88899936 0.03685571179 -0.003399265475)
(9.94468156 0.01996191432 -0.002038848476)
(9.973995212 0.01011907088 -0.001129497165)
(9.988457521 0.00481061326 -0.0005806715639)
(9.995157401 0.002148975002 -0.0002781109896)
(9.998077365 0.0009037630077 -0.000124510053)
(9.999276759 0.0003584794386 -5.226032596e-05)
(9.999741905 0.0001343473471 -2.061928224e-05)
(9.999912513 4.765334556e-05 -7.665839366e-06)
(9.999971795 1.602426491e-05 -2.69153854e-06)
(9.999991341 5.116603402e-06 -8.943337372e-07)
(9.999997465 1.55374992e-06 -2.817761083e-07)
(9.999999291 4.493988814e-07 -8.433611606e-08)
(9.999999811 1.239851637e-07 -2.402067173e-08)
(9.999999952 3.267456591e-08 -6.521368521e-09)
(9.999999988 8.236607207e-09 -1.690288554e-09)
(9.999999997 1.98866814e-09 -4.188948397e-10)
(9.999999999 4.604768061e-10 -9.940244442e-11)
(10 1.023850165e-10 -2.261917495e-11)
(10 2.188491897e-11 -4.940795654e-12)
(10 4.500730259e-12 -1.03843147e-12)
(10 8.930436191e-13 -2.087847713e-13)
(10 1.720501216e-13 -4.075261251e-14)
(10 3.038380578e-14 -7.219516721e-15)
(10 1.000610528e-14 -1.543477591e-15)
(10 -1.214939432e-15 1.070678247e-15)
(10 3.975166901e-16 -2.20016996e-17)
(10 -9.255072643e-17 6.261056078e-16)
(10 3.460381827e-16 -1.929291837e-16)
(10 -3.162669724e-16 -2.639078607e-16)
(10 -2.598987593e-16 -3.017456629e-16)
(10 4.931459133e-17 -5.287846347e-16)
(10 -7.775491158e-17 -1.901087811e-16)
(10 1.066514502e-16 -3.097885823e-16)
(10 4.072244672e-17 -1.206711064e-16)
(10 -2.130014851e-15 3.632114038e-15)
)
;

boundaryField
{
    left
    {
        type            dirichlet;
        value           uniform (4 0 0);
    }
    right
    {
        type            dirichlet;
        value           uniform (4 0 0);
    }
    sides
    {
        type            empty;
    }
}


// ************************************************************************* //
