/*--------------------------------*- C++ -*----------------------------------*\
| =========                 |                                                 |
| \\      /  F ield         | foam-extend: Open Source CFD                    |
|  \\    /   O peration     | Version:     4.1                                |
|   \\  /    A nd           | Web:         http://www.foam-extend.org         |
|    \\/     M anipulation  |                                                 |
\*---------------------------------------------------------------------------*/
FoamFile
{
    version     2.0;
    format      ascii;
    class       cellScalarField;
    location    "45.6";
    object      T;
}
// * * * * * * * * * * * * * * * * * * * * * * * * * * * * * * * * * * * * * //

dimensions      [0 0 0 0 1 0 0];

internalField   nonuniform 
100
(
(4 -5.703630593e-17 1.624202108e-17)
(4 -6.368799215e-17 1.306508353e-17)
(4 4.59738733e-18 -5.425734527e-17)
(4 -1.526704304e-16 -1.608276517e-16)
(4 -1.051454037e-16 -7.018554787e-17)
(4 -2.544425716e-16 1.104603731e-16)
(4 4.496890959e-16 7.542115794e-17)
(4 -5.122541155e-16 1.574377564e-16)
(4 8.875265097e-16 -4.938564304e-17)
(4 -1.369921849e-15 7.73030086e-17)
(4 9.725799804e-17 -8.276549378e-17)
(4 4.501563484e-16 4.350204874e-17)
(4 2.825672037e-16 -6.937333279e-18)
(4 -5.125598394e-17 3.045186296e-17)
(4 1.518073737e-18 2.116015431e-16)
(4 -7.844720213e-17 5.338062773e-17)
(4 -7.230709015e-17 2.439699032e-16)
(4 -2.69285943e-17 9.423213881e-17)
(4 9.543832684e-17 -1.005852016e-16)
(4 -2.686796584e-16 -4.06498767e-16)
(4 5.659202585e-16 -3.469613132e-16)
(4 1.63958006e-18 -9.259929803e-17)
(4 -5.753701693e-17 3.029178352e-17)
(4 -1.999470304e-18 -7.039615849e-17)
(4 -2.767231716e-16 2.137031548e-16)
(4 2.557870719e-16 3.033527786e-17)
(4 6.559855561e-17 -6.729572028e-17)
(4 -1.249158497e-17 1.066405474e-16)
(4 -6.661572132e-16 -4.336083789e-18)
(4 4.548459544e-16 -2.35199293e-17)
(4 -4.956906828e-17 1.216429435e-16)
(4 -1.698781612e-16 -2.769608981e-17)
(4 2.666416384e-17 -4.161072116e-17)
(4 -6.427010309e-16 1.266573531e-16)
(4 4.983930445e-16 -1.093192537e-16)
(4 -3.198886494e-16 8.378283571e-17)
(4 8.857957164e-16 -2.69355147e-17)
(4 -6.884060306e-16 3.811185403e-17)
(4 4.028804409e-16 -2.25372224e-16)
(4 1.332217749e-16 -8.82219713e-17)
(4 -3.044253711e-18 1.569198664e-16)
(4 -1.754739815e-16 -3.897042208e-17)
(4 1.273383307e-17 -1.569724597e-16)
(4 -1.208108313e-16 -1.527036121e-16)
(4 -3.105643433e-16 2.12380166e-16)
(4 6.27205854e-16 -2.854904887e-17)
(4 -7.285184066e-16 -7.278949249e-17)
(4 8.044246136e-16 -7.713592635e-17)
(4 -8.205865049e-16 -2.558103908e-16)
(4 4.923537394e-16 -1.155772916e-16)
(4 7.419915502e-17 2.702611721e-16)
(4 1.051721838e-16 -1.972488094e-17)
(4 -9.619787489e-18 9.723689759e-17)
(4 -2.470627422e-16 -1.266660131e-16)
(4 1.228648823e-16 1.470120242e-16)
(4 -3.622508807e-17 -5.256694441e-17)
(4 2.833701763e-17 2.309332619e-17)
(4 -2.508468684e-16 -1.870078413e-17)
(4 1.660089232e-16 -2.552956226e-17)
(4 9.100903646e-16 8.496827234e-16)
(4 4.006938385e-15 2.43490198e-15)
(4 4.300055839e-14 1.986036847e-14)
(4 3.519082365e-13 1.460757498e-13)
(4 2.550284483e-12 1.017449935e-12)
(4 1.731078431e-11 6.626279994e-12)
(4 1.098397865e-10 4.017311443e-11)
(4.000000001 6.491529777e-10 2.259950706e-10)
(4.000000004 3.562349968e-09 1.175807135e-09)
(4.000000023 1.810183526e-08 5.641948679e-09)
(4.000000114 8.498369473e-08 2.491350323e-08)
(4.000000519 3.680352924e-07 1.010925811e-07)
(4.000002176 1.468921998e-06 3.766617708e-07)
(4.000008441 5.402088933e-06 1.288445177e-06)
(4.000030288 1.831142411e-05 4.047706433e-06)
(4.000100596 5.725602387e-05 1.168642567e-05)
(4.000309637 0.0001653293099 3.103734405e-05)
(4.000884529 0.0004414747235 7.590466751e-05)
(4.002349068 0.001091837708 0.0001711163147)
(4.005810441 0.002505063493 0.0003559415551)
(4.013412562 0.00534099255 0.0006837290017)
(4.0289535 0.01060006492 0.001213517699)
(4.05857413 0.01961619206 0.001990372308)
(4.111296657 0.03390508847 0.003015581836)
(4.199073417 0.05482347428 0.004215136463)
(4.335979658 0.08306294226 0.005421746712)
(4.53632837 0.1181008847 0.006386880933)
(4.811819611 0.1578148144 0.006830966601)
(5.168274032 0.1984780581 0.006523216257)
(5.602855381 0.2352592628 0.005364988874)
(6.102756704 0.2631652692 0.003442577511)
(6.64600571 0.2781734989 0.001023542038)
(7.20441331 0.2781932458 -0.001507028896)
(7.74798843 0.2635366223 -0.003748443363)
(8.249665986 0.2367562665 -0.005387056538)
(8.68913818 0.2019362527 -0.006264072171)
(9.05494287 0.1637005745 -0.006390048289)
(9.34456611 0.1262599305 -0.005910173947)
(9.562902152 0.09274767885 -0.005041233669)
(9.719777329 0.06495201888 -0.004006165709)
(9.827309079 0.04340624961 -0.002986019623)
)
;

boundaryField
{
    left
    {
        type            dirichlet;
        value           uniform (4 0 0);
    }
    right
    {
        type            dirichlet;
        value           uniform (4 0 0);
    }
    sides
    {
        type            empty;
    }
}


// ************************************************************************* //
