/*--------------------------------*- C++ -*----------------------------------*\
| =========                 |                                                 |
| \\      /  F ield         | foam-extend: Open Source CFD                    |
|  \\    /   O peration     | Version:     4.1                                |
|   \\  /    A nd           | Web:         http://www.foam-extend.org         |
|    \\/     M anipulation  |                                                 |
\*---------------------------------------------------------------------------*/
FoamFile
{
    version     2.0;
    format      ascii;
    class       cellScalarField;
    location    "40.7";
    object      T;
}
// * * * * * * * * * * * * * * * * * * * * * * * * * * * * * * * * * * * * * //

dimensions      [0 0 0 0 1 0 0];

internalField   nonuniform 
100
(
(4 -5.703630593e-17 1.624202108e-17)
(4 -1.787239385e-16 -1.776434457e-17)
(4 -6.268061685e-17 -7.752736725e-17)
(4 -8.076159623e-17 7.700341536e-17)
(4 -3.007808725e-16 3.295079378e-16)
(4 -3.121679292e-16 1.373342731e-16)
(4 1.74094568e-16 4.455542541e-17)
(4 -1.801846557e-16 -3.688972185e-17)
(4 9.331930977e-16 5.435556791e-17)
(4 -1.340859488e-15 -5.412687514e-17)
(4 4.281566876e-16 1.007966698e-16)
(4 -5.691507797e-16 -1.15468064e-17)
(4 1.075088552e-15 1.189740765e-16)
(4 -4.642715082e-16 1.557554007e-16)
(4 3.250118476e-16 1.617189358e-16)
(4 -4.351599571e-16 -2.406983861e-16)
(4 7.963527228e-16 -1.957829904e-16)
(4 -4.911514554e-16 4.719544205e-16)
(4 -1.961941612e-16 -7.107643542e-18)
(4 -6.064217683e-17 4.138144449e-17)
(4 -2.521981232e-16 -3.319786707e-17)
(4 1.015896817e-16 -1.412167701e-16)
(4 -2.060463644e-16 -5.510720135e-17)
(4 3.611857062e-17 -2.120602311e-16)
(4 -7.531382609e-17 1.332696789e-17)
(4 1.850491271e-16 8.980176348e-17)
(4 4.224200914e-17 1.754500934e-16)
(4 -6.715566611e-17 2.880187899e-16)
(4 -4.817735927e-16 -1.131204064e-16)
(4 2.759544737e-16 -2.306398336e-16)
(4 3.964593291e-16 1.35155652e-16)
(4 -2.677230049e-16 1.035383089e-16)
(4 2.954922814e-17 2.415651461e-17)
(4 -4.560864266e-16 -9.662686555e-17)
(4 6.840478549e-16 2.895130362e-16)
(4 -6.739022877e-16 -3.247294386e-16)
(4 1.411944991e-15 8.800881138e-17)
(4 -1.543754117e-15 1.358299805e-16)
(4 1.075938842e-15 -7.695562395e-17)
(4 -7.856846365e-16 -8.314328844e-17)
(4 8.939120587e-16 1.044728309e-16)
(4 -8.88664571e-16 3.830501402e-17)
(4 7.072494259e-16 3.140044663e-18)
(4 -8.557271057e-16 5.38900316e-16)
(4 -4.334951541e-16 -2.55870223e-16)
(4 8.81975875e-16 1.538151042e-16)
(4 -8.025236568e-16 2.816642517e-16)
(4 8.493140171e-16 1.266298055e-16)
(4 -8.253459817e-16 1.24907778e-17)
(4 2.732980459e-16 4.586536083e-17)
(4 -1.833662336e-16 -8.653200695e-17)
(4 9.397441294e-16 4.85349011e-16)
(4 6.13343966e-15 2.201597546e-15)
(4 5.937509539e-14 2.755586818e-14)
(4 5.085560594e-13 2.237705634e-13)
(4 4.032092563e-12 1.695821126e-12)
(4 2.977319377e-11 1.199859955e-11)
(4 2.04629107e-10 7.870808615e-11)
(4.000000002 1.303532393e-09 4.763710282e-10)
(4.000000009 7.664195909e-09 2.648033257e-09)
(4.000000052 4.142481608e-08 1.346267922e-08)
(4.000000268 2.051237971e-07 6.238702818e-08)
(4.000001274 9.281742146e-07 2.628958235e-07)
(4.000005551 3.832131856e-06 1.006083226e-06)
(4.000022159 1.44284396e-05 3.495327622e-06)
(4.000081041 4.955733577e-05 1.102829189e-05)
(4.000271795 0.0001554315801 3.162858942e-05)
(4.000837191 0.0004458183929 8.255032716e-05)
(4.002372965 0.001171524388 0.000196333182)
(4.006203062 0.002826143831 0.0004260463082)
(4.014990772 0.006272034572 0.0008444632421)
(4.033578569 0.01283314296 0.001530003213)
(4.069901071 0.02426076871 0.002534494952)
(4.135609215 0.04246622873 0.003836500977)
(4.245874586 0.06896789634 0.005297274112)
(4.417859873 0.104131471 0.006646754614)
(4.667665845 0.1464485276 0.007524081244)
(5.006175296 0.1922029717 0.007575913882)
(5.434883677 0.2358193801 0.006583829935)
(5.943175673 0.2709470839 0.004567644421)
(6.508285453 0.2920026187 0.001812898806)
(7.098352457 0.2956445845 -0.001198208979)
(7.677879253 0.2816380138 -0.003928105737)
(8.214021123 0.2528036246 -0.0059395183)
(8.681893485 0.2141190992 -0.007004409548)
(9.067551706 0.1713544786 -0.007131484902)
(9.36820879 0.1297391977 -0.006516401638)
(9.590172211 0.0930532756 -0.005448529476)
(9.745540572 0.06330067705 -0.004216403948)
(9.848776004 0.04088993821 -0.003042549236)
(9.913965646 0.02511052767 -0.002058098549)
(9.953130485 0.01467614628 -0.001310282842)
(9.975541059 0.008172540047 -0.0007876102785)
(9.987767688 0.004340604494 -0.0004481670547)
(9.994134235 0.002201094943 -0.0002419442942)
(9.997301466 0.001066740049 -0.0001241591107)
(9.998808275 0.000494577895 -6.067048077e-05)
(9.99949448 0.0002195744209 -2.827405353e-05)
(9.999793892 9.343390437e-05 -1.258432686e-05)
(9.999919179 3.814153962e-05 -5.356447781e-06)
)
;

boundaryField
{
    left
    {
        type            dirichlet;
        value           uniform (4 0 0);
    }
    right
    {
        type            dirichlet;
        value           uniform (4 0 0);
    }
    sides
    {
        type            empty;
    }
}


// ************************************************************************* //
