/*--------------------------------*- C++ -*----------------------------------*\
| =========                 |                                                 |
| \\      /  F ield         | foam-extend: Open Source CFD                    |
|  \\    /   O peration     | Version:     4.1                                |
|   \\  /    A nd           | Web:         http://www.foam-extend.org         |
|    \\/     M anipulation  |                                                 |
\*---------------------------------------------------------------------------*/
FoamFile
{
    version     2.0;
    format      ascii;
    class       cellScalarField;
    location    "39.8";
    object      T;
}
// * * * * * * * * * * * * * * * * * * * * * * * * * * * * * * * * * * * * * //

dimensions      [0 0 0 0 1 0 0];

internalField   nonuniform 
100
(
(4 -5.703630593e-17 1.624202108e-17)
(4 -2.109071767e-17 3.90982072e-17)
(4 -2.671051669e-17 1.32090565e-17)
(4 -4.717653136e-17 -3.019630978e-17)
(4 -1.283053478e-16 -1.933586606e-16)
(4 -5.298094059e-16 -1.778037678e-16)
(4 5.087213481e-16 -3.65935561e-17)
(4 -4.146983978e-16 -5.698064456e-17)
(4 8.974867874e-16 1.178539842e-16)
(4 -1.122445802e-15 7.962967507e-17)
(4 1.605919815e-16 5.382956931e-17)
(4 -2.17636107e-16 1.508028538e-16)
(4 9.762274186e-16 -1.188753352e-16)
(4 -2.509685669e-16 3.928268933e-16)
(4 -1.20208602e-16 3.277931959e-16)
(4 -2.966855365e-17 2.411647548e-16)
(4 1.5413356e-16 -1.631529494e-16)
(4 -1.296013618e-17 -3.999593193e-17)
(4 -1.471225893e-16 -1.724280513e-16)
(4 1.024138272e-16 -1.239956647e-16)
(4 5.787373558e-17 3.69350033e-17)
(4 1.100182058e-16 -7.248133364e-17)
(4 3.781980487e-17 -1.149277088e-16)
(4 -2.194770463e-18 8.012395835e-17)
(4 -1.351834549e-17 1.097947984e-16)
(4 -8.783401421e-17 2.729895677e-16)
(4 -7.253079256e-17 7.395073577e-17)
(4 2.113366385e-17 -1.905570762e-16)
(4 -2.438575936e-16 1.923862184e-16)
(4 3.228019705e-16 -1.286338892e-16)
(4 7.603998201e-16 1.181241211e-16)
(4 -9.48589664e-16 -1.507198903e-16)
(4 1.122477903e-15 -3.189264829e-17)
(4 -1.231059514e-15 -2.31799798e-16)
(4 1.292656029e-15 -1.481940272e-16)
(4 -9.359994277e-16 -4.54307615e-17)
(4 1.142276907e-15 4.809551414e-17)
(4 -1.335028432e-15 2.000587803e-16)
(4 9.789631599e-16 1.244451578e-16)
(4 -2.364774972e-16 -2.278749693e-16)
(4 4.100403758e-16 -1.266344667e-16)
(4 -1.35193574e-16 -7.535392242e-17)
(4 -6.001794237e-17 2.337389019e-16)
(4 -9.36685594e-17 -1.343133085e-17)
(4 -3.055284979e-16 -8.574501671e-17)
(4 8.649993186e-16 3.267877595e-17)
(4 -8.943860835e-16 1.618974386e-17)
(4 8.351649424e-16 1.861562764e-16)
(4 -1.100542562e-15 2.596475235e-16)
(4 3.937860043e-16 6.143777384e-17)
(4 1.469274735e-15 7.075476373e-16)
(4 1.797772646e-14 9.324315448e-15)
(4 1.712496066e-13 7.8049252e-14)
(4 1.445423414e-12 6.281986704e-13)
(4 1.126624819e-11 4.693493724e-12)
(4 8.182143784e-11 3.260839858e-11)
(4.000000001 5.516563748e-10 2.093573249e-10)
(4.000000004 3.437155598e-09 1.236066168e-09)
(4.000000024 1.970317225e-08 6.679084923e-09)
(4.000000131 1.034930515e-07 3.289242844e-08)
(4.000000659 4.964621867e-07 1.471585815e-07)
(4.000003037 2.170061988e-06 5.968914264e-07)
(4.000012793 8.633009725e-06 2.192895525e-06)
(4.000049258 3.125302525e-05 7.29706564e-06)
(4.000173473 0.0001030291341 2.200782339e-05)
(4.000559527 0.0003096969266 6.022619067e-05)
(4.001655882 0.0008503197718 0.000149744243)
(4.0045062 0.002136862078 0.0003387377781)
(4.011303965 0.004925704888 0.0006980106804)
(4.026208073 0.01043849204 0.001311460757)
(4.056314896 0.02038305867 0.002247742115)
(4.112470188 0.03675662022 0.003513365457)
(4.209390317 0.06134590575 0.005001369085)
(4.364500495 0.09495959622 0.006463487824)
(4.595146238 0.1366097762 0.007535845201)
(4.914427414 0.1830064129 0.007830121779)
(5.326653259 0.2287230926 0.007068000064)
(5.823943887 0.2671756962 0.005204983395)
(6.38543961 0.2921992123 0.002482876444)
(6.979816564 0.2996938043 -0.0006221919637)
(7.570625261 0.2887260397 -0.00354023485)
(8.122912281 0.2616794561 -0.005778026064)
(8.609156788 0.2234445626 -0.007050264887)
(9.01292514 0.1800131127 -0.007325793186)
(9.329584093 0.1370151823 -0.006785943683)
(9.564443182 0.09865958124 -0.005728292593)
(9.729386428 0.0672934636 -0.004462420153)
(9.839213973 0.04353203858 -0.003234215312)
(9.908629927 0.02674057308 -0.002193264724)
(9.950325027 0.01561585298 -0.001397609239)
(9.974152641 0.008679352023 -0.0008396710593)
(9.987122179 0.00459637233 -0.0004769308781)
(9.993853229 0.002321754535 -0.000256705978)
(9.997187565 0.001119812619 -0.0001311988594)
(9.998765708 0.0005162327797 -6.378493706e-05)
(9.999480083 0.0002276927372 -2.954641071e-05)
(9.99978966 9.617846785e-05 -1.305974104e-05)
(9.999918214 3.894423855e-05 -5.515744573e-06)
(9.999969415 1.513028721e-05 -2.228796222e-06)
(9.999988992 5.645238152e-06 -8.626943075e-07)
)
;

boundaryField
{
    left
    {
        type            dirichlet;
        value           uniform (4 0 0);
    }
    right
    {
        type            dirichlet;
        value           uniform (4 0 0);
    }
    sides
    {
        type            empty;
    }
}


// ************************************************************************* //
