/*--------------------------------*- C++ -*----------------------------------*\
| =========                 |                                                 |
| \\      /  F ield         | foam-extend: Open Source CFD                    |
|  \\    /   O peration     | Version:     4.1                                |
|   \\  /    A nd           | Web:         http://www.foam-extend.org         |
|    \\/     M anipulation  |                                                 |
\*---------------------------------------------------------------------------*/
FoamFile
{
    version     2.0;
    format      ascii;
    class       cellScalarField;
    location    "43.6";
    object      T;
}
// * * * * * * * * * * * * * * * * * * * * * * * * * * * * * * * * * * * * * //

dimensions      [0 0 0 0 1 0 0];

internalField   nonuniform 
100
(
(4 -5.703630593e-17 1.624202108e-17)
(4 -1.703402774e-16 2.878682503e-16)
(4 -2.520237149e-17 1.630049554e-16)
(4 -2.011997393e-16 3.679065086e-16)
(4 -1.005281993e-16 -3.230985818e-17)
(4 -3.985895742e-16 1.775124757e-17)
(4 3.362218429e-16 -7.206449514e-17)
(4 -4.035006174e-16 2.188027946e-18)
(4 6.743152317e-16 6.522209814e-17)
(4 -1.226869315e-15 -1.575498236e-16)
(4 2.895130679e-16 -1.829689459e-16)
(4 1.427606989e-16 -5.203315363e-17)
(4 9.42538362e-16 -1.2085081e-16)
(4 -1.430136294e-16 -1.439321973e-16)
(4 1.427685273e-16 -2.211482605e-16)
(4 6.813853671e-17 1.424430829e-16)
(4 -2.170244379e-16 -6.868768867e-17)
(4 5.139236981e-17 -7.037006517e-17)
(4 -1.475327e-17 1.925186853e-16)
(4 1.182682583e-16 -9.13924851e-17)
(4 -4.600101301e-17 8.160601973e-17)
(4 -6.014551598e-17 -7.172166189e-17)
(4 -7.397758324e-17 -7.708475429e-17)
(4 -2.554567061e-17 3.110968616e-17)
(4 -6.075177874e-17 -4.971588529e-17)
(4 1.118810273e-16 -1.005231765e-17)
(4 -9.231015861e-17 1.330329568e-16)
(4 -1.506004614e-16 -4.510567589e-18)
(4 -3.069158466e-16 2.270235846e-16)
(4 -3.694323592e-17 -1.923509604e-16)
(4 7.179236112e-16 -1.68522091e-16)
(4 -6.261829259e-16 2.150805567e-16)
(4 -4.262873906e-17 -1.240085449e-16)
(4 -4.969271714e-16 -9.149414262e-17)
(4 4.543866523e-16 3.416010072e-17)
(4 -3.573957883e-16 2.294848989e-16)
(4 7.694539277e-16 -3.172035858e-17)
(4 -7.822332129e-16 2.014676144e-16)
(4 4.564009087e-16 -1.620815235e-16)
(4 1.901343046e-16 -1.565524033e-16)
(4 1.684256994e-16 -5.507114239e-17)
(4 -8.641093941e-17 -1.163965906e-16)
(4 3.246720783e-17 -1.122970558e-16)
(4 -1.328691277e-16 1.491762413e-16)
(4 -3.941671223e-16 2.444911897e-16)
(4 5.743790594e-16 1.389072611e-16)
(4 -5.677203834e-16 -2.939485255e-17)
(4 4.884166161e-16 6.43508109e-18)
(4 -9.384033973e-16 4.727597107e-17)
(4 6.968934811e-16 -6.66100307e-17)
(4 -6.339558583e-17 6.961012125e-17)
(4 -2.039989605e-16 2.106681452e-16)
(4 3.217853208e-16 2.024835173e-16)
(4 -8.798667629e-16 -5.219478738e-17)
(4 1.013486441e-15 -1.242069425e-16)
(4 -7.346021475e-16 1.891999862e-16)
(4 1.23324995e-15 7.647774035e-16)
(4 9.519475244e-15 4.769795211e-15)
(4 8.908699708e-14 4.017324872e-14)
(4 7.118284032e-13 2.99160402e-13)
(4 5.253358244e-12 2.116895472e-12)
(4 3.618735366e-11 1.396658715e-11)
(4 2.323433224e-10 8.555353623e-11)
(4.000000002 1.385423485e-09 4.846464778e-10)
(4.000000009 7.645365388e-09 2.529730799e-09)
(4.00000005 3.892533149e-08 1.212903313e-08)
(4.000000246 1.823953147e-07 5.329004391e-08)
(4.00000111 7.85245242e-07 2.142215361e-07)
(4.000004623 3.103277705e-06 7.873281389e-07)
(4.000017742 1.125634708e-05 2.64545815e-06)
(4.00006276 3.74927555e-05 8.130284444e-06)
(4.000204829 0.0001147879014 2.287375096e-05)
(4.000617642 0.0003234644847 5.897360466e-05)
(4.001723702 0.0008402903011 0.0001394973514)
(4.004460765 0.002015871889 0.0003030739911)
(4.010727328 0.0044742858 0.0006053856576)
(4.024025598 0.009204999565 0.001112586023)
(4.050229793 0.0175863252 0.001881927195)
(4.098262828 0.03125928105 0.002929153644)
(4.180311681 0.05178678514 0.004190679489)
(4.311145222 0.08010440959 0.005497784176)
(4.506223277 0.1158852871 0.006583516517)
(4.778647231 0.1570528634 0.007134841515)
(5.135517275 0.199707588 0.006882927653)
(5.574713725 0.2386352017 0.005701986327)
(6.083252023 0.2683497525 0.003675207694)
(6.638023177 0.2843849672 0.001094738679)
(7.208997752 0.2844071267 -0.001610461998)
(7.76413313 0.2687641082 -0.003993169203)
(8.27464659 0.2402966501 -0.005707361002)
(8.719247243 0.2035166073 -0.006585501442)
(9.086359345 0.1634708195 -0.00665208844)
(9.374091126 0.1246708846 -0.006079795356)
(9.588388597 0.09037640628 -0.005114592507)
(9.740216487 0.06234142555 -0.004001062424)
(9.842650253 0.04096216595 -0.002930437898)
(9.908526814 0.02566337676 -0.002019258257)
(9.948951078 0.01534608519 -0.001313868669)
(9.972642589 0.008767004957 -0.0008096213792)
(9.985916172 0.004789398696 -0.000473617656)
)
;

boundaryField
{
    left
    {
        type            dirichlet;
        value           uniform (4 0 0);
    }
    right
    {
        type            dirichlet;
        value           uniform (4 0 0);
    }
    sides
    {
        type            empty;
    }
}


// ************************************************************************* //
