/*--------------------------------*- C++ -*----------------------------------*\
| =========                 |                                                 |
| \\      /  F ield         | foam-extend: Open Source CFD                    |
|  \\    /   O peration     | Version:     4.1                                |
|   \\  /    A nd           | Web:         http://www.foam-extend.org         |
|    \\/     M anipulation  |                                                 |
\*---------------------------------------------------------------------------*/
FoamFile
{
    version     2.0;
    format      ascii;
    class       cellScalarField;
    location    "22.5";
    object      T;
}
// * * * * * * * * * * * * * * * * * * * * * * * * * * * * * * * * * * * * * //

dimensions      [0 0 0 0 1 0 0];

internalField   nonuniform 
100
(
(4 -5.703630593e-17 1.624202108e-17)
(4 4.040069639e-18 1.14455492e-16)
(4 -3.743314935e-17 2.972842468e-16)
(4 -1.606755558e-17 2.053900074e-16)
(4 -2.052162753e-16 1.352113583e-16)
(4 -3.412959801e-16 -9.019344024e-17)
(4 2.59502558e-16 -6.139427287e-17)
(4 -4.425264731e-16 -9.238341521e-17)
(4 9.873438345e-16 2.141826342e-17)
(4 -1.317762729e-15 -2.43289311e-17)
(4 3.804425484e-16 -2.96624543e-17)
(4 5.665433058e-16 -1.439452975e-16)
(4 -9.49302088e-17 1.042889125e-16)
(4 -3.80144787e-16 -1.958556606e-17)
(4 9.0564939e-16 1.639090131e-16)
(4 -1.143357187e-15 1.559893425e-17)
(4 1.071877704e-15 -9.879598266e-17)
(4 -6.634756101e-16 -2.173196613e-17)
(4 1.958283035e-16 -1.604209833e-16)
(4 -1.214574878e-16 -3.262913728e-17)
(4 5.637497479e-17 -1.074236089e-16)
(4 9.329848062e-16 4.436251824e-16)
(4 1.868116867e-15 -2.066303376e-16)
(4 1.072790668e-14 7.034241758e-15)
(4 1.702514936e-13 9.90675012e-14)
(4 2.335337768e-12 1.30202333e-12)
(4 2.921223254e-11 1.56199523e-11)
(4 3.348708302e-10 1.718554524e-10)
(4.000000003 3.511624327e-09 1.714709346e-09)
(4.000000033 3.325755831e-08 1.532645768e-08)
(4.000000291 2.823497635e-07 1.220195803e-07)
(4.000002292 2.130408752e-06 8.521111994e-07)
(4.000015944 1.40290512e-05 5.093186259e-06)
(4.000096296 7.899989831e-05 2.552809692e-05)
(4.000498309 0.0003754148479 0.000106222794)
(4.002196808 0.001499326991 0.0003663868036)
(4.008258738 0.005044658861 0.001050800029)
(4.026616727 0.01438448721 0.002517094825)
(4.074098341 0.03501831777 0.005054682134)
(4.179739031 0.07334815331 0.008519669439)
(4.383379785 0.1331794524 0.01200810553)
(4.725842087 0.2111097217 0.01396150745)
(5.231519367 0.2940691661 0.01289267351)
(5.891065054 0.3621512704 0.008365587231)
(6.655137082 0.396513144 0.00148395712)
(7.445405779 0.3879719408 -0.005574786419)
(8.178642863 0.3408853483 -0.01068831078)
(8.791677394 0.2701679338 -0.01278345228)
(9.255464351 0.1939583464 -0.01209214666)
(9.574223502 0.1266364529 -0.009689410394)
(9.773999195 0.07547763069 -0.006784890139)
(9.888577466 0.04121340389 -0.004226056336)
(9.948918471 0.02068698974 -0.002368880096)
(9.978192265 0.009576484096 -0.001205193996)
(9.991315701 0.004101243134 -0.0005602274228)
(9.996768373 0.001629746848 -0.0002392459705)
(9.998874113 0.0006026459844 -9.430483622e-05)
(9.999632037 0.0002079384989 -3.445273983e-05)
(9.999886966 6.712500942e-05 -1.170906963e-05)
(9.999967298 2.032414385e-05 -3.714459559e-06)
(9.999991072 5.785984997e-06 -1.103301628e-06)
(9.999997696 1.552375418e-06 -3.077324528e-07)
(9.999999437 3.934121705e-07 -8.081761659e-08)
(9.999999869 9.437754811e-08 -2.003523145e-08)
(9.999999971 2.147633101e-08 -4.699771268e-09)
(9.999999994 4.64500201e-09 -1.045523938e-09)
(9.999999999 9.566976603e-10 -2.210536902e-10)
(10 1.879830413e-10 -4.450821818e-11)
(10 3.529608988e-11 -8.549957682e-12)
(10 6.344857355e-12 -1.57007487e-12)
(10 1.092810614e-12 -2.766546835e-13)
(10 1.78494354e-13 -4.624630725e-14)
(10 2.971092606e-14 -7.061331106e-15)
(10 5.126642572e-15 -2.867738185e-15)
(10 5.183933262e-16 -7.910418584e-16)
(10 1.910458889e-16 1.642514386e-19)
(10 3.639151636e-16 4.50992713e-17)
(10 -3.617610898e-16 5.912414792e-16)
(10 1.667067288e-16 -6.6965824e-16)
(10 9.651227898e-17 1.187565978e-16)
(10 -1.868872381e-16 3.729977794e-16)
(10 -1.716334484e-17 -3.408480984e-16)
(10 -2.43354204e-16 -2.181385712e-16)
(10 3.274444376e-16 -1.521724955e-16)
(10 -1.459656472e-16 6.305285821e-16)
(10 -5.190512127e-16 -3.85779689e-18)
(10 -1.132303702e-16 4.695081745e-16)
(10 -5.717436156e-17 6.834300819e-17)
(10 1.880280661e-16 -6.713339274e-17)
(10 4.39814597e-16 -3.062132154e-16)
(10 -1.65694637e-16 -1.897790971e-17)
(10 -9.188772278e-18 5.464426613e-17)
(10 -3.807940423e-16 -2.575531945e-16)
(10 4.131896532e-16 -3.076697925e-16)
(10 2.515810223e-16 3.49030397e-16)
(10 9.244449415e-17 6.174230136e-16)
(10 -2.358829791e-17 5.431804938e-16)
(10 -1.758023781e-17 2.561564816e-17)
(10 2.222661973e-16 -2.50377888e-16)
(10 -1.239097001e-15 3.071056358e-15)
)
;

boundaryField
{
    left
    {
        type            dirichlet;
        value           uniform (4 0 0);
    }
    right
    {
        type            dirichlet;
        value           uniform (4 0 0);
    }
    sides
    {
        type            empty;
    }
}


// ************************************************************************* //
