/*--------------------------------*- C++ -*----------------------------------*\
| =========                 |                                                 |
| \\      /  F ield         | foam-extend: Open Source CFD                    |
|  \\    /   O peration     | Version:     4.1                                |
|   \\  /    A nd           | Web:         http://www.foam-extend.org         |
|    \\/     M anipulation  |                                                 |
\*---------------------------------------------------------------------------*/
FoamFile
{
    version     2.0;
    format      ascii;
    class       cellScalarField;
    location    "2.9";
    object      T;
}
// * * * * * * * * * * * * * * * * * * * * * * * * * * * * * * * * * * * * * //

dimensions      [0 0 0 0 1 0 0];

internalField   nonuniform 
100
(
(3.999998348 -2.778949395e-06 4.588910472e-06)
(4.000172025 0.0002487854733 8.56154491e-06)
(4.000757423 -2.194691003e-06 0.002293195849)
(4.06169821 0.09363997668 0.05267291349)
(4.70102751 0.6091365715 0.1125313714)
(6.480950659 1.091979364 0.003019346454)
(8.475105204 0.811338463 -0.09095036949)
(9.574254581 0.309469988 -0.05865670584)
(9.918847238 0.07133322101 -0.01728958374)
(9.988585489 0.01134027601 -0.003165818555)
(9.998730964 0.001371174098 -0.000419329541)
(9.999882484 0.0001349333617 -4.39826621e-05)
(9.999990582 1.132393876e-05 -3.869920266e-06)
(9.999999328 8.375856638e-07 -2.969261008e-07)
(9.999999956 5.592102052e-08 -2.041470982e-08)
(9.999999997 3.430395815e-09 -1.282913136e-09)
(10 1.959805874e-10 -7.479527577e-11)
(10 1.053990228e-11 -4.092212688e-12)
(10 5.392767159e-13 -2.124322748e-13)
(10 2.454913882e-14 -1.065482393e-14)
(10 4.530231738e-16 2.650037919e-16)
(10 -1.966116031e-16 6.638167253e-16)
(10 -2.547247268e-16 -3.352907907e-16)
(10 2.082632375e-16 1.116596818e-15)
(10 -2.491884518e-15 8.560271305e-16)
(10 1.906949375e-15 -1.492040117e-16)
(10 -5.615116844e-16 3.2851054e-16)
(10 -1.339771627e-16 -3.844999516e-16)
(10 4.25381383e-17 4.546062118e-16)
(10 -1.080410692e-16 -2.684488046e-18)
(10 4.231727157e-16 5.910957502e-16)
(10 -2.706745391e-16 1.292975694e-16)
(10 2.353702258e-16 1.995407401e-16)
(10 -2.66648996e-16 -2.688071819e-17)
(10 1.364853921e-16 1.749757892e-17)
(10 -2.188385902e-16 5.564619917e-16)
(10 -1.000862169e-15 5.078880463e-16)
(10 1.354184939e-16 -7.673887637e-17)
(10 4.236895964e-18 -2.400961834e-18)
(10 1.325615644e-19 -7.511991314e-20)
(10 4.147509994e-21 -2.350308642e-21)
(10 1.297649075e-22 -7.353510517e-23)
(10 4.060009799e-24 -2.300724081e-24)
(10 1.270272517e-25 -7.198373192e-26)
(10 3.974355599e-27 -2.252185607e-27)
(10 1.243473524e-28 -7.046508805e-29)
(10 3.890508449e-30 -2.204671151e-30)
(10 1.217239909e-31 -6.897848307e-32)
(10 3.808430225e-33 -2.158159109e-33)
(10 1.191559747e-34 -6.752324105e-35)
(10 3.728083609e-36 -2.112628333e-36)
(10 1.166421359e-37 -6.609870032e-38)
(10 3.649432068e-39 -2.068058122e-39)
(10 1.141813317e-40 -6.470421316e-41)
(10 3.572439839e-42 -2.024428208e-42)
(10 1.11772443e-43 -6.333914545e-44)
(10 3.49707191e-45 -1.981718752e-45)
(10 1.094143744e-46 -6.200287643e-47)
(10 3.423294004e-48 -1.939910329e-48)
(10 1.071060532e-49 -6.069479819e-50)
(10 3.35107255e-51 -1.898983913e-51)
(10 1.048464285e-52 -5.941431519e-53)
(10 3.280374643e-54 -1.858920856e-54)
(10 1.026344697e-55 -5.816084329e-56)
(10 3.211167986e-57 -1.819702851e-57)
(10 1.00469164e-58 -5.69338084e-59)
(10 3.143420801e-60 -1.781311884e-60)
(10 9.834951359e-62 -5.573264479e-62)
(10 3.077101731e-63 -1.743730175e-63)
(10 9.627453267e-65 -5.455679356e-65)
(10 3.01217979e-66 -1.706940162e-66)
(10 9.424324848e-68 -5.340570345e-68)
(10 2.948624522e-69 -1.670924591e-69)
(10 9.225471224e-71 -5.227883761e-71)
(10 2.886406632e-72 -1.635666915e-72)
(10 9.030803238e-74 -5.117569355e-74)
(10 2.825499599e-75 -1.601152241e-75)
(10 8.840244865e-77 -5.009584705e-77)
(10 2.765882967e-78 -1.56736928e-78)
(10 8.653747397e-80 -4.903903542e-80)
(10 2.707548285e-81 -1.534313818e-81)
(10 8.471313713e-83 -4.800529924e-83)
(10 2.650508822e-84 -1.501994374e-84)
(10 8.293036416e-86 -4.699520367e-86)
(10 2.594814255e-87 -1.470440705e-87)
(10 8.119153383e-89 -4.601015971e-89)
(10 2.540571329e-90 -1.439715733e-90)
(10 7.950123395e-92 -4.50528595e-92)
(10 2.487971088e-93 -1.409931181e-93)
(10 7.786722558e-95 -4.412782936e-95)
(10 2.437322473e-96 -1.38126681e-96)
(10 7.630159454e-98 -4.324208748e-98)
(10 2.3890911e-99 -1.353992521e-99)
(10 7.482203335e-101 -4.240587305e-101)
(10 2.3439408e-102 -1.328491922e-102)
(10 7.345315772e-104 -4.163339108e-104)
(10 2.30277428e-105 -1.305285263e-105)
(10 7.222772393e-107 -4.094349629e-107)
(10 2.266768169e-108 -1.285049011e-108)
(10 6.527928989e-17 3.521924387e-15)
)
;

boundaryField
{
    left
    {
        type            dirichlet;
        value           uniform (4 0 0);
    }
    right
    {
        type            dirichlet;
        value           uniform (4 0 0);
    }
    sides
    {
        type            empty;
    }
}


// ************************************************************************* //
