/*--------------------------------*- C++ -*----------------------------------*\
| =========                 |                                                 |
| \\      /  F ield         | foam-extend: Open Source CFD                    |
|  \\    /   O peration     | Version:     4.1                                |
|   \\  /    A nd           | Web:         http://www.foam-extend.org         |
|    \\/     M anipulation  |                                                 |
\*---------------------------------------------------------------------------*/
FoamFile
{
    version     2.0;
    format      ascii;
    class       cellScalarField;
    location    "16.7";
    object      T;
}
// * * * * * * * * * * * * * * * * * * * * * * * * * * * * * * * * * * * * * //

dimensions      [0 0 0 0 1 0 0];

internalField   nonuniform 
100
(
(4 -5.703630593e-17 1.624202108e-17)
(4 -1.452347966e-16 -2.616258547e-20)
(4 -2.397207679e-16 -3.05852563e-17)
(4 2.038897862e-16 4.315982904e-17)
(4 -1.472589525e-16 8.253735781e-17)
(4 -3.307749829e-16 1.663369496e-16)
(4 4.093860592e-16 1.703464604e-16)
(4 -6.182687909e-16 5.161477532e-17)
(4 9.155309726e-16 -1.750836669e-16)
(4 -1.474062149e-15 8.085059458e-17)
(4 1.615952303e-16 -3.488164082e-18)
(4 1.450955233e-15 1.450890794e-17)
(4 7.157634188e-16 -1.592818828e-16)
(4 6.828678363e-18 4.098424646e-16)
(4 7.147065027e-15 5.564933519e-15)
(4 1.60500572e-13 9.8321909e-14)
(4 2.744027169e-12 1.770075467e-12)
(4 4.692130012e-11 2.799878642e-11)
(4.000000001 6.692910615e-10 3.793927302e-10)
(4.000000008 8.788757696e-09 4.842902917e-09)
(4.000000097 1.043491206e-07 5.351942983e-08)
(4.000001037 1.069931781e-06 5.120203377e-07)
(4.000009732 9.656604992e-06 4.304772919e-06)
(4.000079871 7.524991356e-05 3.006041286e-05)
(4.000551505 0.0004791890669 0.0001643945074)
(4.003093998 0.002408785949 0.0006889634152)
(4.013939769 0.009504086328 0.002217075292)
(4.050718682 0.02971376284 0.005528442603)
(4.151051833 0.0746830849 0.01076047641)
(4.374283579 0.1531804252 0.01633954379)
(4.784787831 0.2599818689 0.01901081928)
(5.416372436 0.3697171169 0.01584289589)
(6.238369713 0.4454730914 0.006845533524)
(7.152319425 0.4593319127 -0.004464251067)
(8.028229402 0.4089649629 -0.01338077588)
(8.757697138 0.3169925208 -0.01708106782)
(9.289557176 0.2155132129 -0.01582391602)
(9.631401105 0.1294128943 -0.01184245464)
(9.826336162 0.06908327237 -0.00748057645)
(9.925557138 0.03298359867 -0.004085706063)
(9.970892673 0.0141657019 -0.00196021958)
(9.989588017 0.00550226733 -0.0008357833097)
(9.996581697 0.001942822367 -0.0003196213821)
(9.998966559 0.0006266447808 -0.0001104773235)
(9.99971131 0.0001854844504 -3.474533386e-05)
(9.999925231 5.060451459e-05 -1.000154614e-05)
(9.999981986 1.277809509e-05 -2.649061574e-06)
(9.99999595 2.998077016e-06 -6.487431183e-07)
(9.999999147 6.560437261e-07 -1.475498479e-07)
(9.999999831 1.343574699e-07 -3.129473507e-08)
(9.999999969 2.583872546e-08 -6.213280014e-09)
(9.999999994 4.680810713e-09 -1.158834872e-09)
(9.999999999 8.011161767e-10 -2.037043028e-10)
(10 1.298965292e-10 -3.385239066e-11)
(10 2.000957718e-11 -5.334496606e-12)
(10 2.932895671e-12 -7.980492713e-13)
(10 4.115326635e-13 -1.140986961e-13)
(10 5.020683575e-14 -1.547234301e-14)
(10 6.769147216e-15 -2.429777935e-15)
(10 -8.717772377e-16 3.665511772e-16)
(10 -3.079166e-16 -3.362841727e-16)
(10 5.014240667e-16 3.355742458e-16)
(10 -2.973130285e-16 7.283851217e-16)
(10 -2.925819116e-16 -1.569169191e-16)
(10 -1.033346864e-16 4.02497312e-16)
(10 8.896592019e-17 1.893258752e-16)
(10 1.21282248e-16 2.730139952e-16)
(10 -3.441107419e-17 -8.064284416e-17)
(10 7.577106431e-17 -3.222655576e-16)
(10 -2.383131115e-16 -5.683686347e-16)
(10 7.095506576e-17 -1.822907044e-16)
(10 -1.548022144e-16 2.348830738e-16)
(10 -7.675418206e-17 1.603412472e-16)
(10 -3.623256315e-16 -6.850494199e-17)
(10 -6.625917047e-17 -5.454150479e-17)
(10 -5.263637488e-17 1.9596497e-16)
(10 2.842401805e-16 -4.32905498e-17)
(10 -3.133297121e-16 -1.273263127e-16)
(10 4.124364652e-16 5.136474682e-16)
(10 -3.070076778e-16 2.142489008e-16)
(10 -2.884361098e-16 -3.843372621e-16)
(10 8.424209128e-17 -2.375542916e-16)
(10 2.378351031e-16 2.375539219e-16)
(10 -3.815071779e-17 -3.396350466e-17)
(10 2.846169467e-16 3.1232666e-17)
(10 -5.607686458e-16 9.248737682e-17)
(10 -3.907364625e-17 1.867700604e-16)
(10 2.608302169e-16 5.213873419e-16)
(10 -1.302759199e-16 7.310524124e-17)
(10 -1.183535365e-16 -2.959637989e-16)
(10 5.034937234e-16 -2.931221356e-16)
(10 -1.890268828e-16 4.158202452e-17)
(10 -4.856037239e-16 -1.275742325e-17)
(10 8.850056673e-17 -7.29746018e-16)
(10 4.262716214e-17 2.221745763e-17)
(10 3.323122077e-16 -2.135920427e-16)
(10 -2.978330179e-17 -2.117035615e-16)
(10 -1.653554122e-16 -4.083768822e-16)
(10 -2.65095237e-16 -3.383726675e-16)
(10 -1.331389888e-15 3.473152653e-15)
)
;

boundaryField
{
    left
    {
        type            dirichlet;
        value           uniform (4 0 0);
    }
    right
    {
        type            dirichlet;
        value           uniform (4 0 0);
    }
    sides
    {
        type            empty;
    }
}


// ************************************************************************* //
