/*--------------------------------*- C++ -*----------------------------------*\
| =========                 |                                                 |
| \\      /  F ield         | foam-extend: Open Source CFD                    |
|  \\    /   O peration     | Version:     4.1                                |
|   \\  /    A nd           | Web:         http://www.foam-extend.org         |
|    \\/     M anipulation  |                                                 |
\*---------------------------------------------------------------------------*/
FoamFile
{
    version     2.0;
    format      ascii;
    class       cellScalarField;
    location    "14.5";
    object      T;
}
// * * * * * * * * * * * * * * * * * * * * * * * * * * * * * * * * * * * * * //

dimensions      [0 0 0 0 1 0 0];

internalField   nonuniform 
100
(
(4 -5.703630593e-17 1.624202108e-17)
(4 -2.448588397e-16 -4.567726696e-17)
(4 -1.524006431e-16 -2.890142816e-17)
(4 -2.322032159e-18 -8.384491766e-18)
(4 5.10838946e-17 -5.001431106e-18)
(4 -4.728747982e-16 3.746797976e-17)
(4 4.086964037e-16 -1.223571815e-16)
(4 -4.156906579e-16 -5.00276681e-17)
(4 9.529618442e-16 -9.831188069e-17)
(4 -1.310759075e-15 -7.96495357e-17)
(4 5.876210933e-16 1.372359711e-16)
(4 1.95129347e-14 1.662724939e-14)
(4 4.270728007e-13 2.388173593e-13)
(4 7.456157759e-12 5.327817633e-12)
(4 1.517391535e-10 9.214800046e-11)
(4.000000002 2.242285916e-09 1.306131521e-09)
(4.000000028 3.201836294e-08 1.842795414e-08)
(4.000000372 4.062293371e-07 2.118961545e-07)
(4.000004122 4.292994586e-06 2.095435192e-06)
(4.000039976 4.018233684e-05 1.825454369e-05)
(4.000335275 0.0003177660575 0.0001257166606)
(4.00227862 0.001950539673 0.0006372415013)
(4.012058168 0.009002931091 0.002353072662)
(4.049552648 0.03145051277 0.00640538544)
(4.160634868 0.08476791489 0.01300791859)
(4.419710898 0.1799785822 0.01972565334)
(4.904083802 0.3068024899 0.02177311063)
(5.641946726 0.4269640789 0.01563750467)
(6.571021571 0.4921948105 0.002877980449)
(7.550307225 0.4760475456 -0.01043605176)
(8.424195066 0.3907278629 -0.01840954607)
(9.0911707 0.2749577656 -0.01926750572)
(9.530614632 0.16745255 -0.01524996727)
(9.782702052 0.08902254154 -0.00982158447)
(9.909615089 0.04164599822 -0.005331931192)
(9.966108778 0.01727295189 -0.00249312066)
(9.988499611 0.00639637854 -0.001019475756)
(9.996453548 0.002128868666 -0.0003689082776)
(9.999001796 0.0006407898512 -0.000119287652)
(9.999742433 0.0001754613246 -3.475599064e-05)
(9.999938809 4.394838495e-05 -9.191872074e-06)
(9.999986558 1.012169013e-05 -2.221077676e-06)
(9.999997259 2.153905342e-06 -4.932659089e-07)
(9.999999479 4.254477171e-07 -1.012274952e-07)
(9.999999907 7.833716214e-08 -1.929123152e-08)
(9.999999985 1.349978939e-08 -3.429531082e-09)
(9.999999998 2.185470394e-09 -5.711306774e-10)
(10 3.335288594e-10 -8.94421161e-11)
(10 4.813968781e-11 -1.321883826e-11)
(10 6.590275391e-12 -1.847518131e-12)
(10 8.607825188e-13 -2.471592825e-13)
(10 1.057789157e-13 -3.19629153e-14)
(10 1.05927739e-14 -4.515876442e-15)
(10 -5.448144056e-16 -9.197662048e-17)
(10 -7.436566962e-17 -6.931622515e-17)
(10 -2.413165816e-16 -1.823409259e-16)
(10 -1.60554227e-16 2.958618371e-17)
(10 -2.220880986e-17 8.91133176e-18)
(10 -5.551371832e-16 -1.823290237e-16)
(10 -1.086675429e-16 2.459189925e-16)
(10 -1.784316804e-17 -1.906230846e-16)
(10 2.290544794e-16 -7.078710814e-16)
(10 -2.792180033e-17 2.02898702e-16)
(10 -1.440862741e-17 6.506014202e-16)
(10 -6.190364944e-16 8.082186799e-17)
(10 -1.996965687e-16 -1.493436833e-16)
(10 3.625265899e-16 8.538516937e-17)
(10 -1.831614355e-16 -4.829228019e-16)
(10 4.754951293e-16 -5.637534647e-16)
(10 -2.811014726e-16 1.534767193e-16)
(10 1.312722633e-16 -2.990513646e-16)
(10 -2.163992061e-16 -2.214760732e-17)
(10 3.344363431e-16 1.079751835e-16)
(10 1.9107552e-16 6.30162031e-16)
(10 -1.807007385e-16 4.896656896e-16)
(10 5.67390377e-16 -3.937860481e-16)
(10 4.172930504e-17 -2.395821558e-16)
(10 6.220291403e-16 -6.193894032e-16)
(10 -1.573750719e-16 -3.328899245e-16)
(10 -1.854426204e-16 2.83501378e-16)
(10 -7.578306572e-17 7.588936647e-16)
(10 4.842838675e-17 7.557101936e-17)
(10 -4.103106411e-16 2.660731646e-16)
(10 -3.620287278e-16 -3.340351895e-16)
(10 5.42220511e-16 1.050606366e-16)
(10 -2.209369761e-16 8.306488742e-16)
(10 5.081497629e-17 -1.966681114e-16)
(10 1.62227437e-16 1.522456061e-17)
(10 -2.494465646e-16 1.001327473e-16)
(10 1.108390782e-16 -4.890530335e-16)
(10 -4.855464114e-16 -1.18987761e-16)
(10 -1.776525279e-19 1.240250101e-16)
(10 6.592485918e-16 -3.141250612e-16)
(10 3.100028009e-16 -5.210982374e-16)
(10 2.033696474e-16 -5.536292249e-16)
(10 5.397088384e-17 -5.055863993e-16)
(10 5.81679607e-16 -6.378410169e-17)
(10 4.498503632e-16 6.242221895e-17)
(10 2.012016758e-16 -3.896162676e-17)
(10 -1.416948092e-15 4.070143172e-15)
)
;

boundaryField
{
    left
    {
        type            dirichlet;
        value           uniform (4 0 0);
    }
    right
    {
        type            dirichlet;
        value           uniform (4 0 0);
    }
    sides
    {
        type            empty;
    }
}


// ************************************************************************* //
