/*--------------------------------*- C++ -*----------------------------------*\
| =========                 |                                                 |
| \\      /  F ield         | foam-extend: Open Source CFD                    |
|  \\    /   O peration     | Version:     4.1                                |
|   \\  /    A nd           | Web:         http://www.foam-extend.org         |
|    \\/     M anipulation  |                                                 |
\*---------------------------------------------------------------------------*/
FoamFile
{
    version     2.0;
    format      ascii;
    class       cellScalarField;
    location    "25.8";
    object      T;
}
// * * * * * * * * * * * * * * * * * * * * * * * * * * * * * * * * * * * * * //

dimensions      [0 0 0 0 1 0 0];

internalField   nonuniform 
100
(
(4 -5.703630593e-17 1.624202108e-17)
(4 -2.587346711e-16 -6.828786436e-17)
(4 -3.184469366e-17 9.557892914e-17)
(4 -2.37142654e-17 1.00356028e-16)
(4 3.720044651e-17 3.648246727e-16)
(4 -4.453318302e-16 1.998249006e-16)
(4 3.354320208e-16 -1.213773114e-16)
(4 -1.560331083e-16 -2.209223206e-16)
(4 9.220281208e-16 -1.085242994e-16)
(4 -1.342991424e-15 1.188671322e-17)
(4 3.093281905e-16 -7.346711745e-17)
(4 1.635544379e-15 -2.73427155e-16)
(4 -1.475169752e-15 1.202719129e-16)
(4 8.013945e-16 -1.592293496e-16)
(4 -2.33983709e-16 3.382915214e-16)
(4 6.14873871e-17 -7.100416212e-17)
(4 6.304048818e-17 1.588774015e-16)
(4 4.658828056e-17 7.58665799e-17)
(4 7.512421072e-17 1.473796365e-16)
(4 -2.082161095e-16 -1.675771375e-16)
(4 7.341402519e-17 5.169639176e-17)
(4 3.955467347e-17 -3.504633721e-17)
(4 -6.670943948e-17 -1.409093616e-16)
(4 2.123544007e-17 6.907386801e-17)
(4 8.859247497e-17 4.335934589e-17)
(4 -3.071548702e-16 1.778822419e-17)
(4 5.380454774e-16 3.087460625e-16)
(4 -8.65848547e-16 1.98190307e-16)
(4 7.928645222e-15 4.610083616e-15)
(4 9.943499255e-14 5.357416564e-14)
(4 1.197047357e-12 6.369830374e-13)
(4 1.360999259e-11 6.96255243e-12)
(4 1.428091743e-10 7.005382879e-11)
(4.000000001 1.375546187e-09 6.429355246e-10)
(4.000000012 1.206565371e-08 5.33916175e-09)
(4.000000101 9.569750062e-08 3.979900484e-08)
(4.000000749 6.80054513e-07 2.629017842e-07)
(4.000004959 4.273528401e-06 1.514380861e-06)
(4.000028959 2.343232596e-05 7.504141602e-06)
(4.000147867 0.0001110674092 3.174187543e-05)
(4.000657144 0.0004533370525 0.0001143526899)
(4.00254119 0.00159433821 0.0003513224165)
(4.008575846 0.00484803605 0.0009232236592)
(4.025381933 0.01280962066 0.002081927528)
(4.06628449 0.02957501139 0.004038819491)
(4.153752843 0.06000915333 0.00674454973)
(4.31898774 0.1076058053 0.009669522865)
(4.596160288 0.1714283848 0.01179641895)
(5.011042606 0.2438502601 0.01197416383)
(5.567749025 0.3111582024 0.00952411164)
(6.240304667 0.3577233469 0.004726056493)
(6.97479585 0.3720394028 -0.001185216245)
(7.702657319 0.3513685923 -0.006559906521)
(8.35950462 0.3024313755 -0.01007574064)
(8.90112628 0.2380399783 -0.01123328427)
(9.310507473 0.1718789735 -0.0103734012)
(9.5950025 0.1141999548 -0.008319938033)
(9.77730335 0.07002243709 -0.005933726179)
(9.88531389 0.03973176994 -0.003816348053)
(9.94464091 0.0209179019 -0.002234628708)
(9.974927279 0.01024427627 -0.00119961528)
(9.989332079 0.004678298109 -0.0005936796301)
(9.995730172 0.001996910781 -0.0002720902853)
(9.998390031 0.0007985040598 -0.0001159356917)
(9.999427269 0.0002997725376 -4.608429863e-05)
(9.999807482 0.00010588104 -1.714180143e-05)
(9.999938757 3.525656118e-05 -5.98336164e-06)
(9.999981534 1.108946327e-05 -1.964908212e-06)
(9.999994715 3.301065438e-06 -6.085444527e-07)
(9.999998562 9.31679889e-07 -1.781452141e-07)
(9.999999627 2.497565295e-07 -4.939802756e-08)
(9.999999908 6.370103077e-08 -1.300080271e-08)
(9.999999978 1.54835921e-08 -3.253738066e-09)
(9.999999995 3.592388616e-09 -7.757711392e-10)
(9.999999999 7.967943085e-10 -1.765104228e-10)
(10 1.691964818e-10 -3.838842373e-11)
(10 3.444819307e-11 -7.992415668e-12)
(10 6.735855781e-12 -1.596992805e-12)
(10 1.262468256e-12 -3.064375938e-13)
(10 2.269731871e-13 -5.527887124e-14)
(10 4.348039028e-14 -1.071178945e-14)
(10 7.496388841e-15 -1.130943091e-15)
(10 -8.231712772e-16 -2.435636566e-16)
(10 3.965922503e-16 -2.941545097e-16)
(10 -2.66967319e-17 -5.072821175e-16)
(10 2.899522076e-16 -1.016786479e-16)
(10 4.988143264e-17 -3.87581422e-16)
(10 -1.390091116e-16 9.781633823e-19)
(10 7.154224176e-17 -9.575326356e-18)
(10 3.724513939e-16 1.977908244e-16)
(10 -5.76918797e-17 -2.247601309e-16)
(10 5.079469837e-16 -1.133433242e-16)
(10 -1.715229502e-16 -5.037133003e-17)
(10 2.311803873e-16 5.362143259e-16)
(10 -5.83540585e-16 5.574555663e-16)
(10 -5.551428365e-16 5.24930083e-16)
(10 1.631044231e-16 7.364360989e-17)
(10 -2.356192644e-16 3.377675935e-16)
(10 3.174888245e-16 -4.042079881e-17)
(10 4.404896677e-17 3.062261354e-15)
)
;

boundaryField
{
    left
    {
        type            dirichlet;
        value           uniform (4 0 0);
    }
    right
    {
        type            dirichlet;
        value           uniform (4 0 0);
    }
    sides
    {
        type            empty;
    }
}


// ************************************************************************* //
