/*--------------------------------*- C++ -*----------------------------------*\
| =========                 |                                                 |
| \\      /  F ield         | foam-extend: Open Source CFD                    |
|  \\    /   O peration     | Version:     4.1                                |
|   \\  /    A nd           | Web:         http://www.foam-extend.org         |
|    \\/     M anipulation  |                                                 |
\*---------------------------------------------------------------------------*/
FoamFile
{
    version     2.0;
    format      ascii;
    class       vectorField;
    location    "constant/polyMesh";
    object      points;
}
// * * * * * * * * * * * * * * * * * * * * * * * * * * * * * * * * * * * * * //


404
(
(0 0 0)
(0.03464345827 0 0)
(0.06953032337 0 0)
(0.1046623055 0 0)
(0.1400411268 0 0)
(0.1756685216 0 0)
(0.2115462365 0 0)
(0.2476760301 0 0)
(0.2840596737 0 0)
(0.3206989507 0 0)
(0.3575956572 0 0)
(0.394751602 0 0)
(0.4321686065 0 0)
(0.4698485049 0 0)
(0.5077931443 0 0)
(0.5460043849 0 0)
(0.5844840996 0 0)
(0.623234175 0 0)
(0.6622565105 0 0)
(0.701553019 0 0)
(0.7411256269 0 0)
(0.7809762742 0 0)
(0.8211069142 0 0)
(0.8615195143 0 0)
(0.9022160556 0 0)
(0.9431985329 0 0)
(0.9844689554 0 0)
(1.026029346 0 0)
(1.067881742 0 0)
(1.110028196 0 0)
(1.152470773 0 0)
(1.195211553 0 0)
(1.238252633 0 0)
(1.281596121 0 0)
(1.325244144 0 0)
(1.369198839 0 0)
(1.413462363 0 0)
(1.458036885 0 0)
(1.50292459 0 0)
(1.548127678 0 0)
(1.593648365 0 0)
(1.639488884 0 0)
(1.68565148 0 0)
(1.732138417 0 0)
(1.778951974 0 0)
(1.826094446 0 0)
(1.873568143 0 0)
(1.921375393 0 0)
(1.969518539 0 0)
(2.017999942 0 0)
(2.066821977 0 0)
(2.115987039 0 0)
(2.165497538 0 0)
(2.215355899 0 0)
(2.265564569 0 0)
(2.316126007 0 0)
(2.367042692 0 0)
(2.418317121 0 0)
(2.469951807 0 0)
(2.521949281 0 0)
(2.574312092 0 0)
(2.627042807 0 0)
(2.680144011 0 0)
(2.733618307 0 0)
(2.787468316 0 0)
(2.841696678 0 0)
(2.896306052 0 0)
(2.951299114 0 0)
(3.006678561 0 0)
(3.062447106 0 0)
(3.118607484 0 0)
(3.175162448 0 0)
(3.232114771 0 0)
(3.289467243 0 0)
(3.347222677 0 0)
(3.405383904 0 0)
(3.463953775 0 0)
(3.52293516 0 0)
(3.582330953 0 0)
(3.642144063 0 0)
(3.702377424 0 0)
(3.763033987 0 0)
(3.824116727 0 0)
(3.885628637 0 0)
(3.947572734 0 0)
(4.009952053 0 0)
(4.072769652 0 0)
(4.136028611 0 0)
(4.199732032 0 0)
(4.263883035 0 0)
(4.328484768 0 0)
(4.393540396 0 0)
(4.459053108 0 0)
(4.525026115 0 0)
(4.591462653 0 0)
(4.658365978 0 0)
(4.725739369 0 0)
(4.793586129 0 0)
(4.861909584 0 0)
(4.930713083 0 0)
(5 0 0)
(0 1 0)
(0.03464345827 1 0)
(0.06953032337 1 0)
(0.1046623055 1 0)
(0.1400411268 1 0)
(0.1756685216 1 0)
(0.2115462365 1 0)
(0.2476760301 1 0)
(0.2840596737 1 0)
(0.3206989507 1 0)
(0.3575956572 1 0)
(0.394751602 1 0)
(0.4321686065 1 0)
(0.4698485049 1 0)
(0.5077931443 1 0)
(0.5460043849 1 0)
(0.5844840996 1 0)
(0.623234175 1 0)
(0.6622565105 1 0)
(0.701553019 1 0)
(0.7411256269 1 0)
(0.7809762742 1 0)
(0.8211069142 1 0)
(0.8615195143 1 0)
(0.9022160556 1 0)
(0.9431985329 1 0)
(0.9844689554 1 0)
(1.026029346 1 0)
(1.067881742 1 0)
(1.110028196 1 0)
(1.152470773 1 0)
(1.195211553 1 0)
(1.238252633 1 0)
(1.281596121 1 0)
(1.325244144 1 0)
(1.369198839 1 0)
(1.413462363 1 0)
(1.458036885 1 0)
(1.50292459 1 0)
(1.548127678 1 0)
(1.593648365 1 0)
(1.639488884 1 0)
(1.68565148 1 0)
(1.732138417 1 0)
(1.778951974 1 0)
(1.826094446 1 0)
(1.873568143 1 0)
(1.921375393 1 0)
(1.969518539 1 0)
(2.017999942 1 0)
(2.066821977 1 0)
(2.115987039 1 0)
(2.165497538 1 0)
(2.215355899 1 0)
(2.265564569 1 0)
(2.316126007 1 0)
(2.367042692 1 0)
(2.418317121 1 0)
(2.469951807 1 0)
(2.521949281 1 0)
(2.574312092 1 0)
(2.627042807 1 0)
(2.680144011 1 0)
(2.733618307 1 0)
(2.787468316 1 0)
(2.841696678 1 0)
(2.896306052 1 0)
(2.951299114 1 0)
(3.006678561 1 0)
(3.062447106 1 0)
(3.118607484 1 0)
(3.175162448 1 0)
(3.232114771 1 0)
(3.289467243 1 0)
(3.347222677 1 0)
(3.405383904 1 0)
(3.463953775 1 0)
(3.52293516 1 0)
(3.582330953 1 0)
(3.642144063 1 0)
(3.702377424 1 0)
(3.763033987 1 0)
(3.824116727 1 0)
(3.885628637 1 0)
(3.947572734 1 0)
(4.009952053 1 0)
(4.072769652 1 0)
(4.136028611 1 0)
(4.199732032 1 0)
(4.263883035 1 0)
(4.328484768 1 0)
(4.393540396 1 0)
(4.459053108 1 0)
(4.525026115 1 0)
(4.591462653 1 0)
(4.658365978 1 0)
(4.725739369 1 0)
(4.793586129 1 0)
(4.861909584 1 0)
(4.930713083 1 0)
(5 1 0)
(0 0 1)
(0.03464345827 0 1)
(0.06953032337 0 1)
(0.1046623055 0 1)
(0.1400411268 0 1)
(0.1756685216 0 1)
(0.2115462365 0 1)
(0.2476760301 0 1)
(0.2840596737 0 1)
(0.3206989507 0 1)
(0.3575956572 0 1)
(0.394751602 0 1)
(0.4321686065 0 1)
(0.4698485049 0 1)
(0.5077931443 0 1)
(0.5460043849 0 1)
(0.5844840996 0 1)
(0.623234175 0 1)
(0.6622565105 0 1)
(0.701553019 0 1)
(0.7411256269 0 1)
(0.7809762742 0 1)
(0.8211069142 0 1)
(0.8615195143 0 1)
(0.9022160556 0 1)
(0.9431985329 0 1)
(0.9844689554 0 1)
(1.026029346 0 1)
(1.067881742 0 1)
(1.110028196 0 1)
(1.152470773 0 1)
(1.195211553 0 1)
(1.238252633 0 1)
(1.281596121 0 1)
(1.325244144 0 1)
(1.369198839 0 1)
(1.413462363 0 1)
(1.458036885 0 1)
(1.50292459 0 1)
(1.548127678 0 1)
(1.593648365 0 1)
(1.639488884 0 1)
(1.68565148 0 1)
(1.732138417 0 1)
(1.778951974 0 1)
(1.826094446 0 1)
(1.873568143 0 1)
(1.921375393 0 1)
(1.969518539 0 1)
(2.017999942 0 1)
(2.066821977 0 1)
(2.115987039 0 1)
(2.165497538 0 1)
(2.215355899 0 1)
(2.265564569 0 1)
(2.316126007 0 1)
(2.367042692 0 1)
(2.418317121 0 1)
(2.469951807 0 1)
(2.521949281 0 1)
(2.574312092 0 1)
(2.627042807 0 1)
(2.680144011 0 1)
(2.733618307 0 1)
(2.787468316 0 1)
(2.841696678 0 1)
(2.896306052 0 1)
(2.951299114 0 1)
(3.006678561 0 1)
(3.062447106 0 1)
(3.118607484 0 1)
(3.175162448 0 1)
(3.232114771 0 1)
(3.289467243 0 1)
(3.347222677 0 1)
(3.405383904 0 1)
(3.463953775 0 1)
(3.52293516 0 1)
(3.582330953 0 1)
(3.642144063 0 1)
(3.702377424 0 1)
(3.763033987 0 1)
(3.824116727 0 1)
(3.885628637 0 1)
(3.947572734 0 1)
(4.009952053 0 1)
(4.072769652 0 1)
(4.136028611 0 1)
(4.199732032 0 1)
(4.263883035 0 1)
(4.328484768 0 1)
(4.393540396 0 1)
(4.459053108 0 1)
(4.525026115 0 1)
(4.591462653 0 1)
(4.658365978 0 1)
(4.725739369 0 1)
(4.793586129 0 1)
(4.861909584 0 1)
(4.930713083 0 1)
(5 0 1)
(0 1 1)
(0.03464345827 1 1)
(0.06953032337 1 1)
(0.1046623055 1 1)
(0.1400411268 1 1)
(0.1756685216 1 1)
(0.2115462365 1 1)
(0.2476760301 1 1)
(0.2840596737 1 1)
(0.3206989507 1 1)
(0.3575956572 1 1)
(0.394751602 1 1)
(0.4321686065 1 1)
(0.4698485049 1 1)
(0.5077931443 1 1)
(0.5460043849 1 1)
(0.5844840996 1 1)
(0.623234175 1 1)
(0.6622565105 1 1)
(0.701553019 1 1)
(0.7411256269 1 1)
(0.7809762742 1 1)
(0.8211069142 1 1)
(0.8615195143 1 1)
(0.9022160556 1 1)
(0.9431985329 1 1)
(0.9844689554 1 1)
(1.026029346 1 1)
(1.067881742 1 1)
(1.110028196 1 1)
(1.152470773 1 1)
(1.195211553 1 1)
(1.238252633 1 1)
(1.281596121 1 1)
(1.325244144 1 1)
(1.369198839 1 1)
(1.413462363 1 1)
(1.458036885 1 1)
(1.50292459 1 1)
(1.548127678 1 1)
(1.593648365 1 1)
(1.639488884 1 1)
(1.68565148 1 1)
(1.732138417 1 1)
(1.778951974 1 1)
(1.826094446 1 1)
(1.873568143 1 1)
(1.921375393 1 1)
(1.969518539 1 1)
(2.017999942 1 1)
(2.066821977 1 1)
(2.115987039 1 1)
(2.165497538 1 1)
(2.215355899 1 1)
(2.265564569 1 1)
(2.316126007 1 1)
(2.367042692 1 1)
(2.418317121 1 1)
(2.469951807 1 1)
(2.521949281 1 1)
(2.574312092 1 1)
(2.627042807 1 1)
(2.680144011 1 1)
(2.733618307 1 1)
(2.787468316 1 1)
(2.841696678 1 1)
(2.896306052 1 1)
(2.951299114 1 1)
(3.006678561 1 1)
(3.062447106 1 1)
(3.118607484 1 1)
(3.175162448 1 1)
(3.232114771 1 1)
(3.289467243 1 1)
(3.347222677 1 1)
(3.405383904 1 1)
(3.463953775 1 1)
(3.52293516 1 1)
(3.582330953 1 1)
(3.642144063 1 1)
(3.702377424 1 1)
(3.763033987 1 1)
(3.824116727 1 1)
(3.885628637 1 1)
(3.947572734 1 1)
(4.009952053 1 1)
(4.072769652 1 1)
(4.136028611 1 1)
(4.199732032 1 1)
(4.263883035 1 1)
(4.328484768 1 1)
(4.393540396 1 1)
(4.459053108 1 1)
(4.525026115 1 1)
(4.591462653 1 1)
(4.658365978 1 1)
(4.725739369 1 1)
(4.793586129 1 1)
(4.861909584 1 1)
(4.930713083 1 1)
(5 1 1)
)


// ************************************************************************* //
