/*--------------------------------*- C++ -*----------------------------------*\
| =========                 |                                                 |
| \\      /  F ield         | foam-extend: Open Source CFD                    |
|  \\    /   O peration     | Version:     4.1                                |
|   \\  /    A nd           | Web:         http://www.foam-extend.org         |
|    \\/     M anipulation  |                                                 |
\*---------------------------------------------------------------------------*/
FoamFile
{
    version     2.0;
    format      ascii;
    class       cellScalarField;
    location    "44.7";
    object      T;
}
// * * * * * * * * * * * * * * * * * * * * * * * * * * * * * * * * * * * * * //

dimensions      [0 0 0 0 1 0 0];

internalField   nonuniform 
100
(
(4 -5.703630593e-17 1.624202108e-17)
(4 -3.332359275e-17 -2.093253961e-17)
(4 -2.473182879e-16 2.169220997e-16)
(4 1.304917558e-16 1.775358144e-16)
(4 1.102083358e-16 -1.237605351e-16)
(4 -4.356112453e-16 -6.138129997e-18)
(4 2.962388263e-16 1.038599852e-16)
(4 -3.011334529e-16 2.665188734e-16)
(4 6.968588582e-16 9.340502503e-17)
(4 -1.290451568e-15 -3.165272283e-16)
(4 5.255404037e-17 8.161511591e-17)
(4 4.668287639e-16 1.007508176e-16)
(4 4.807072685e-16 -1.176981759e-17)
(4 -1.7861025e-16 -5.104933759e-17)
(4 2.56501721e-16 9.485152201e-17)
(4 -1.256002785e-16 -3.253502803e-16)
(4 9.032380716e-16 -1.009767523e-16)
(4 -5.865245273e-16 5.253808629e-17)
(4 3.815082709e-16 -4.197360733e-17)
(4 -2.726516262e-16 -1.328579736e-17)
(4 1.075966938e-16 -1.099892373e-16)
(4 -9.988213978e-17 2.093435902e-16)
(4 1.023993967e-16 -4.216079421e-17)
(4 -1.432673686e-17 -1.186736327e-16)
(4 2.295880587e-18 -1.986606753e-16)
(4 -2.085912636e-16 -8.35709462e-17)
(4 -6.038626612e-17 3.01509603e-17)
(4 -1.09625574e-16 2.898490176e-17)
(4 -3.894022371e-16 -1.16990751e-17)
(4 4.164533615e-16 8.352741312e-18)
(4 -3.922873472e-17 3.694267058e-17)
(4 -8.972218903e-17 2.338078486e-16)
(4 -1.394123087e-17 1.141461615e-17)
(4 -5.264467483e-16 1.101769591e-16)
(4 8.358113964e-16 -3.311303066e-17)
(4 -1.141747358e-15 2.320876264e-16)
(4 1.188117992e-15 -1.915912169e-16)
(4 -9.888625292e-16 1.697897718e-16)
(4 4.378776922e-16 1.514098292e-16)
(4 -2.522631481e-17 3.023201627e-16)
(4 3.393137425e-17 1.085667435e-16)
(4 -7.266952192e-17 4.02865693e-17)
(4 -1.290220683e-16 4.473465508e-17)
(4 1.201817653e-16 -4.519476428e-17)
(4 -5.642818446e-16 2.389449755e-16)
(4 8.225489122e-16 -8.108281988e-18)
(4 -9.501239815e-16 -1.351732722e-17)
(4 7.705602596e-16 7.719249185e-17)
(4 -7.895041598e-16 1.972363008e-16)
(4 2.750153571e-16 -9.367536707e-18)
(4 4.108435575e-17 3.746638482e-17)
(4 1.536542165e-17 -5.564057565e-17)
(4 -1.710585447e-17 1.289880009e-16)
(4 -2.039002451e-16 4.419523406e-17)
(4 1.342843158e-16 -1.208115742e-16)
(4 -1.050621199e-16 1.687790644e-17)
(4 9.279755166e-17 -1.370045438e-16)
(4 1.419016002e-16 1.930126072e-16)
(4 2.462762702e-15 4.879938641e-16)
(4 1.376940894e-14 6.794993932e-15)
(4 1.269732253e-13 5.50746038e-14)
(4 9.762145001e-13 4.024311207e-13)
(4 6.971983755e-12 2.754801354e-12)
(4 4.651989729e-11 1.759188704e-11)
(4 2.893970322e-10 1.043600425e-10)
(4.000000002 1.672804248e-09 5.728789736e-10)
(4.000000011 8.955660828e-09 2.90055032e-09)
(4.000000058 4.428616229e-08 1.35084648e-08)
(4.000000276 2.018575547e-07 5.775252136e-08)
(4.000001216 8.469015643e-07 2.263815191e-07)
(4.000004946 3.268545006e-06 8.131905707e-07)
(4.000018569 1.160433162e-05 2.677080613e-06)
(4.000064406 3.792103574e-05 8.081329945e-06)
(4.000206567 0.0001141750817 2.238859155e-05)
(4.000613467 0.0003171512771 5.698259285e-05)
(4.001689812 0.0008140139208 0.000133384851)
(4.004325254 0.001933715682 0.000287462188)
(4.010308221 0.004258990372 0.0005709095668)
(4.022923167 0.008712545317 0.001045600394)
(4.047669394 0.01658358238 0.00176652246)
(4.09291033 0.02942165255 0.002752592393)
(4.170122279 0.04873660943 0.003951928995)
(4.293342426 0.07550347228 0.005216433959)
(4.477511491 0.1095729003 0.006304273922)
(4.735714284 0.149190663 0.006922792041)
(5.075780434 0.1908693361 0.006807910819)
(5.497137651 0.2297825048 0.005815886085)
(5.988980383 0.2606702308 0.003990807717)
(6.530574214 0.279026256 0.001575803703)
(7.093894187 0.2821905467 -0.001042341498)
(7.648026506 0.2699780301 -0.003436834415)
(8.164173219 0.2446409325 -0.005253984879)
(8.619938557 0.2102098993 -0.006295026409)
(9.001890379 0.1714717796 -0.006542188156)
(9.306014165 0.1329303713 -0.006129230932)
(9.53633201 0.09804149726 -0.005276970266)
(9.702400598 0.06886494991 -0.004222064583)
(9.816521354 0.04611314226 -0.003162198865)
(9.891335127 0.02946543787 -0.002228449716)
(9.938167853 0.01798352913 -0.001483305327)
)
;

boundaryField
{
    left
    {
        type            dirichlet;
        value           uniform (4 0 0);
    }
    right
    {
        type            dirichlet;
        value           uniform (4 0 0);
    }
    sides
    {
        type            empty;
    }
}


// ************************************************************************* //
