/*--------------------------------*- C++ -*----------------------------------*\
| =========                 |                                                 |
| \\      /  F ield         | foam-extend: Open Source CFD                    |
|  \\    /   O peration     | Version:     4.1                                |
|   \\  /    A nd           | Web:         http://www.foam-extend.org         |
|    \\/     M anipulation  |                                                 |
\*---------------------------------------------------------------------------*/
FoamFile
{
    version     2.0;
    format      ascii;
    class       cellScalarField;
    location    "8.4";
    object      T;
}
// * * * * * * * * * * * * * * * * * * * * * * * * * * * * * * * * * * * * * //

dimensions      [0 0 0 0 1 0 0];

internalField   nonuniform 
100
(
(4 -5.703630593e-17 1.624202108e-17)
(4 5.358098545e-16 5.224248893e-16)
(4 -9.624441262e-15 -1.909651627e-14)
(4 3.95826157e-13 6.935714662e-13)
(4 3.845850583e-12 -7.326153119e-12)
(4 1.27108386e-10 3.100587666e-10)
(4.000000006 7.904337773e-09 2.586069541e-09)
(4.000000077 7.774852202e-08 7.885731837e-08)
(4.00000208 2.760143964e-06 1.693279535e-06)
(4.000032137 3.42649873e-05 1.763615071e-05)
(4.000386155 0.0004252622762 0.0002475062563)
(4.004564572 0.00488821175 0.002189509862)
(4.036741584 0.03269845043 0.01005467133)
(4.185301679 0.1281398763 0.02577097907)
(4.620960828 0.3190603556 0.03809009513)
(5.483814325 0.5391801067 0.0291528664)
(6.695329947 0.6497325095 0.0001589665404)
(7.948034211 0.5801941014 -0.02614459821)
(8.931974621 0.3961923511 -0.03317731233)
(9.534729339 0.2125170119 -0.02487951526)
(9.829466511 0.09168731282 -0.01338405192)
(9.946934695 0.03249949885 -0.005562535779)
(9.985827517 0.009648264912 -0.001863877644)
(9.996713351 0.002441180931 -0.0005187928008)
(9.999330498 0.0005347758012 -0.0001227602819)
(9.999878871 0.0001028762739 -2.516658414e-05)
(9.999980333 1.760066886e-05 -4.541433284e-06)
(9.999997107 2.708365368e-06 -7.312186851e-07)
(9.999999611 3.786085684e-07 -1.062793874e-07)
(9.999999952 4.850897011e-08 -1.408572423e-08)
(9.999999994 5.74119606e-09 -1.717302877e-09)
(9.999999999 6.320342605e-10 -1.940790835e-10)
(10 6.512025932e-11 -2.046967994e-11)
(10 6.313860905e-12 -2.026355621e-12)
(10 5.80156069e-13 -1.889487455e-13)
(10 4.947925981e-14 -1.795409203e-14)
(10 2.549879361e-15 -8.300651821e-16)
(10 -4.396871704e-16 8.719092103e-17)
(10 2.492871093e-16 8.254631355e-16)
(10 -1.262219599e-15 1.01172549e-15)
(10 1.106308224e-16 5.933356707e-17)
(10 6.390091633e-18 -1.864150927e-16)
(10 -8.951256139e-17 -5.12433759e-17)
(10 2.572116694e-16 1.034322371e-16)
(10 -2.113776849e-16 -4.859742874e-16)
(10 1.202769911e-16 -1.752466495e-16)
(10 -5.057417431e-16 -2.044098048e-17)
(10 5.535316119e-16 4.686606231e-16)
(10 -1.602967005e-15 -1.495523096e-17)
(10 9.663850432e-16 -2.908315653e-16)
(10 -2.434877956e-16 7.625434408e-16)
(10 -6.587997982e-16 3.965673137e-16)
(10 3.34974986e-16 3.74850104e-16)
(10 -5.554313733e-16 1.309180603e-16)
(10 3.297629584e-17 -1.09676423e-16)
(10 4.721060038e-16 -1.426703394e-16)
(10 4.353761054e-16 -1.582321734e-16)
(10 -5.309959371e-16 -3.908501766e-16)
(10 2.030301617e-16 7.661295755e-17)
(10 2.179300705e-16 1.940591877e-16)
(10 1.914022095e-16 1.564437438e-16)
(10 3.967253901e-16 -6.142892948e-16)
(10 -7.892288105e-17 6.213081467e-16)
(10 -2.585798646e-16 2.63940324e-16)
(10 3.099361999e-16 2.205613667e-16)
(10 -2.253598177e-16 -2.271492774e-16)
(10 -5.845415767e-17 1.269389151e-16)
(10 -4.113289303e-16 3.103697463e-16)
(10 -2.804513887e-16 1.8230539e-16)
(10 -2.177170232e-17 -7.571648838e-17)
(10 2.115558615e-16 -8.349992145e-17)
(10 -6.780030098e-17 1.549248937e-16)
(10 -1.820881838e-16 -6.651417345e-17)
(10 -2.315712357e-16 1.288297897e-17)
(10 -3.604858548e-17 7.797505717e-16)
(10 -1.959022461e-16 2.966755624e-16)
(10 -4.527813795e-16 2.84229793e-16)
(10 8.517485773e-18 3.109506195e-17)
(10 -5.821685624e-17 2.011315598e-16)
(10 -1.57599631e-16 4.256786583e-17)
(10 -7.511947905e-17 -4.617334172e-16)
(10 2.315652255e-16 -3.373756552e-16)
(10 1.914212538e-16 -5.530711089e-16)
(10 -3.754423464e-17 -3.116279267e-16)
(10 4.619326547e-17 3.20197965e-16)
(10 -4.965320512e-17 -5.651813039e-18)
(10 3.232626165e-16 3.50258352e-16)
(10 -4.601928857e-16 -7.640301957e-17)
(10 2.618813494e-16 2.949202433e-17)
(10 -1.365865064e-16 -1.744219838e-17)
(10 2.188364463e-16 -5.564608176e-16)
(10 1.000862123e-15 -5.078880214e-16)
(10 -1.354184949e-16 7.67388769e-17)
(10 -4.236895985e-18 2.400961845e-18)
(10 -1.325615648e-19 7.511991338e-20)
(10 -4.147510002e-21 2.350308647e-21)
(10 -1.297649077e-22 7.353510527e-23)
(10 -4.060009803e-24 2.300724083e-24)
(10 -1.270272518e-25 7.198373197e-26)
(10 -1.189873892e-15 3.701821259e-15)
)
;

boundaryField
{
    left
    {
        type            dirichlet;
        value           uniform (4 0 0);
    }
    right
    {
        type            dirichlet;
        value           uniform (4 0 0);
    }
    sides
    {
        type            empty;
    }
}


// ************************************************************************* //
