/*--------------------------------*- C++ -*----------------------------------*\
| =========                 |                                                 |
| \\      /  F ield         | foam-extend: Open Source CFD                    |
|  \\    /   O peration     | Version:     4.1                                |
|   \\  /    A nd           | Web:         http://www.foam-extend.org         |
|    \\/     M anipulation  |                                                 |
\*---------------------------------------------------------------------------*/
FoamFile
{
    version     2.0;
    format      ascii;
    class       cellScalarField;
    location    "26.9";
    object      T;
}
// * * * * * * * * * * * * * * * * * * * * * * * * * * * * * * * * * * * * * //

dimensions      [0 0 0 0 1 0 0];

internalField   nonuniform 
100
(
(4 -5.703630593e-17 1.624202108e-17)
(4 1.058318298e-16 9.986658447e-17)
(4 -1.169083591e-18 -5.372933738e-17)
(4 9.255713565e-17 -5.538580474e-17)
(4 -7.537919097e-17 -2.091311298e-17)
(4 -3.91808674e-16 -1.462998438e-16)
(4 4.056781285e-16 1.152275847e-16)
(4 -4.668672078e-16 1.473796701e-16)
(4 8.399472018e-16 -8.751377645e-18)
(4 -1.282323915e-15 -2.023041298e-16)
(4 4.622372003e-16 3.426546287e-17)
(4 -2.693338922e-16 1.328839168e-16)
(4 7.694805906e-16 -2.848178726e-16)
(4 6.536940337e-16 2.85818889e-16)
(4 -8.887434992e-16 7.234198788e-17)
(4 9.045260245e-16 1.129911264e-17)
(4 -1.129622322e-15 3.212135847e-16)
(4 7.266904964e-16 -6.727129582e-17)
(4 -9.384543065e-16 2.059203772e-16)
(4 9.018420709e-16 -8.017931079e-17)
(4 -5.781127836e-16 9.663795795e-17)
(4 1.100019321e-16 -1.257808064e-16)
(4 -1.557206651e-16 -1.262812127e-16)
(4 7.824474479e-17 9.023356687e-17)
(4 -2.24466471e-17 1.700383064e-16)
(4 -8.956769079e-17 -6.41077042e-17)
(4 3.540292351e-17 -1.717055751e-16)
(4 8.329038793e-17 9.866980891e-17)
(4 -4.09841841e-16 -6.271445103e-17)
(4 4.847615508e-16 3.255716951e-16)
(4 1.455019551e-14 8.568144404e-15)
(4 1.832634563e-13 9.727419127e-14)
(4 2.105123606e-12 1.089740298e-12)
(4 2.267679851e-11 1.129134051e-11)
(4 2.255742458e-10 1.075244838e-10)
(4.000000002 2.058198723e-09 9.334107555e-10)
(4.000000018 1.710213542e-08 7.332970861e-09)
(4.000000139 1.284773241e-07 5.166052207e-08)
(4.000000974 8.639419769e-07 3.221172991e-07)
(4.000006112 5.136841814e-06 1.752983335e-06)
(4.0000339 2.671180215e-05 8.239249003e-06)
(4.000165015 0.0001206538242 3.326590633e-05)
(4.000702879 0.0004723068138 0.0001152500797)
(4.002621368 0.001604348185 0.0003431730586)
(4.008586679 0.004745410124 0.0008807386538)
(4.024821296 0.01227918142 0.001953992743)
(4.063675426 0.02793946433 0.003755684812)
(4.14585614 0.05619396194 0.006257177801)
(4.300231007 0.1004146888 0.009014758404)
(4.559003599 0.1601959749 0.0111438415)
(4.947827529 0.229215169 0.011595856)
(5.473756077 0.2954203424 0.009671642935)
(6.116702112 0.3443443093 0.005478709888)
(6.829762424 0.3643694687 5.980552199e-06)
(7.549733665 0.3512606058 -0.005276651765)
(8.213761795 0.3095335921 -0.009061161358)
(8.774947227 0.2501205709 -0.01070488177)
(9.210830246 0.1858895939 -0.01034504348)
(9.522868948 0.1274269759 -0.008649643273)
(9.729309929 0.08078807065 -0.006424622817)
(9.855857734 0.0474940897 -0.004304161923)
(9.927912059 0.02595482357 -0.002627043501)
(9.966110448 0.01321658922 -0.001471375011)
(9.985007902 0.006285509718 -0.0007604788321)
(9.993751544 0.002797961478 -0.000364366951)
(9.997543264 0.001168286034 -0.0001624638227)
(9.999087549 0.0004585184693 -6.764002596e-05)
(9.999679421 0.0001694838241 -2.637458817e-05)
(9.999893303 5.911505574e-05 -9.657987583e-06)
(9.999966311 1.949276125e-05 -3.329621477e-06)
(9.999989895 6.087436037e-06 -1.083229163e-06)
(9.999997116 1.803582195e-06 -3.332787648e-07)
(9.999999216 5.078176261e-07 -9.717294428e-08)
(9.999999797 1.360991985e-07 -2.69012986e-08)
(9.99999995 3.477455644e-08 -7.084151032e-09)
(9.999999988 8.483691534e-09 -1.777648637e-09)
(9.999999997 1.979077495e-09 -4.257679727e-10)
(9.999999999 4.420848265e-10 -9.748793595e-11)
(10 9.469377894e-11 -2.137056793e-11)
(10 1.947813979e-11 -4.49455472e-12)
(10 3.846231543e-12 -9.059847301e-13)
(10 7.280567652e-13 -1.748314299e-13)
(10 1.353748872e-13 -3.185524249e-14)
(10 2.543579446e-14 -5.874672936e-15)
(10 5.996864919e-15 -5.231315513e-16)
(10 -1.279776475e-15 -1.486945978e-16)
(10 1.309154749e-15 -6.895920551e-16)
(10 1.435426182e-16 -1.430161752e-16)
(10 2.082485651e-17 -7.043449317e-17)
(10 -1.193506114e-16 -3.882690703e-16)
(10 6.458977602e-16 -6.553178278e-16)
(10 -2.61477001e-16 -2.856414148e-16)
(10 1.232009027e-16 -5.594039891e-16)
(10 4.076304716e-16 -5.748190571e-16)
(10 1.009206181e-16 9.070101789e-17)
(10 -4.00056706e-16 -5.035295323e-16)
(10 -1.047360735e-16 2.875084102e-16)
(10 -2.108341702e-16 -2.126749305e-16)
(10 5.844016108e-16 -5.699796554e-16)
(10 -1.727880939e-15 3.464021445e-15)
)
;

boundaryField
{
    left
    {
        type            dirichlet;
        value           uniform (4 0 0);
    }
    right
    {
        type            dirichlet;
        value           uniform (4 0 0);
    }
    sides
    {
        type            empty;
    }
}


// ************************************************************************* //
