/*--------------------------------*- C++ -*----------------------------------*\
| =========                 |                                                 |
| \\      /  F ield         | foam-extend: Open Source CFD                    |
|  \\    /   O peration     | Version:     4.1                                |
|   \\  /    A nd           | Web:         http://www.foam-extend.org         |
|    \\/     M anipulation  |                                                 |
\*---------------------------------------------------------------------------*/
FoamFile
{
    version     2.0;
    format      ascii;
    class       cellScalarField;
    location    "31.7";
    object      T;
}
// * * * * * * * * * * * * * * * * * * * * * * * * * * * * * * * * * * * * * //

dimensions      [0 0 0 0 1 0 0];

internalField   nonuniform 
100
(
(4 -5.703630593e-17 1.624202108e-17)
(4 -6.657884339e-17 1.948576313e-18)
(4 4.406852143e-17 4.46861936e-17)
(4 -9.493261988e-17 1.463819095e-17)
(4 7.699222407e-17 4.875029237e-17)
(4 -5.269376808e-16 -9.2187111e-18)
(4 5.43335738e-16 -3.879954653e-17)
(4 -3.148205055e-16 -1.03315945e-16)
(4 8.640532135e-16 1.08252014e-16)
(4 -1.45300048e-15 -2.530337009e-16)
(4 1.949985972e-16 -4.127927726e-17)
(4 -1.631152977e-16 -7.409312048e-17)
(4 1.057693589e-15 -6.857981786e-18)
(4 -4.58721663e-16 -2.120254586e-16)
(4 5.912254296e-16 -1.018952811e-16)
(4 -8.833680374e-16 -1.167203464e-17)
(4 7.323689115e-16 -1.836811715e-16)
(4 -5.736471486e-16 9.213138619e-17)
(4 1.317088684e-16 1.810475944e-16)
(4 6.656229636e-17 2.970899246e-16)
(4 -1.183067929e-16 3.141129667e-16)
(4 8.974799542e-18 5.124178348e-17)
(4 -7.352497001e-17 3.01093761e-17)
(4 1.69238532e-16 1.883795864e-17)
(4 -2.031259555e-16 4.069066211e-16)
(4 1.167553741e-16 -1.374546384e-16)
(4 -6.33665202e-17 3.327251857e-17)
(4 -1.466269402e-16 6.002170199e-18)
(4 -3.853422668e-16 3.28687418e-16)
(4 3.468561209e-16 -8.927690294e-17)
(4 2.377273935e-16 -2.104564019e-16)
(4 2.219917713e-16 1.231292712e-17)
(4 -2.046193348e-16 4.817034096e-17)
(4 -2.708602081e-16 -2.352294253e-16)
(4 9.548956035e-16 -3.396120306e-17)
(4 -7.874847684e-16 3.106428228e-17)
(4 2.733681704e-16 -7.269902226e-17)
(4 1.68253471e-15 1.817589024e-15)
(4 2.994730197e-14 1.623365332e-14)
(4 3.351616798e-13 1.65967252e-13)
(4 3.320706145e-12 1.585345261e-12)
(4 3.063763281e-11 1.40504538e-11)
(4 2.617176215e-10 1.146670957e-10)
(4.000000002 2.057640499e-09 8.567335159e-10)
(4.000000016 1.479912294e-08 5.818267781e-09)
(4.00000011 9.668263145e-08 3.561182477e-08)
(4.000000681 5.692490366e-07 1.94729252e-07)
(4.000003786 2.998763998e-06 9.443044012e-07)
(4.00001887 1.405867916e-05 4.041543942e-06)
(4.000084074 5.848855476e-05 1.523329308e-05)
(4.000334549 0.000215822619 5.056137581e-05)
(4.001190154 0.0007072565103 0.0001479731647)
(4.003794203 0.002063413204 0.0003826028905)
(4.010875488 0.005376606216 0.0008758767576)
(4.028137097 0.01255688244 0.001778556951)
(4.065987133 0.02638155932 0.003207085127)
(4.140906614 0.05004380168 0.005134761187)
(4.275235436 0.08601506339 0.007283723402)
(4.494133929 0.134417119 0.009101341999)
(4.819376264 0.1916028691 0.009890824161)
(5.261340892 0.2498943331 0.009082846793)
(5.812203278 0.299079878 0.006526949351)
(6.443696768 0.3293799875 0.002633556835)
(7.111270802 0.3346780779 -0.001736126399)
(7.763669954 0.3145292375 -0.005589400764)
(8.354466172 0.2740499849 -0.008165288908)
(8.851346805 0.2218794439 -0.009162880576)
(9.240296047 0.1672872475 -0.00875063226)
(9.5242561 0.1176975159 -0.007398680178)
(9.717990119 0.07742734283 -0.005650813524)
(9.841746226 0.04771716631 -0.003945954127)
(9.915900622 0.02759994502 -0.002539797759)
(9.957653466 0.01500952296 -0.001515727326)
(9.979782252 0.007687697811 -0.0008425812539)
(9.990840104 0.003714648353 -0.0004379198286)
(9.996058324 0.001696014284 -0.0002134719505)
(9.998387423 0.0007328390438 -9.786838807e-05)
(9.999372166 0.0003001314775 -4.230181616e-05)
(9.999767136 0.0001166743962 -1.727622726e-05)
(9.999917634 4.311410641e-05 -6.680221431e-06)
(9.999972187 1.516505705e-05 -2.450187387e-06)
(9.999991025 5.084327253e-06 -8.539560056e-07)
(9.999997229 1.626878798e-06 -2.832799336e-07)
(9.999999181 4.974628482e-07 -8.958142399e-08)
(9.999999768 1.455411487e-07 -2.704492827e-08)
(9.999999937 4.078979257e-08 -7.806085367e-09)
(9.999999983 1.096386785e-08 -2.156985202e-09)
(9.999999996 2.829530946e-09 -5.713325921e-10)
(9.999999999 7.019074298e-10 -1.452434692e-10)
(10 1.675436256e-10 -3.548095796e-11)
(10 3.85222389e-11 -8.338671233e-12)
(10 8.540243001e-12 -1.888878407e-12)
(10 1.82482621e-12 -4.118004665e-13)
(10 3.785922259e-13 -8.749466575e-14)
(10 6.985867081e-14 -1.53746886e-14)
(10 1.877460597e-14 -2.673600165e-15)
(10 5.985095584e-15 -1.944147708e-15)
(10 -8.567111076e-16 -3.150069883e-16)
(10 1.304966154e-16 -2.420998256e-17)
(10 -9.864595734e-16 2.85155645e-15)
)
;

boundaryField
{
    left
    {
        type            dirichlet;
        value           uniform (4 0 0);
    }
    right
    {
        type            dirichlet;
        value           uniform (4 0 0);
    }
    sides
    {
        type            empty;
    }
}


// ************************************************************************* //
