/*--------------------------------*- C++ -*----------------------------------*\
| =========                 |                                                 |
| \\      /  F ield         | foam-extend: Open Source CFD                    |
|  \\    /   O peration     | Version:     4.1                                |
|   \\  /    A nd           | Web:         http://www.foam-extend.org         |
|    \\/     M anipulation  |                                                 |
\*---------------------------------------------------------------------------*/
FoamFile
{
    version     2.0;
    format      ascii;
    class       cellScalarField;
    location    "36.4";
    object      T;
}
// * * * * * * * * * * * * * * * * * * * * * * * * * * * * * * * * * * * * * //

dimensions      [0 0 0 0 1 0 0];

internalField   nonuniform 
100
(
(4 -5.703630593e-17 1.624202108e-17)
(4 -8.829192877e-17 1.519654989e-17)
(4 -5.810223143e-18 -1.145187756e-16)
(4 -8.239849834e-17 3.474512109e-18)
(4 -4.964190329e-18 -6.455619187e-17)
(4 -7.131429242e-16 -3.825824434e-17)
(4 4.05795127e-16 -1.68241614e-16)
(4 -3.200544739e-16 -9.625076267e-17)
(4 9.269022048e-16 5.564308013e-17)
(4 -1.234085597e-15 1.188246628e-16)
(4 2.27456354e-16 -1.180122449e-16)
(4 1.325515071e-16 -3.55111829e-17)
(4 7.475069843e-16 -9.164584817e-17)
(4 -2.315870955e-16 -2.668143365e-16)
(4 5.539572256e-16 3.234111301e-17)
(4 -9.149389919e-16 2.28572832e-16)
(4 6.46391165e-16 -1.268531799e-16)
(4 7.749472202e-17 -1.537299297e-16)
(4 3.37111531e-17 -1.71445049e-16)
(4 -3.029864438e-17 -8.473103204e-18)
(4 1.40040737e-16 1.544072383e-16)
(4 -2.664334956e-16 -1.217517901e-16)
(4 7.417464661e-16 1.796099783e-16)
(4 -7.715631274e-16 -3.225330701e-17)
(4 6.993096462e-16 1.312251479e-16)
(4 -8.431052936e-16 2.942629788e-16)
(4 8.109364944e-16 -3.569033777e-17)
(4 -9.175027457e-16 1.118161932e-16)
(4 3.004505241e-16 -4.29630601e-17)
(4 -4.724567548e-16 -3.845470974e-17)
(4 7.856196612e-16 -3.085368654e-16)
(4 -2.989205862e-16 2.06482345e-16)
(4 -8.971387234e-17 -1.270731578e-16)
(4 -1.912979145e-16 1.892429087e-16)
(4 6.145777905e-16 4.59541009e-17)
(4 -8.641774669e-16 -8.534754793e-17)
(4 5.354551509e-16 -1.261218297e-16)
(4 -4.049893023e-16 8.423737173e-18)
(4 3.376828125e-16 -9.80080876e-18)
(4 -2.06637019e-16 6.553992687e-17)
(4 -7.554802775e-17 -7.483035058e-17)
(4 1.10315111e-17 1.178104165e-16)
(4 -1.184760757e-16 1.203803395e-16)
(4 1.612915e-17 -2.755303004e-18)
(4 -5.309567716e-16 6.376451349e-17)
(4 6.705076882e-15 3.819214134e-15)
(4 7.06393668e-14 3.362946671e-14)
(4 6.597005514e-13 3.050690824e-13)
(4 5.707367615e-12 2.524162103e-12)
(4 4.588346143e-11 1.944887502e-11)
(4 3.422218204e-10 1.383790005e-10)
(4.000000003 2.355685894e-09 9.038705236e-10)
(4.000000017 1.488463515e-08 5.387503234e-09)
(4.000000104 8.585759075e-08 2.912744746e-08)
(4.00000057 4.498239005e-07 1.421036943e-07)
(4.000002848 2.13211172e-06 6.232646348e-07)
(4.000012916 9.120112888e-06 2.452336164e-06)
(4.000053096 3.517092199e-05 8.650319319e-06)
(4.000197877 0.000122318074 2.736607204e-05)
(4.000669356 0.0003841289368 7.773554838e-05)
(4.002059232 0.001091423866 0.0001985724582)
(4.005776139 0.002812388324 0.0004568960451)
(4.014815526 0.006589621257 0.00094832305)
(4.034858964 0.01407769256 0.001777500043)
(4.075487096 0.0274964642 0.003010001551)
(4.150968772 0.04923415483 0.004602244258)
(4.279832282 0.08102834912 0.006339373923)
(4.482493446 0.1228806767 0.007827317274)
(4.776800733 0.1721299551 0.008574769255)
(5.17236429 0.2232336942 0.008157866265)
(5.665502001 0.2686287359 0.006404968021)
(6.236937177 0.3005732205 0.003509472328)
(6.853649755 0.3133487015 2.608218906e-06)
(7.474731001 0.3049451189 -0.003412515086)
(8.059469099 0.27754434 -0.006091830067)
(8.575037959 0.2366615343 -0.007642456019)
(9.001478973 0.1893846484 -0.008000613477)
(9.332903733 0.1424599039 -0.007383437829)
(9.575310875 0.1008914172 -0.006160541327)
(9.742418843 0.06737337549 -0.004713589596)
(9.851155198 0.04248458252 -0.003337085896)
(9.918034568 0.02533372505 -0.002199838928)
(9.956969916 0.01430499567 -0.001356617088)
(9.978453522 0.007659062694 -0.0007855425023)
(9.989703234 0.003893354919 -0.0004283956438)
(9.995300692 0.001881386934 -0.0002205980551)
(9.997950318 0.0008653029428 -0.000107501499)
(9.99914496 0.000379236394 -4.967655124e-05)
(9.999658592 0.0001585644405 -2.180710248e-05)
(9.999869414 6.332055318e-05 -9.109082487e-06)
(9.999952114 2.417705191e-05 -3.626180802e-06)
(9.999983151 8.835808911e-06 -1.377675928e-06)
(9.999994307 3.094044643e-06 -5.002137762e-07)
(9.999998151 1.039168152e-06 -1.73792939e-07)
(9.999999423 3.350848886e-07 -5.785038685e-08)
(9.999999826 1.038373961e-07 -1.847072557e-08)
(9.99999995 3.095226448e-08 -5.663037996e-09)
(9.999999986 8.883219514e-09 -1.669044843e-09)
(9.999999996 2.456846357e-09 -4.733543326e-10)
(9.999999999 6.553792046e-10 -1.29309573e-10)
)
;

boundaryField
{
    left
    {
        type            dirichlet;
        value           uniform (4 0 0);
    }
    right
    {
        type            dirichlet;
        value           uniform (4 0 0);
    }
    sides
    {
        type            empty;
    }
}


// ************************************************************************* //
