/*--------------------------------*- C++ -*----------------------------------*\
| =========                 |                                                 |
| \\      /  F ield         | foam-extend: Open Source CFD                    |
|  \\    /   O peration     | Version:     4.1                                |
|   \\  /    A nd           | Web:         http://www.foam-extend.org         |
|    \\/     M anipulation  |                                                 |
\*---------------------------------------------------------------------------*/
FoamFile
{
    version     2.0;
    format      ascii;
    class       cellScalarField;
    location    "30.2";
    object      T;
}
// * * * * * * * * * * * * * * * * * * * * * * * * * * * * * * * * * * * * * //

dimensions      [0 0 0 0 1 0 0];

internalField   nonuniform 
100
(
(4 -5.703630593e-17 1.624202108e-17)
(4 -2.409154116e-17 2.375824073e-16)
(4 -1.268471174e-16 2.851155637e-16)
(4 -2.158138566e-17 -1.61533533e-17)
(4 -6.222545057e-17 2.905155665e-17)
(4 -4.252941717e-16 -1.03924647e-16)
(4 3.67510665e-16 5.091926214e-17)
(4 -4.93040256e-16 -1.182247547e-16)
(4 8.606080843e-16 -1.784586875e-17)
(4 -1.342015369e-15 2.594216313e-16)
(4 1.258521729e-16 -1.898588431e-16)
(4 1.892568979e-16 1.020128136e-16)
(4 4.627824773e-16 -7.621349203e-17)
(4 -2.10384256e-16 -1.007516877e-17)
(4 3.128597566e-17 8.774753857e-17)
(4 -5.645101918e-17 1.675392417e-16)
(4 3.37256719e-17 -1.129627909e-16)
(4 -1.599624099e-16 6.683566543e-17)
(4 1.842868284e-16 4.230492812e-17)
(4 -7.419569484e-17 4.63839041e-17)
(4 1.54692537e-17 5.252561181e-17)
(4 1.661072375e-17 5.736607794e-17)
(4 6.817781868e-17 -1.069065702e-16)
(4 -1.381310458e-17 1.216703343e-16)
(4 -1.04842007e-16 1.942788905e-16)
(4 -9.610005047e-17 1.435372057e-17)
(4 3.099214724e-17 -1.9834442e-18)
(4 -6.300353113e-17 -1.211681304e-18)
(4 -6.057097807e-16 -1.221109992e-16)
(4 8.749436191e-16 1.66074684e-16)
(4 -6.531401587e-16 2.808091178e-16)
(4 1.947890004e-16 -1.539310081e-16)
(4 1.118961099e-16 -7.689517273e-17)
(4 -3.742955856e-16 -1.226068327e-16)
(4 8.576293973e-16 -1.758614236e-17)
(4 5.977224125e-15 4.590115559e-15)
(4 8.673900397e-14 4.502487851e-14)
(4 9.324641866e-13 4.644016033e-13)
(4 9.335670322e-12 4.479839204e-12)
(4 8.673922096e-11 3.988457825e-11)
(4.000000001 7.431624753e-10 3.257578751e-10)
(4.000000006 5.835872864e-09 2.424412253e-09)
(4.000000046 4.172266074e-08 1.630855224e-08)
(4.000000309 2.693702615e-07 9.818291506e-08)
(4.000001878 1.556533757e-06 5.238215162e-07)
(4.000010215 7.987088328e-06 2.457703677e-06)
(4.000049485 3.620443075e-05 1.009590106e-05)
(4.000212958 0.0001446451192 3.625711104e-05)
(4.000814024 0.0005095033238 0.0001139101724)
(4.002768873 0.001585644953 0.0003136694498)
(4.008407699 0.004373970501 0.0007588272786)
(4.02288333 0.01073512466 0.001616356782)
(4.056080598 0.02353720163 0.003036226223)
(4.124357449 0.04628993188 0.005031295685)
(4.250780205 0.08198399437 0.007342125685)
(4.462314215 0.1312625507 0.009385012274)
(4.783304049 0.1906774928 0.01037865497)
(5.226539678 0.2521728179 0.009651178478)
(5.785278653 0.3046129183 0.006990848331)
(6.430246266 0.3371184063 0.002831247739)
(7.113960804 0.3428160612 -0.001865358582)
(7.781394144 0.3212021209 -0.005981243899)
(8.382935771 0.2780146411 -0.00867096899)
(8.884726135 0.2228473477 -0.009623787677)
(9.27305749 0.1658160184 -0.009061685182)
(9.552495719 0.1147910774 -0.007531805015)
(9.739870519 0.07409598588 -0.005639334813)
(9.857192664 0.04468799017 -0.003850442679)
(9.925924749 0.02523288021 -0.002417342763)
(9.963672021 0.01336476301 -0.001403929077)
(9.983141977 0.006652476811 -0.0007578585308)
(9.992590796 0.003117561919 -0.0003817248769)
(9.996912728 0.001377884489 -0.0001799951422)
(9.998779095 0.0005753192278 -7.96830677e-05)
(9.99954125 0.0002273070551 -3.320308144e-05)
(9.999836035 8.511631975e-05 -1.305288552e-05)
(9.99994419 3.025351951e-05 -4.851515123e-06)
(9.999981888 1.022232055e-05 -1.708250255e-06)
(9.99999439 3.288227271e-06 -5.708659541e-07)
(9.999998339 1.008376193e-06 -1.813776279e-07)
(9.99999953 2.952048412e-07 -5.488049054e-08)
(9.999999872 8.261116651e-08 -1.58386796e-08)
(9.999999967 2.212715149e-08 -4.366533038e-09)
(9.999999992 5.679684813e-09 -1.151575709e-09)
(9.999999998 1.398812208e-09 -2.909232292e-10)
(10 3.30934317e-10 -7.04984082e-11)
(10 7.529271407e-11 -1.640633056e-11)
(10 1.649118306e-11 -3.671137201e-12)
(10 3.479542819e-12 -7.916692413e-13)
(10 7.112496578e-13 -1.656577496e-13)
(10 1.380638982e-13 -3.279102016e-14)
(10 2.595504528e-14 -5.533847327e-15)
(10 9.670820016e-15 -2.530014569e-15)
(10 -4.357560168e-16 7.060634451e-16)
(10 -5.156098393e-17 -1.270232964e-16)
(10 -1.410247397e-16 6.142056143e-17)
(10 2.069701956e-16 -4.025611489e-16)
(10 -3.751405316e-17 -2.552034101e-16)
(10 -6.820102833e-17 -5.273957516e-17)
(10 -1.737336812e-15 4.553226368e-15)
)
;

boundaryField
{
    left
    {
        type            dirichlet;
        value           uniform (4 0 0);
    }
    right
    {
        type            dirichlet;
        value           uniform (4 0 0);
    }
    sides
    {
        type            empty;
    }
}


// ************************************************************************* //
