/*--------------------------------*- C++ -*----------------------------------*\
| =========                 |                                                 |
| \\      /  F ield         | foam-extend: Open Source CFD                    |
|  \\    /   O peration     | Version:     4.1                                |
|   \\  /    A nd           | Web:         http://www.foam-extend.org         |
|    \\/     M anipulation  |                                                 |
\*---------------------------------------------------------------------------*/
FoamFile
{
    version     2.0;
    format      ascii;
    class       cellScalarField;
    location    "11.6";
    object      T;
}
// * * * * * * * * * * * * * * * * * * * * * * * * * * * * * * * * * * * * * //

dimensions      [0 0 0 0 1 0 0];

internalField   nonuniform 
100
(
(4 -5.703630593e-17 1.624202108e-17)
(4 -6.301263861e-17 2.653835815e-16)
(4 -2.293034691e-16 -1.008526564e-16)
(4 2.105682526e-18 -4.334847362e-17)
(4 8.367490842e-17 2.028762481e-16)
(4 -2.282821434e-16 1.961045945e-16)
(4 -2.991852761e-17 -8.793828292e-16)
(4 3.30100606e-14 5.612114509e-14)
(4 1.272520089e-12 3.83377629e-13)
(4 1.614647827e-11 1.719551983e-11)
(4 5.990470866e-10 3.613074064e-10)
(4.000000008 8.540788813e-09 5.190136433e-09)
(4.000000126 1.490273284e-07 9.447867388e-08)
(4.000001911 2.147520983e-06 1.136533857e-06)
(4.000022473 2.369885079e-05 1.21324275e-05)
(4.000234899 0.0002436416122 0.0001158052481)
(4.002079313 0.001997725043 0.0007744097208)
(4.013744908 0.01142510661 0.003395209369)
(4.065621386 0.04524866112 0.009947699361)
(4.23108071 0.1281676793 0.01992569123)
(4.621397113 0.2688668916 0.02723502172)
(5.32223088 0.4304687364 0.02366222882)
(6.303854304 0.5393346472 0.007964052433)
(7.398920782 0.5400310007 -0.01108638353)
(8.389446545 0.4400069995 -0.02279000944)
(9.127394818 0.2963861184 -0.02361518558)
(9.586594337 0.1674042028 -0.01752202525)
(9.828315458 0.08031099245 -0.01021210102)
(9.937219393 0.03311448214 -0.004882859713)
(9.979671355 0.01186433684 -0.001967342658)
(9.994134616 0.00373128286 -0.0006808689526)
(9.998482195 0.001039814308 -0.0002054807636)
(9.999645432 0.000259021796 -5.475679267e-05)
(9.999924748 5.814610682e-05 -1.302354145e-05)
(9.999985401 1.185123309e-05 -2.790810661e-06)
(9.999997396 2.208342965e-06 -5.433318657e-07)
(9.999999571 3.786094665e-07 -9.682147752e-08)
(9.999999934 6.007241153e-08 -1.589858769e-08)
(9.999999991 8.868372039e-09 -2.420176004e-09)
(9.999999999 1.224136767e-09 -3.434055341e-10)
(10 1.587053618e-10 -4.564426592e-11)
(10 1.940557044e-11 -5.708804843e-12)
(10 2.246990186e-12 -6.742199769e-13)
(10 2.442875187e-13 -7.574897494e-14)
(10 2.538615698e-14 -8.5800228e-15)
(10 5.000644849e-16 -7.961366756e-16)
(10 -2.434507021e-16 -1.759938598e-16)
(10 2.853223835e-16 1.107740018e-16)
(10 -7.814096347e-17 -1.527697747e-16)
(10 -1.639522384e-17 4.464237878e-16)
(10 1.021450764e-16 1.339965068e-16)
(10 -1.504299045e-16 9.401746242e-17)
(10 1.364786301e-17 -3.025960258e-16)
(10 1.402750647e-16 -6.841898963e-16)
(10 3.703352808e-16 2.167037097e-16)
(10 3.190236381e-16 -3.882772058e-16)
(10 3.423614119e-16 -5.53225593e-17)
(10 5.015795238e-16 -4.339520981e-16)
(10 5.071190689e-16 2.45474017e-17)
(10 -8.302948909e-17 -3.548460636e-17)
(10 3.999877089e-17 -2.637564498e-16)
(10 3.864605507e-16 -1.322793358e-16)
(10 3.792219571e-16 2.675941469e-16)
(10 -2.692223698e-16 -6.819399746e-17)
(10 -4.466438629e-17 1.066389364e-17)
(10 1.883596659e-16 -2.995782769e-16)
(10 3.560854982e-16 -2.050960807e-16)
(10 -2.319949957e-16 2.492483448e-16)
(10 1.080250752e-16 3.406773692e-16)
(10 -2.655117836e-16 -2.524533627e-16)
(10 -2.563961029e-17 6.354542336e-16)
(10 -6.244182181e-17 5.017414577e-16)
(10 -1.922935627e-16 1.533210902e-16)
(10 1.888007353e-17 2.597586292e-16)
(10 -4.635663696e-16 -3.195808067e-17)
(10 4.299613523e-16 -2.950423508e-16)
(10 -1.391273054e-16 -2.441232131e-16)
(10 2.665530022e-16 -2.115079856e-16)
(10 9.890403119e-17 -2.356381319e-16)
(10 2.019141626e-16 -9.732529338e-17)
(10 3.154734798e-16 -1.955390196e-16)
(10 1.656118708e-16 -2.756860288e-17)
(10 6.611498587e-17 3.325026578e-16)
(10 -4.68473149e-17 4.057691226e-16)
(10 1.661429013e-16 -3.988994823e-17)
(10 -3.046388356e-16 -2.973511542e-16)
(10 5.972369651e-16 1.752576444e-16)
(10 1.03656383e-16 1.548794667e-16)
(10 2.740066193e-16 -1.912525374e-16)
(10 -4.54950108e-16 -4.21189907e-16)
(10 1.985067305e-16 7.936791167e-17)
(10 2.176562712e-16 1.941894376e-16)
(10 1.914056517e-16 1.564400264e-16)
(10 3.967264382e-16 -6.142898979e-16)
(10 -7.892286304e-17 6.213081073e-16)
(10 -2.585798415e-16 2.639403201e-16)
(10 3.099361937e-16 2.20561368e-16)
(10 -2.253598165e-16 -2.271492781e-16)
(10 -5.845415744e-17 1.269389152e-16)
(10 -1.687881248e-15 3.934769345e-15)
)
;

boundaryField
{
    left
    {
        type            dirichlet;
        value           uniform (4 0 0);
    }
    right
    {
        type            dirichlet;
        value           uniform (4 0 0);
    }
    sides
    {
        type            empty;
    }
}


// ************************************************************************* //
