/*--------------------------------*- C++ -*----------------------------------*\
| =========                 |                                                 |
| \\      /  F ield         | foam-extend: Open Source CFD                    |
|  \\    /   O peration     | Version:     4.1                                |
|   \\  /    A nd           | Web:         http://www.foam-extend.org         |
|    \\/     M anipulation  |                                                 |
\*---------------------------------------------------------------------------*/
FoamFile
{
    version     2.0;
    format      ascii;
    class       cellScalarField;
    location    "21.2";
    object      T;
}
// * * * * * * * * * * * * * * * * * * * * * * * * * * * * * * * * * * * * * //

dimensions      [0 0 0 0 1 0 0];

internalField   nonuniform 
100
(
(4 -5.703630593e-17 1.624202108e-17)
(4 4.024210698e-17 7.838691716e-17)
(4 -9.312733282e-17 3.282030867e-17)
(4 5.491874804e-18 1.105682596e-16)
(4 2.419064552e-16 -1.431568114e-16)
(4 -7.13055938e-16 2.663233298e-17)
(4 4.506690852e-16 -1.977988874e-16)
(4 -2.962252096e-16 5.521444586e-17)
(4 8.439963253e-16 1.644325778e-16)
(4 -1.469803487e-15 3.097307073e-16)
(4 -2.900072654e-17 -1.472189908e-17)
(4 1.215114803e-15 -2.17709871e-16)
(4 -2.951990759e-16 -2.567285567e-16)
(4 1.935826567e-16 1.22198874e-16)
(4 2.832700371e-16 1.317085604e-16)
(4 -3.451902983e-16 -2.948972802e-16)
(4 3.878942158e-16 4.212034587e-17)
(4 8.879039728e-17 -1.19911222e-16)
(4 1.43874843e-16 2.831845215e-16)
(4 2.485517115e-15 -8.729205337e-17)
(4 1.626230861e-15 -6.340393789e-16)
(4 8.829382623e-15 8.035416647e-15)
(4 1.88499164e-13 1.114160635e-13)
(4 2.710456982e-12 1.546815711e-12)
(4 3.555220913e-11 1.939572142e-11)
(4 4.250290888e-10 2.228214179e-10)
(4.000000004 4.649419827e-09 2.319710467e-09)
(4.000000045 4.577396229e-08 2.151782005e-08)
(4.000000409 4.022384921e-07 1.772504979e-07)
(4.00000333 3.13369918e-06 1.277161758e-06)
(4.00002382 2.120716587e-05 7.816111682e-06)
(4.000146918 0.0001216216553 3.962823725e-05)
(4.000768994 0.0005818331575 0.0001645442633)
(4.003393929 0.002311877483 0.0005589285449)
(4.012650911 0.007655716765 0.001559408453)
(4.040087239 0.02128149036 0.003591855132)
(4.108953991 0.05009084731 0.006855284421)
(4.256554362 0.1007082915 0.01084006154)
(4.52886185 0.1744057082 0.01409439806)
(4.964601924 0.262195579 0.01470891113)
(5.573652262 0.3446417687 0.01145744756)
(6.322097463 0.3986951223 0.004799347795)
(7.135585427 0.4083829337 -0.003145233056)
(7.921967718 0.3724520244 -0.00973056314)
(8.601552181 0.3040169113 -0.0131832515)
(9.12910619 0.2231763159 -0.01328468034)
(9.498646206 0.1480095039 -0.01105723722)
(9.733215784 0.08905884442 -0.00792516433)
(9.868685866 0.04881639437 -0.005000863354)
(9.940141266 0.02446934826 -0.002817217089)
(9.974689594 0.01125731236 -0.001430970162)
(9.990054472 0.004769997315 -0.0006603550254)
(9.996360943 0.001867763507 -0.000278579839)
(9.99875748 0.0006780060477 -0.000108001451)
(9.999603249 0.0002288668273 -3.865572672e-05)
(9.999881261 7.205173788e-05 -1.282588896e-05)
(9.99996662 2.121488317e-05 -3.959786869e-06)
(9.999991166 5.857916973e-06 -1.141449202e-06)
(9.999997795 1.520811258e-06 -3.081926677e-07)
(9.999999479 3.721457367e-07 -7.817289646e-08)
(9.999999884 8.603732658e-08 -1.867945318e-08)
(9.999999975 1.88357586e-08 -4.21579618e-09)
(9.999999995 3.913320956e-09 -9.008888222e-10)
(9.999999999 7.73171686e-10 -1.827019708e-10)
(10 1.455583992e-10 -3.524186841e-11)
(10 2.616308742e-11 -6.47858647e-12)
(10 4.49262361e-12 -1.138019786e-12)
(10 7.348363316e-13 -1.900395186e-13)
(10 1.150270434e-13 -2.953080972e-14)
(10 1.853240888e-14 -4.441292263e-15)
(10 3.903335794e-15 -2.180521177e-15)
(10 -1.610877396e-16 -4.803656757e-16)
(10 3.232540198e-16 -2.618124794e-16)
(10 4.199816036e-17 -3.71218709e-16)
(10 2.046516656e-16 -3.932510154e-16)
(10 4.755509119e-16 -6.207733296e-17)
(10 -2.64864629e-17 -1.473808429e-16)
(10 2.235240503e-17 2.410580778e-16)
(10 3.157112035e-18 -3.592415e-16)
(10 -1.210954224e-16 1.792642904e-16)
(10 7.947764945e-17 -2.09990274e-17)
(10 4.138888412e-16 -1.092860843e-16)
(10 -1.24154103e-16 3.249744806e-16)
(10 -3.892689148e-16 1.692720748e-16)
(10 1.021348173e-16 9.088877884e-17)
(10 3.279437094e-17 -2.289464327e-16)
(10 2.362588536e-16 -2.465509525e-16)
(10 8.874862967e-17 9.991100422e-17)
(10 7.866512404e-16 3.168088148e-16)
(10 1.427724217e-16 1.637259899e-16)
(10 -7.57917765e-16 -5.928541798e-17)
(10 1.646385493e-16 3.709475754e-16)
(10 -2.758166916e-16 2.072402391e-16)
(10 -1.410903882e-16 -5.338317495e-16)
(10 2.978505483e-17 -1.368487963e-16)
(10 3.928872371e-16 -5.715887877e-16)
(10 3.6348676e-16 -1.472394072e-16)
(10 -5.861908988e-17 -6.999751709e-17)
(10 -2.613963939e-16 -4.960736591e-16)
(10 4.937025185e-16 3.001420745e-15)
)
;

boundaryField
{
    left
    {
        type            dirichlet;
        value           uniform (4 0 0);
    }
    right
    {
        type            dirichlet;
        value           uniform (4 0 0);
    }
    sides
    {
        type            empty;
    }
}


// ************************************************************************* //
