/*--------------------------------*- C++ -*----------------------------------*\
| =========                 |                                                 |
| \\      /  F ield         | foam-extend: Open Source CFD                    |
|  \\    /   O peration     | Version:     4.1                                |
|   \\  /    A nd           | Web:         http://www.foam-extend.org         |
|    \\/     M anipulation  |                                                 |
\*---------------------------------------------------------------------------*/
FoamFile
{
    version     2.0;
    format      ascii;
    class       cellScalarField;
    location    "36.6";
    object      T;
}
// * * * * * * * * * * * * * * * * * * * * * * * * * * * * * * * * * * * * * //

dimensions      [0 0 0 0 1 0 0];

internalField   nonuniform 
100
(
(4 -5.703630593e-17 1.624202108e-17)
(4 -1.929572098e-16 -4.55325474e-17)
(4 -3.918277052e-17 -1.046204842e-17)
(4 -2.022158979e-16 -5.767485344e-17)
(4 8.888696798e-17 -1.628824612e-16)
(4 -5.405080473e-16 6.314435344e-17)
(4 5.574406579e-16 -1.02681092e-16)
(4 -5.843640362e-16 -7.614602645e-17)
(4 8.565691985e-16 -3.892942569e-17)
(4 -1.399207501e-15 5.95560139e-17)
(4 3.634323805e-16 8.847042289e-17)
(4 -4.096309493e-16 2.346440842e-16)
(4 8.873334301e-16 -1.924394089e-16)
(4 -5.933429713e-16 4.294525457e-17)
(4 4.383949713e-16 1.929948862e-16)
(4 -8.491493963e-16 -7.022390993e-17)
(4 8.024680011e-16 -2.066046881e-16)
(4 -7.079527998e-16 6.050389779e-16)
(4 2.274883882e-16 -1.777955931e-16)
(4 -1.344859562e-16 -1.216886444e-17)
(4 7.460337491e-17 2.657098705e-16)
(4 -6.154844996e-17 2.440804555e-16)
(4 1.034697936e-16 2.479806153e-16)
(4 -6.192741862e-16 -1.953785741e-16)
(4 9.026023318e-16 6.236447628e-17)
(4 -7.445843691e-16 1.388770974e-16)
(4 5.321578429e-16 3.316679443e-17)
(4 -7.276895359e-16 3.144212443e-16)
(4 2.216269822e-16 3.792127018e-18)
(4 -3.983442271e-16 -2.0388919e-17)
(4 8.31299909e-16 -1.856494363e-17)
(4 -1.027987173e-15 3.32704817e-16)
(4 3.325298412e-16 -1.990989949e-16)
(4 -1.93376888e-16 3.187880582e-17)
(4 5.664326592e-16 -6.788672482e-18)
(4 -7.85558543e-16 -1.741525726e-16)
(4 4.397656613e-16 -6.051654935e-18)
(4 -2.906490208e-16 1.286707184e-16)
(4 3.269827334e-16 8.180426495e-17)
(4 -1.791008867e-16 2.736987598e-16)
(4 -6.205445027e-19 -1.605518798e-17)
(4 -8.1132201e-17 2.773047571e-16)
(4 -9.94149117e-17 3.132054231e-16)
(4 -2.665865262e-17 4.967099673e-17)
(4 -5.786618343e-16 1.373343577e-16)
(4 2.498415291e-15 1.631000863e-15)
(4 3.29928402e-14 1.651183636e-14)
(4 3.188774698e-13 1.486510318e-13)
(4 2.817104183e-12 1.258296297e-12)
(4 2.30751413e-11 9.897906263e-12)
(4 1.757281726e-10 7.201706724e-11)
(4.000000001 1.237416064e-09 4.820817542e-10)
(4.000000009 8.014487128e-09 2.951482107e-09)
(4.000000057 4.748530614e-08 1.64277718e-08)
(4.00000032 2.560423862e-07 8.267645079e-08)
(4.000001644 1.251042889e-06 3.746670869e-07)
(4.000007679 5.522971643e-06 1.524918314e-06)
(4.000032539 2.199859928e-05 5.568154403e-06)
(4.000125047 7.90505418e-05 1.824260649e-05)
(4.000436203 0.0002565253112 5.367621065e-05)
(4.001383576 0.000753058664 0.0001420411078)
(4.003999754 0.002004346759 0.0003385956663)
(4.01056768 0.004849086623 0.0007282029691)
(4.02559561 0.01069174891 0.001414707887)
(4.057015825 0.02154345649 0.002484439798)
(4.1172009 0.0397763575 0.003943371074)
(4.223089628 0.06747057936 0.005648402291)
(4.394632196 0.105410084 0.007273995311)
(4.651137791 0.1520489216 0.008356852971)
(5.00597114 0.2029682367 0.008430707487)
(5.461076752 0.2512937028 0.007210108513)
(6.003422216 0.2891783618 0.004739189043)
(6.605138537 0.3099283396 0.001423192789)
(7.227865359 0.3099631192 -0.002085741393)
(7.830141827 0.2898129689 -0.005101683824)
(8.375467849 0.2537797636 -0.007120397964)
(8.838506572 0.2084821368 -0.007946314511)
(9.207815218 0.1609407583 -0.007692713127)
(9.484928088 0.1169323605 -0.006680053839)
(9.680848007 0.08008229384 -0.005295107989)
(9.811553 0.05177383395 -0.00387244541)
(9.893950399 0.0316427349 -0.00263162969)
(9.943102163 0.01830736146 -0.001670545917)
(9.970883127 0.01004027046 -0.0009945682129)
(9.985780146 0.005226315844 -0.0005571427508)
(9.993368378 0.002585371715 -0.0002944685268)
(9.997044594 0.001216910681 -0.0001471885586)
(9.998740481 0.0005456568405 -6.972275893e-05)
(9.999486294 0.0002333505247 -3.135826366e-05)
(9.999799327 9.528317303e-05 -1.341364784e-05)
(9.99992486 3.718941178e-05 -5.465663212e-06)
(9.999973009 1.3889398e-05 -2.124599047e-06)
(9.999990691 4.968922933e-06 -7.889463305e-07)
(9.999996915 1.704505004e-06 -2.802331399e-07)
(9.999999017 5.612069303e-07 -9.53300354e-08)
(9.999999698 1.775241558e-07 -3.109495248e-08)
(9.999999911 5.400228534e-08 -9.736196333e-09)
(9.999999975 1.581203215e-08 -2.929527819e-09)
(9.999999993 4.460410395e-09 -8.47939774e-10)
(9.999999998 1.213262376e-09 -2.363330223e-10)
)
;

boundaryField
{
    left
    {
        type            dirichlet;
        value           uniform (4 0 0);
    }
    right
    {
        type            dirichlet;
        value           uniform (4 0 0);
    }
    sides
    {
        type            empty;
    }
}


// ************************************************************************* //
