/*--------------------------------*- C++ -*----------------------------------*\
| =========                 |                                                 |
| \\      /  F ield         | foam-extend: Open Source CFD                    |
|  \\    /   O peration     | Version:     4.1                                |
|   \\  /    A nd           | Web:         http://www.foam-extend.org         |
|    \\/     M anipulation  |                                                 |
\*---------------------------------------------------------------------------*/
FoamFile
{
    version     2.0;
    format      ascii;
    class       cellScalarField;
    location    "11.3";
    object      T;
}
// * * * * * * * * * * * * * * * * * * * * * * * * * * * * * * * * * * * * * //

dimensions      [0 0 0 0 1 0 0];

internalField   nonuniform 
100
(
(4 -5.703630593e-17 1.624202108e-17)
(4 -2.142412882e-16 -1.257629755e-16)
(4 -1.232920092e-16 -8.784396779e-17)
(4 -2.281392874e-16 -1.352864139e-16)
(4 1.960101955e-16 -1.988943985e-16)
(4 -3.840566734e-16 9.477558062e-17)
(4 -5.660880354e-15 -2.660199716e-16)
(4 2.94107882e-13 2.028872403e-13)
(4 2.641123847e-12 1.150933314e-12)
(4 9.418888755e-11 8.37227934e-11)
(4.000000002 2.134228406e-09 1.142069346e-09)
(4.000000027 3.090201647e-08 2.079060705e-08)
(4.000000469 5.575055721e-07 3.270240762e-07)
(4.000006429 6.973957231e-06 3.592673135e-06)
(4.000071632 7.5350566e-05 3.842788884e-05)
(4.000719604 0.000733254812 0.0003247426852)
(4.005716249 0.005201653726 0.001801085258)
(4.032717343 0.02509442898 0.006495310883)
(4.134928886 0.08413849 0.01566702191)
(4.414253225 0.2036396627 0.02562739382)
(4.98329115 0.3682879167 0.02756710157)
(5.871938479 0.5122112222 0.01590012375)
(6.961097664 0.5610478648 -0.00399120029)
(8.029917612 0.493856097 -0.02009828603)
(8.884364176 0.3555031203 -0.02505888142)
(9.449406067 0.2125475222 -0.02063270848)
(9.76279432 0.1070300402 -0.01294014177)
(9.910422451 0.04597656903 -0.006544000703)
(9.970181064 0.01704739571 -0.002755925144)
(9.991193726 0.005515698848 -0.0009880692777)
(9.997677027 0.001573079352 -0.0003067061378)
(9.99944891 0.00039918476 -8.356953956e-05)
(9.999881628 9.091425551e-05 -2.022265594e-05)
(9.999976829 1.873252635e-05 -4.39040849e-06)
(9.999995841 3.517733417e-06 -8.628585929e-07)
(9.999999312 6.061313047e-07 -1.547408858e-07)
(9.999999894 9.642679561e-08 -2.550351832e-08)
(9.999999985 1.424352829e-08 -3.887838771e-09)
(9.999999998 1.963710859e-09 -5.51363072e-10)
(10 2.538814675e-10 -7.312090146e-11)
(10 3.09158861e-11 -9.112682936e-12)
(10 3.56082105e-12 -1.071346502e-12)
(10 3.865666767e-13 -1.19454697e-13)
(10 3.955883688e-14 -1.282244671e-14)
(10 1.596624201e-15 -1.230238482e-15)
(10 6.205371906e-16 -1.116479745e-16)
(10 -2.456390876e-16 -1.178722892e-16)
(10 -3.778962755e-16 2.86857143e-16)
(10 5.546689039e-16 -5.209853735e-16)
(10 2.703698252e-16 2.112093161e-16)
(10 -2.009405371e-16 2.605916706e-16)
(10 -5.193392392e-17 4.31794944e-16)
(10 -2.148147143e-16 5.278152951e-16)
(10 2.177389793e-16 3.337461534e-16)
(10 2.031037688e-16 1.394148609e-16)
(10 3.317413257e-16 -1.431570582e-16)
(10 1.937521189e-16 3.560594659e-16)
(10 4.461000652e-16 -4.720659174e-17)
(10 5.291587786e-17 2.640956619e-16)
(10 -2.42691166e-16 2.098015523e-16)
(10 2.386509591e-16 -3.194661271e-16)
(10 6.423040018e-17 -8.302059473e-17)
(10 1.545120377e-16 -2.179585621e-17)
(10 -3.771131488e-16 9.434563249e-17)
(10 -3.434264307e-16 2.366422491e-16)
(10 8.1242271e-17 -1.519680062e-16)
(10 1.927495649e-16 2.831023397e-16)
(10 -3.699193512e-17 1.455401429e-16)
(10 5.647638788e-17 9.677336177e-17)
(10 -1.198963036e-16 3.454193877e-16)
(10 -7.85976037e-16 8.509081769e-17)
(10 1.664494992e-16 4.179496124e-18)
(10 -9.760588921e-17 -3.89207861e-16)
(10 4.659102451e-16 -2.421010073e-16)
(10 1.392265901e-16 -2.81259458e-16)
(10 3.069306557e-16 -7.602835061e-17)
(10 4.561536699e-16 -1.635817525e-16)
(10 1.859772822e-16 4.393996787e-17)
(10 -1.735701153e-18 5.177507537e-16)
(10 -1.847794875e-16 5.916354484e-16)
(10 2.281303504e-16 4.674851667e-18)
(10 -4.313323817e-16 -4.953266661e-16)
(10 4.445515717e-16 5.818242267e-17)
(10 2.262873195e-16 1.959635837e-16)
(10 4.007104771e-16 -1.731679773e-16)
(10 -1.4712263e-16 -3.932331223e-16)
(10 1.615527734e-16 2.366354436e-16)
(10 2.270862292e-16 3.74600485e-16)
(10 1.828715248e-16 3.196644018e-16)
(10 -1.827563123e-16 -2.767147857e-16)
(10 1.56592796e-16 6.16038027e-17)
(10 -3.119270199e-16 2.379022837e-16)
(10 4.593988402e-16 3.832337895e-16)
(10 -3.817954493e-16 -3.411569138e-16)
(10 -3.764792989e-17 1.25218338e-16)
(10 -1.557991579e-16 6.354682181e-16)
(10 -6.271847209e-16 2.798971551e-16)
(10 3.013673661e-17 -1.418887296e-16)
(10 3.376524337e-16 -6.385584559e-17)
(10 -7.54325697e-16 3.876251739e-15)
)
;

boundaryField
{
    left
    {
        type            dirichlet;
        value           uniform (4 0 0);
    }
    right
    {
        type            dirichlet;
        value           uniform (4 0 0);
    }
    sides
    {
        type            empty;
    }
}


// ************************************************************************* //
