/*--------------------------------*- C++ -*----------------------------------*\
| =========                 |                                                 |
| \\      /  F ield         | foam-extend: Open Source CFD                    |
|  \\    /   O peration     | Version:     4.1                                |
|   \\  /    A nd           | Web:         http://www.foam-extend.org         |
|    \\/     M anipulation  |                                                 |
\*---------------------------------------------------------------------------*/
FoamFile
{
    version     2.0;
    format      ascii;
    class       cellScalarField;
    location    "43.8";
    object      T;
}
// * * * * * * * * * * * * * * * * * * * * * * * * * * * * * * * * * * * * * //

dimensions      [0 0 0 0 1 0 0];

internalField   nonuniform 
100
(
(4 -5.703630593e-17 1.624202108e-17)
(4 6.26601449e-18 1.469684269e-16)
(4 -1.366431975e-16 -1.547405255e-16)
(4 1.882935084e-16 -1.786633394e-16)
(4 1.048241806e-16 -3.528931717e-17)
(4 -5.464030601e-16 2.33777528e-17)
(4 4.675517381e-16 -1.06185659e-16)
(4 -2.942698701e-16 1.287297316e-16)
(4 7.777285744e-16 1.020929489e-16)
(4 -1.560853196e-15 -3.962238524e-17)
(4 2.791090716e-16 -8.667068425e-17)
(4 -4.49318433e-17 4.488817661e-17)
(4 9.425848843e-16 -4.880428831e-17)
(4 -7.726361075e-16 2.089239111e-16)
(4 2.196586852e-16 -2.616758252e-16)
(4 -4.430436352e-17 2.634444137e-16)
(4 -1.014620655e-16 -2.408701019e-17)
(4 5.225401244e-17 -7.201400359e-17)
(4 -1.095157394e-16 -8.673217838e-17)
(4 1.586463407e-16 -1.05015091e-16)
(4 -1.031750744e-16 1.198127522e-16)
(4 -1.570781673e-16 -7.153428501e-18)
(4 -1.71189798e-16 -3.099089184e-17)
(4 -3.748493812e-17 3.150487336e-17)
(4 -9.260175587e-17 -1.550575473e-16)
(4 1.271119428e-16 -9.771360201e-17)
(4 -2.097943291e-16 1.717612903e-16)
(4 -2.781165147e-17 3.571962439e-18)
(4 -4.74765033e-16 -9.066494531e-17)
(4 3.323950242e-16 -3.490240948e-16)
(4 5.721703429e-16 6.669220456e-18)
(4 -7.196421337e-16 -2.724967004e-17)
(4 2.489656775e-16 -1.919559482e-16)
(4 -4.889530146e-16 -1.245463855e-16)
(4 4.724779048e-16 8.020819239e-17)
(4 -3.220412037e-16 1.527896051e-16)
(4 5.751459969e-16 8.658503537e-17)
(4 -8.634971379e-16 3.342192318e-16)
(4 4.437035801e-16 -4.993880791e-17)
(4 1.796609671e-18 -1.085158395e-16)
(4 1.255938317e-16 -2.16256593e-16)
(4 -1.839637295e-16 -9.348602555e-17)
(4 8.855755209e-18 3.488951566e-17)
(4 -1.601361289e-16 3.585136104e-16)
(4 -2.447931739e-16 6.225252404e-17)
(4 5.055476011e-16 1.758361122e-16)
(4 -5.720970133e-16 -9.34397976e-17)
(4 4.660624769e-16 -3.777126727e-17)
(4 -7.920436917e-16 1.906829823e-16)
(4 4.856796575e-16 1.561749125e-16)
(4 -1.90846874e-16 9.442462576e-17)
(4 -1.315035338e-16 6.689982817e-17)
(4 1.169368039e-16 -1.814937551e-16)
(4 -1.303485462e-16 -2.181122586e-16)
(4 7.8576887e-16 1.170611387e-16)
(4 -8.437223507e-16 3.784990768e-16)
(4 8.40574571e-16 2.751918953e-16)
(4 4.857640121e-15 2.193399112e-15)
(4 4.324060133e-14 2.004241429e-14)
(4 3.59129471e-13 1.530837767e-13)
(4 2.705058252e-12 1.102373192e-12)
(4 1.898682006e-11 7.420098474e-12)
(4 1.243869244e-10 4.643863267e-11)
(4.000000001 7.578561805e-10 2.691912626e-10)
(4.000000005 4.279031139e-09 1.43988309e-09)
(4.000000028 2.231830205e-08 7.083571249e-09)
(4.000000142 1.072470252e-07 3.196752177e-08)
(4.00000066 4.738963516e-07 1.32105811e-07)
(4.000002818 1.923385401e-06 4.994234445e-07)
(4.000011095 7.167633655e-06 1.726792431e-06)
(4.000040269 2.453243287e-05 5.462292877e-06)
(4.000134853 7.718267054e-05 1.581949931e-05)
(4.000417184 0.0002234832457 4.198812787e-05)
(4.001194177 0.0005964431488 0.0001022503056)
(4.003168738 0.001469684745 0.0002287173362)
(4.007810222 0.003349569809 0.0004704124933)
(4.017920088 0.007073991029 0.0008903546043)
(4.038361776 0.01386935679 0.001551557428)
(4.076798843 0.02529082096 0.002489417777)
(4.144129679 0.04297020543 0.003674884909)
(4.254197213 0.06814476167 0.004982166849)
(4.422393406 0.1010409118 0.0061810623)
(4.663046825 0.1403059172 0.006970766193)
(4.985948372 0.1827500218 0.007056550576)
(5.392868885 0.223617167 0.006248356648)
(5.875200616 0.2574293544 0.004543166646)
(6.413707568 0.2792103892 0.002152992888)
(6.980777271 0.2857054499 -0.0005394393062)
(7.544740373 0.2761788944 -0.003083934245)
(8.075116182 0.2525218426 -0.005085813577)
(8.547360209 0.2186636185 -0.006302754215)
(8.945937369 0.1795304567 -0.006684261074)
(9.265178205 0.139920731 -0.006349146359)
(9.508099745 0.1036313262 -0.005520483542)
(9.683901056 0.07301855698 -0.004448586331)
(9.805027788 0.04899627633 -0.003348798698)
(9.884563137 0.03134166833 -0.00236792632)
(9.934383988 0.01913109383 -0.001579178035)
(9.964183553 0.01115409082 -0.0009964591925)
(9.981219367 0.006217452367 -0.0005964525405)
)
;

boundaryField
{
    left
    {
        type            dirichlet;
        value           uniform (4 0 0);
    }
    right
    {
        type            dirichlet;
        value           uniform (4 0 0);
    }
    sides
    {
        type            empty;
    }
}


// ************************************************************************* //
