/*--------------------------------*- C++ -*----------------------------------*\
| =========                 |                                                 |
| \\      /  F ield         | foam-extend: Open Source CFD                    |
|  \\    /   O peration     | Version:     4.1                                |
|   \\  /    A nd           | Web:         http://www.foam-extend.org         |
|    \\/     M anipulation  |                                                 |
\*---------------------------------------------------------------------------*/
FoamFile
{
    version     2.0;
    format      ascii;
    class       cellScalarField;
    location    "46.4";
    object      T;
}
// * * * * * * * * * * * * * * * * * * * * * * * * * * * * * * * * * * * * * //

dimensions      [0 0 0 0 1 0 0];

internalField   nonuniform 
100
(
(4 -5.703630593e-17 1.624202108e-17)
(4 -8.056376099e-17 -1.790697754e-16)
(4 -1.305989492e-16 5.165298454e-17)
(4 -1.062497717e-16 -2.331623713e-16)
(4 -1.297725298e-16 1.268473819e-17)
(4 -3.718376118e-16 2.001359592e-16)
(4 4.981731955e-16 -3.973548518e-17)
(4 -3.41410302e-16 1.42577317e-16)
(4 8.410538827e-16 1.512052894e-16)
(4 -1.474258799e-15 1.060352033e-16)
(4 4.985505938e-16 -3.567858384e-17)
(4 -1.99492048e-16 1.987262781e-16)
(4 8.270767144e-16 -1.910067615e-16)
(4 5.06197095e-17 2.241783346e-16)
(4 1.551771979e-16 1.404988173e-16)
(4 1.375945793e-17 -7.861493544e-17)
(4 -6.393758391e-17 9.330846616e-17)
(4 -2.3657072e-16 9.668622301e-17)
(4 -1.35338554e-16 -1.930402716e-17)
(4 6.980425427e-17 8.680942615e-17)
(4 4.954668785e-17 -2.494269224e-17)
(4 -6.509509273e-17 5.224565287e-17)
(4 5.301130801e-17 -7.993564526e-17)
(4 1.380238832e-17 1.334853701e-16)
(4 -9.543602148e-17 -1.961524642e-17)
(4 -6.068305001e-17 5.560114631e-18)
(4 1.118711663e-17 -1.098204415e-16)
(4 -1.169924448e-16 2.848119149e-16)
(4 -4.287650312e-16 1.644055504e-16)
(4 3.140262054e-16 1.637800801e-16)
(4 -3.021945267e-17 8.340283525e-17)
(4 -5.484408768e-17 2.181101325e-16)
(4 -2.047185619e-16 9.762450181e-17)
(4 -3.211659291e-16 -8.257710343e-17)
(4 3.724742636e-16 -3.791479464e-17)
(4 -2.544483501e-16 8.381550067e-17)
(4 6.840841455e-16 1.917520163e-16)
(4 -8.157197277e-16 -3.222111171e-16)
(4 5.290998492e-16 -1.393090991e-16)
(4 7.307959468e-17 1.503465817e-16)
(4 -9.525651804e-17 2.022664355e-16)
(4 3.492915347e-17 -1.021507042e-16)
(4 -2.602292183e-17 6.886846662e-17)
(4 -1.549704472e-16 -5.259836841e-17)
(4 -4.05001995e-16 -2.700588258e-16)
(4 9.334727166e-16 -5.57465922e-17)
(4 -7.122569019e-16 1.126703467e-16)
(4 6.39125778e-16 -2.307193614e-17)
(4 -1.185294557e-15 -3.687972532e-17)
(4 9.403606886e-16 -1.156033213e-16)
(4 1.012876618e-16 -1.767517432e-16)
(4 3.542606564e-18 -8.065526119e-17)
(4 -2.8167312e-16 -3.456396295e-17)
(4 -4.970797162e-17 -1.107000881e-16)
(4 4.365414009e-17 -1.045473717e-17)
(4 3.802770097e-17 -1.037055282e-16)
(4 -4.947022812e-17 1.712469303e-16)
(4 -8.732498665e-17 -2.702512808e-17)
(4 1.910724601e-17 4.173367131e-17)
(4 -2.024223664e-16 4.85834158e-17)
(4 5.115516406e-16 7.728717568e-17)
(4 2.329723963e-15 1.046119786e-15)
(4 2.017702993e-14 1.043009364e-14)
(4 1.777021022e-13 7.339458468e-14)
(4 1.292284358e-12 5.17932359e-13)
(4 8.839577836e-12 3.401914337e-12)
(4 5.660465868e-11 2.084221222e-11)
(4 3.381926515e-10 1.187090975e-10)
(4.000000002 1.879633756e-09 6.26551939e-10)
(4.000000012 9.691385328e-09 3.056025735e-09)
(4.000000062 4.625093339e-08 1.374413248e-08)
(4.000000284 2.039644728e-07 5.690627009e-08)
(4.000001215 8.303247754e-07 2.167190094e-07)
(4.000004806 3.119140483e-06 7.589290931e-07)
(4.000017605 1.081414382e-05 2.444337796e-06)
(4.000059759 3.462553938e-05 7.244826338e-06)
(4.000188153 0.00010248971 1.977710634e-05)
(4.000550228 0.0002807947748 4.977254038e-05)
(4.001496852 0.0007130940216 0.0001155991065)
(4.003794673 0.001681230884 0.0002480192603)
(4.0089813 0.003685805043 0.0004919926235)
(4.019885 0.007526186632 0.0009029410491)
(4.041268396 0.01433732604 0.001533688898)
(4.080450061 0.02552209452 0.00241070913)
(4.147634895 0.04252161726 0.003503862068)
(4.255605432 0.06640812583 0.004700825351)
(4.4184715 0.09736515521 0.00580181173)
(4.649397914 0.1342112211 0.006547368432)
(4.957603518 0.1741758231 0.006680341192)
(5.345322876 0.2131034637 0.006026277575)
(5.805654424 0.2461308386 0.004563217437)
(6.322127009 0.2686976915 0.002450655702)
(6.870373067 0.2775970043 1.35189596e-06)
(7.421645388 0.2717259366 -0.002397121773)
(7.947315351 0.2522948453 -0.004383214143)
(8.423191994 0.222446717 -0.005708554463)
(8.832615491 0.1864438909 -0.006283409568)
(9.167732902 0.1487047179 -0.006171368906)
(9.428950487 0.1129775665 -0.005543968478)
(9.623044333 0.08184164448 -0.004617734183)
)
;

boundaryField
{
    left
    {
        type            dirichlet;
        value           uniform (4 0 0);
    }
    right
    {
        type            dirichlet;
        value           uniform (4 0 0);
    }
    sides
    {
        type            empty;
    }
}


// ************************************************************************* //
