/*--------------------------------*- C++ -*----------------------------------*\
| =========                 |                                                 |
| \\      /  F ield         | foam-extend: Open Source CFD                    |
|  \\    /   O peration     | Version:     4.1                                |
|   \\  /    A nd           | Web:         http://www.foam-extend.org         |
|    \\/     M anipulation  |                                                 |
\*---------------------------------------------------------------------------*/
FoamFile
{
    version     2.0;
    format      ascii;
    class       cellScalarField;
    location    "12.5";
    object      T;
}
// * * * * * * * * * * * * * * * * * * * * * * * * * * * * * * * * * * * * * //

dimensions      [0 0 0 0 1 0 0];

internalField   nonuniform 
100
(
(4 -5.703630593e-17 1.624202108e-17)
(4 -3.209794686e-17 1.803351712e-16)
(4 -3.407108555e-17 1.234126128e-16)
(4 6.283543669e-17 -1.460483253e-16)
(4 -1.818358073e-16 -1.78130757e-16)
(4 -9.340910911e-17 -1.744771379e-16)
(4 3.627233275e-16 8.764145803e-17)
(4 -5.582927301e-16 8.721998455e-17)
(4 8.130093288e-15 1.538808451e-14)
(4 5.098367479e-13 2.305449418e-13)
(4 6.012447021e-12 5.024478185e-12)
(4 1.905661728e-10 1.267221438e-10)
(4.000000003 3.04605519e-09 1.757282512e-09)
(4.000000041 4.744177384e-08 2.974270591e-08)
(4.000000619 7.017413476e-07 3.818714931e-07)
(4.000007493 7.945450851e-06 4.017574041e-06)
(4.00007818 8.073040681e-05 3.881483904e-05)
(4.000712404 0.0006971416984 0.0002867999627)
(4.005106032 0.004448741858 0.00145655203)
(4.027209153 0.02018715915 0.005069226048)
(4.108184629 0.06629312034 0.01234372194)
(4.329380727 0.1622648935 0.02128229093)
(4.791712538 0.3044328472 0.02555507805)
(5.548501528 0.448430375 0.01923783807)
(6.538273353 0.5292542576 0.003601610054)
(7.590534872 0.5092861744 -0.01285340884)
(8.513695816 0.4056794082 -0.02186325614)
(9.191022071 0.2711354626 -0.0215994428)
(9.61166887 0.1539079076 -0.01584324076)
(9.835242462 0.0750314433 -0.009306630095)
(9.937979588 0.03173935524 -0.004545375725)
(9.979184978 0.01176176517 -0.001889812103)
(9.993737888 0.003852407721 -0.0006803925408)
(9.998301653 0.001124567617 -0.000215008072)
(9.999582385 0.0002948490441 -6.031013624e-05)
(9.99990637 6.993799743e-05 -1.516269588e-05)
(9.999980755 1.510936043e-05 -3.446015593e-06)
(9.999996355 2.991643887e-06 -7.133693844e-07)
(9.99999936 5.460312941e-07 -1.354364973e-07)
(9.999999896 9.236209024e-08 -2.372808675e-08)
(9.999999984 1.455077867e-08 -3.857694188e-09)
(9.999999998 2.144750818e-09 -5.849827564e-10)
(10 2.970256785e-10 -8.312377123e-11)
(10 3.879532449e-11 -1.11138522e-11)
(10 4.802169189e-12 -1.404678346e-12)
(10 5.621538028e-13 -1.682950774e-13)
(10 6.297282066e-14 -1.929913897e-14)
(10 5.611645979e-15 -2.326110969e-15)
(10 -3.160595716e-16 3.638578425e-16)
(10 2.854203371e-17 2.23070201e-16)
(10 7.089118033e-17 -2.51814246e-16)
(10 1.351318249e-17 2.859072446e-16)
(10 1.564114304e-16 -1.97458692e-16)
(10 -2.446239608e-17 -2.607402072e-17)
(10 -2.595727386e-16 -3.517560884e-16)
(10 1.296815736e-16 -8.307914741e-16)
(10 2.9045599e-16 -7.394399703e-16)
(10 -2.569487672e-16 -4.003538295e-16)
(10 1.724949095e-16 -1.141000726e-16)
(10 1.558199349e-16 -4.198047557e-16)
(10 -2.288425742e-16 7.799567542e-16)
(10 -5.144487568e-17 1.401179479e-16)
(10 3.653733508e-16 -1.550788498e-16)
(10 3.739552187e-17 -7.668292624e-16)
(10 1.25814239e-16 -2.776368458e-16)
(10 2.920360299e-17 -4.562516516e-16)
(10 6.418861899e-17 -1.120615906e-16)
(10 -2.208861625e-16 -3.460066068e-16)
(10 -2.598098112e-16 3.731390607e-17)
(10 2.33028652e-16 2.706752921e-16)
(10 1.154483991e-16 1.494171404e-17)
(10 -8.344522863e-17 -2.586369923e-16)
(10 -1.049072989e-17 -8.845445085e-17)
(10 1.259617986e-16 2.449947096e-16)
(10 6.545000368e-16 7.844836822e-17)
(10 -3.057988353e-17 9.739376521e-17)
(10 2.256308247e-16 4.156669798e-17)
(10 4.876926506e-16 -3.16507148e-17)
(10 2.905755252e-16 7.738524918e-18)
(10 -1.589390586e-16 3.610886193e-16)
(10 -8.450875911e-17 7.590366554e-16)
(10 -3.728700236e-16 4.274822039e-16)
(10 -1.058632867e-16 1.178586789e-16)
(10 3.110867726e-17 -5.243774628e-16)
(10 1.28613235e-17 -4.874349181e-16)
(10 4.863701483e-16 -2.56182016e-16)
(10 1.410462666e-16 -2.825121591e-16)
(10 3.071216403e-16 -7.609741116e-17)
(10 4.561198446e-16 -1.635980265e-16)
(10 1.860063929e-16 4.394365058e-17)
(10 -1.751128873e-18 5.177478878e-16)
(10 -1.847702005e-16 5.916390655e-16)
(10 2.281225222e-16 4.671350175e-18)
(10 -4.313252405e-16 -4.953242331e-16)
(10 4.445458895e-16 5.81811772e-17)
(10 2.262910902e-16 1.959639902e-16)
(10 4.007084384e-16 -1.731679491e-16)
(10 -1.471218052e-16 -3.932332737e-16)
(10 1.615525907e-16 2.366355548e-16)
(10 -2.489129437e-16 3.651433781e-15)
)
;

boundaryField
{
    left
    {
        type            dirichlet;
        value           uniform (4 0 0);
    }
    right
    {
        type            dirichlet;
        value           uniform (4 0 0);
    }
    sides
    {
        type            empty;
    }
}


// ************************************************************************* //
