/*--------------------------------*- C++ -*----------------------------------*\
| =========                 |                                                 |
| \\      /  F ield         | foam-extend: Open Source CFD                    |
|  \\    /   O peration     | Version:     4.1                                |
|   \\  /    A nd           | Web:         http://www.foam-extend.org         |
|    \\/     M anipulation  |                                                 |
\*---------------------------------------------------------------------------*/
FoamFile
{
    version     2.0;
    format      ascii;
    class       cellScalarField;
    location    "1.3";
    object      T;
}
// * * * * * * * * * * * * * * * * * * * * * * * * * * * * * * * * * * * * * //

dimensions      [0 0 0 0 1 0 0];

internalField   nonuniform 
100
(
(3.997706215 -0.007507930919 0.01487086591)
(4.397688377 0.6166877801 0.2436802566)
(6.849104949 1.606738762 -0.06944120358)
(9.250172086 0.6772243821 -0.1556101663)
(9.912610242 0.09792037529 -0.03031131042)
(9.99316376 0.008491196651 -0.002958221671)
(9.999577812 0.0005575399117 -0.0002075045519)
(9.999977667 3.074098504e-05 -1.194978565e-05)
(9.999998941 1.502955528e-06 -6.028699563e-07)
(9.999999954 6.728973172e-08 -2.764685683e-08)
(9.999999998 2.816437818e-09 -1.179424259e-09)
(10 1.117692378e-10 -4.753751932e-11)
(10 4.245278703e-12 -1.828441681e-12)
(10 1.565963e-13 -6.911199474e-14)
(10 5.05985873e-15 -3.096522082e-15)
(10 1.007699112e-15 -1.572076844e-16)
(10 -3.19140423e-16 -4.238611726e-16)
(10 1.043191264e-15 -6.516143102e-16)
(10 -2.232146261e-17 1.068014344e-16)
(10 -2.235779552e-16 5.589962384e-16)
(10 -1.000931423e-15 5.079222526e-16)
(10 1.354192136e-16 -7.673920888e-17)
(10 4.23689699e-18 -2.400943642e-18)
(10 1.325526514e-19 -7.511349138e-20)
(10 4.146549952e-21 -2.349690482e-21)
(10 1.29697428e-22 -7.349343092e-23)
(10 4.056147421e-24 -2.298391145e-24)
(10 1.268324276e-25 -7.186771047e-26)
(10 3.965361883e-27 -2.246884714e-27)
(10 1.239599289e-28 -7.023869429e-29)
(10 3.874803358e-30 -2.195569113e-30)
(10 1.211252065e-31 -6.86346291e-32)
(10 3.787193305e-33 -2.146109565e-33)
(10 1.184757841e-34 -6.714459058e-35)
(10 3.709941532e-36 -2.102932979e-36)
(10 1.163604081e-37 -6.597509595e-38)
(10 3.658541501e-39 -2.075145172e-39)
(10 1.154325999e-40 -6.550773765e-41)
(10 3.659291908e-42 -2.078014356e-42)
(10 1.167059172e-43 -6.632794869e-44)
(10 3.749713784e-45 -2.133111394e-45)
(10 1.215171997e-46 -6.920090296e-47)
(10 3.975695017e-48 -2.2665896e-48)
(10 1.313837451e-49 -7.498766578e-50)
(10 4.385485967e-51 -2.505707369e-51)
(10 1.477757214e-52 -8.451458781e-53)
(10 5.021698531e-54 -2.874269174e-54)
(10 1.718518683e-55 -9.842363312e-56)
(10 5.913060163e-57 -3.38798347e-57)
(10 2.042166682e-58 -1.170365361e-58)
(10 7.067712693e-60 -4.050742097e-60)
(10 2.447501648e-61 -1.402613002e-61)
(10 8.469406168e-63 -4.852566676e-63)
(10 2.925424981e-64 -1.675585109e-64)
(10 1.007722782e-65 -5.769561911e-66)
(10 3.459412872e-67 -1.979713772e-67)
(10 1.182875676e-68 -6.765793937e-69)
(10 4.026979828e-70 -2.302111033e-70)
(10 1.364592852e-71 -7.796674741e-72)
(10 4.601837542e-73 -2.627806141e-73)
(10 1.544253014e-74 -8.813235675e-75)
(10 5.156381924e-76 -2.941157721e-76)
(10 1.713214535e-77 -9.766622623e-78)
(10 5.664146311e-79 -3.227237135e-79)
(10 1.863548744e-80 -1.061221752e-80)
(10 6.10192258e-82 -3.473016612e-82)
(10 1.988632178e-83 -1.131294319e-83)
(10 6.451348673e-85 -3.668251058e-85)
(10 2.083550843e-86 -1.184149531e-86)
(10 6.699866627e-88 -3.806002162e-88)
(10 2.145301936e-89 -1.218142748e-89)
(10 6.841050645e-91 -3.882806924e-91)
(10 2.172805538e-92 -1.232716688e-92)
(10 6.874378402e-94 -3.898533748e-94)
(10 2.16675792e-95 -1.228314381e-95)
(10 6.804565807e-97 -3.855995112e-97)
(10 2.129368773e-98 -1.206227643e-98)
(10 6.640606488e-100 -3.760397045e-100)
(10 2.064027698e-101 -1.168406748e-101)
(10 6.394656702e-103 -3.618704854e-103)
(10 1.974942357e-104 -1.11725515e-104)
(10 6.0808901e-106 -3.438994926e-106)
(10 1.866783846e-107 -1.055429182e-107)
(10 5.714421227e-109 -3.229847846e-109)
(10 1.744365973e-110 -9.856575769e-111)
(10 5.310367319e-112 -2.999821393e-112)
(10 1.612375833e-113 -9.105904039e-114)
(10 4.883089341e-115 -2.757025862e-115)
(10 1.475164451e-116 -8.326821851e-117)
(10 4.445628124e-118 -2.508810054e-118)
(10 1.33659917e-119 -7.541099521e-120)
(10 4.0093316e-121 -2.261555211e-121)
(10 1.199974045e-122 -6.767240058e-123)
(10 3.583654956e-124 -2.020566273e-124)
(10 1.067970909e-125 -6.020271519e-126)
(10 3.176106838e-127 -1.790045065e-127)
(10 9.426618195e-129 -5.311771086e-129)
(10 2.792310683e-130 -1.573127841e-130)
(10 8.255429138e-132 -4.650064389e-132)
(10 -1.520982877e-15 3.994971251e-15)
)
;

boundaryField
{
    left
    {
        type            dirichlet;
        value           uniform (4 0 0);
    }
    right
    {
        type            dirichlet;
        value           uniform (4 0 0);
    }
    sides
    {
        type            empty;
    }
}


// ************************************************************************* //
