/*--------------------------------*- C++ -*----------------------------------*\
| =========                 |                                                 |
| \\      /  F ield         | foam-extend: Open Source CFD                    |
|  \\    /   O peration     | Version:     4.1                                |
|   \\  /    A nd           | Web:         http://www.foam-extend.org         |
|    \\/     M anipulation  |                                                 |
\*---------------------------------------------------------------------------*/
FoamFile
{
    version     2.0;
    format      ascii;
    class       cellScalarField;
    location    "38.7";
    object      T;
}
// * * * * * * * * * * * * * * * * * * * * * * * * * * * * * * * * * * * * * //

dimensions      [0 0 0 0 1 0 0];

internalField   nonuniform 
100
(
(4 -5.703630593e-17 1.624202108e-17)
(4 4.09761206e-17 2.656722034e-17)
(4 -9.966140588e-17 3.94312522e-16)
(4 -6.652973005e-17 -8.686141171e-18)
(4 1.239398578e-16 -1.107222553e-16)
(4 -3.711707379e-16 2.166606704e-16)
(4 3.572278809e-16 -5.142229347e-17)
(4 -1.151745357e-16 1.387587638e-16)
(4 6.540355058e-16 1.261725315e-16)
(4 -1.516073317e-15 -1.2460547e-16)
(4 1.976907812e-16 -5.132704294e-17)
(4 1.924557773e-16 1.633962453e-16)
(4 5.886718391e-16 -8.811538276e-17)
(4 -1.481870662e-16 -8.023371846e-17)
(4 1.368371702e-16 7.636279348e-17)
(4 -1.676651931e-16 -8.447468206e-17)
(4 1.787148383e-16 1.996050502e-16)
(4 -8.587040664e-17 9.981274443e-17)
(4 -3.221523817e-17 -8.194032358e-17)
(4 -3.659719716e-17 -1.9258771e-17)
(4 -1.269130626e-16 -2.315735424e-17)
(4 -2.104169385e-16 2.546327366e-16)
(4 3.039670556e-17 -3.470869372e-17)
(4 -1.066322601e-16 -1.105496789e-16)
(4 1.162796052e-16 2.232672726e-16)
(4 -3.096210892e-16 -2.187370384e-16)
(4 8.155485148e-16 -8.91545699e-17)
(4 -8.144933117e-16 2.188203256e-17)
(4 2.59354091e-16 -3.541012816e-17)
(4 -3.995770348e-16 -2.541487962e-16)
(4 9.408220171e-16 -2.815031365e-17)
(4 -7.914129526e-16 -9.750036006e-17)
(4 8.436476223e-16 -4.57011247e-17)
(4 -1.567527854e-15 -1.198518641e-16)
(4 1.216608928e-15 1.063982998e-16)
(4 -7.330553895e-16 1.998118069e-16)
(4 1.166642078e-15 -5.756395988e-17)
(4 -8.894734705e-16 -1.349089442e-17)
(4 6.429899395e-16 1.413460258e-16)
(4 -1.87139967e-16 -1.575380137e-16)
(4 1.542681431e-16 6.28675427e-17)
(4 1.047458483e-16 1.424304389e-18)
(4 -8.546960462e-17 -2.06344624e-17)
(4 -1.53610327e-16 -1.989035037e-17)
(4 -2.883014153e-16 -5.348866417e-17)
(4 7.664084481e-16 1.189463164e-16)
(4 -7.016137131e-16 -5.894636174e-17)
(4 8.838089149e-16 -3.807310478e-17)
(4 -1.084742818e-15 6.814353947e-16)
(4 1.169114104e-14 6.48871602e-15)
(4 1.157363996e-13 5.356821891e-14)
(4 1.007288678e-12 4.466996348e-13)
(4 8.138777299e-12 3.463673192e-12)
(4 6.127111254e-11 2.496838244e-11)
(4 4.282569689e-10 1.663175735e-10)
(4.000000003 2.765517216e-09 1.01840224e-09)
(4.00000002 1.642112052e-08 5.702678215e-09)
(4.000000111 8.924892405e-08 2.906266994e-08)
(4.000000577 4.422752672e-07 1.342846499e-07)
(4.00000274 1.992740367e-06 5.610878412e-07)
(4.000011868 8.150559306e-06 2.117276211e-06)
(4.000046866 3.024949298e-05 7.21380944e-06)
(4.000168819 0.0001019248241 2.220457174e-05)
(4.000555374 0.000312197549 6.181452633e-05)
(4.001671685 0.0008708539866 0.0001558508621)
(4.00461442 0.002216910369 0.0003563899672)
(4.011710943 0.005162252101 0.0007401365224)
(4.02740223 0.01102190666 0.001397357392)
(4.059288129 0.02162945218 0.002399545771)
(4.118973862 0.03910544995 0.003746707338)
(4.222121726 0.0652887338 0.00531141774)
(4.387061833 0.1008839168 0.006812161608)
(4.631626946 0.1445857669 0.007849117362)
(4.968569479 0.1925965745 0.008012427762)
(5.400750419 0.238920234 0.00703280068)
(5.917814219 0.2765439487 0.004910276823)
(6.495880904 0.2992078135 0.001954717182)
(7.100833598 0.3031356741 -0.001291339603)
(7.694440081 0.2880603526 -0.004219417319)
(8.241462705 0.2571641646 -0.006339872001)
(8.715607036 0.2160177142 -0.007408718796)
(9.102738952 0.170988458 -0.007454799327)
(9.400914559 0.1277221447 -0.006714993898)
(9.617859844 0.09015495355 -0.005521391788)
(9.767164615 0.06021698748 -0.004192204655)
(9.86448514 0.03810815851 -0.002961529255)
(9.924642274 0.02287876226 -0.001957111163)
(9.959948419 0.0130464572 -0.001214847781)
(9.979645747 0.007074777959 -0.0007106477006)
(9.990103958 0.003652527483 -0.0003928152317)
(9.995394329 0.001797303395 -0.0002056494381)
(9.997946835 0.0008438601131 -0.0001021763884)
(9.999122708 0.0003784447053 -4.826604154e-05)
(9.999640453 0.0001622809103 -2.171262187e-05)
(9.999858561 6.660463563e-05 -9.315705909e-06)
(9.999946556 2.619038067e-05 -3.817321295e-06)
(9.999980588 9.876373993e-06 -1.49592154e-06)
(9.999993218 3.575030134e-06 -5.613078075e-07)
(9.999997719 1.243331224e-06 -2.019028892e-07)
(9.999999261 4.158225991e-07 -6.969727825e-08)
)
;

boundaryField
{
    left
    {
        type            dirichlet;
        value           uniform (4 0 0);
    }
    right
    {
        type            dirichlet;
        value           uniform (4 0 0);
    }
    sides
    {
        type            empty;
    }
}


// ************************************************************************* //
