/*--------------------------------*- C++ -*----------------------------------*\
| =========                 |                                                 |
| \\      /  F ield         | foam-extend: Open Source CFD                    |
|  \\    /   O peration     | Version:     4.1                                |
|   \\  /    A nd           | Web:         http://www.foam-extend.org         |
|    \\/     M anipulation  |                                                 |
\*---------------------------------------------------------------------------*/
FoamFile
{
    version     2.0;
    format      ascii;
    class       cellScalarField;
    location    "31.9";
    object      T;
}
// * * * * * * * * * * * * * * * * * * * * * * * * * * * * * * * * * * * * * //

dimensions      [0 0 0 0 1 0 0];

internalField   nonuniform 
100
(
(4 -5.703630593e-17 1.624202108e-17)
(4 -1.405987812e-16 -5.334154488e-17)
(4 1.194706884e-16 1.05258709e-16)
(4 -2.508008697e-16 -3.293987222e-17)
(4 8.281387997e-17 5.323942401e-17)
(4 -5.216076473e-16 -1.814218333e-17)
(4 5.762953846e-16 -6.987920036e-17)
(4 -4.373295807e-16 -1.269483363e-16)
(4 1.131470725e-15 -1.329237827e-16)
(4 -1.475925019e-15 1.215828167e-16)
(4 1.257771678e-17 1.167196369e-16)
(4 -3.763078906e-17 -1.213175168e-16)
(4 9.985069056e-16 -8.57462038e-18)
(4 -7.464582212e-16 -2.84332684e-16)
(4 8.533374103e-16 -2.821866216e-16)
(4 -8.971746104e-16 -1.742755744e-17)
(4 8.773950746e-16 5.064286275e-17)
(4 -8.253486617e-16 2.116148635e-16)
(4 5.584508913e-16 9.845616682e-17)
(4 6.648343083e-18 5.611773714e-17)
(4 -1.458218648e-16 -1.648206343e-16)
(4 1.224131612e-16 -5.752572961e-17)
(4 -1.437080494e-16 -1.847021101e-17)
(4 1.038916678e-16 -6.857573824e-17)
(4 1.024652268e-16 -5.682369184e-17)
(4 3.430444553e-17 -1.082544137e-16)
(4 -1.172556393e-16 -2.302469897e-18)
(4 -2.192043088e-17 2.646041342e-17)
(4 -4.410720371e-16 3.392635977e-16)
(4 1.764497334e-16 -1.149533705e-17)
(4 2.58076984e-16 -7.138943914e-17)
(4 9.457272292e-17 9.010984384e-18)
(4 -7.90340014e-17 2.020395014e-16)
(4 -5.574279009e-16 -5.999167039e-17)
(4 9.344411774e-16 3.087664734e-17)
(4 -8.436312452e-16 7.255701049e-18)
(4 2.965477172e-16 4.280296552e-17)
(4 -1.761108271e-16 8.093939279e-16)
(4 1.276567469e-14 7.583619717e-15)
(4 1.568330487e-13 7.836917152e-14)
(4 1.581694992e-12 7.61695462e-13)
(4 1.485478652e-11 6.888692391e-12)
(4 1.295579363e-10 5.747892122e-11)
(4.000000001 1.041970196e-09 4.401110536e-10)
(4.000000008 7.683660425e-09 3.071401347e-09)
(4.000000058 5.160540998e-08 1.937959648e-08)
(4.00000037 3.132802889e-07 1.095964638e-07)
(4.000002119 1.706231901e-06 5.51190588e-07)
(4.000010913 8.287685268e-06 2.45160667e-06)
(4.000050317 3.577382252e-05 9.615662472e-06)
(4.000207359 0.000137062737 3.323550945e-05)
(4.000764132 0.0004664696453 0.0001013250155)
(4.002522899 0.001413171452 0.0002729623019)
(4.007485507 0.003822224668 0.0006511449021)
(4.020032232 0.009261185504 0.001378149371)
(4.04855151 0.02017473722 0.002591625073)
(4.107036159 0.03965636131 0.004331901731)
(4.215612665 0.07058662774 0.006427793043)
(4.398706831 0.1141621978 0.008432064182)
(4.680061982 0.1683184865 0.009687617701)
(5.075255851 0.226934209 0.009548944067)
(5.584127606 0.2806119071 0.007679073036)
(6.186483672 0.3191264031 0.00426364278)
(6.843669683 0.3346723331 3.740583768e-06)
(7.506191246 0.3244660607 -0.004129947285)
(8.124809362 0.2915075881 -0.007258588847)
(8.661028455 0.2432493238 -0.008888698255)
(9.093443732 0.1889384126 -0.009009769249)
(9.418531584 0.136886575 -0.007989387575)
(9.646831871 0.0926918478 -0.006359165445)
(9.796886543 0.05877552683 -0.004609925963)
(9.889362824 0.03496462889 -0.003072338904)
(9.942895736 0.01954848547 -0.001894991097)
(9.972054334 0.01028956325 -0.001087157779)
(9.987023195 0.00510744291 -0.0005824672493)
(9.994277329 0.002394599454 -0.0002924139645)
(9.997601121 0.001062094942 -0.0001379502115)
(9.999043204 0.0004463265714 -6.131203208e-05)
(9.999636529 0.0001779670009 -2.57310514e-05)
(9.999868354 6.742848809e-05 -1.021786508e-05)
(9.999954492 2.430897693e-05 -3.846682645e-06)
(9.99998497 8.350150791e-06 -1.375345776e-06)
(9.999995252 2.7364967e-06 -4.678050266e-07)
(9.999998564 8.566850347e-07 -1.516116962e-07)
(9.999999584 2.565135256e-07 -4.688861436e-08)
(9.999999884 7.355028421e-08 -1.385765487e-08)
(9.999999969 2.021859122e-08 -3.919156313e-09)
(9.999999992 5.334614927e-09 -1.062046287e-09)
(9.999999998 1.352442696e-09 -2.761107587e-10)
(10 3.298143023e-10 -6.895202834e-11)
(10 7.744444476e-11 -1.655819619e-11)
(10 1.753093998e-11 -3.829212303e-12)
(10 3.827092315e-12 -8.536158311e-13)
(10 8.060896156e-13 -1.823525347e-13)
(10 1.603417794e-13 -3.885646062e-14)
(10 3.227147536e-14 -4.918959066e-15)
(10 1.266097287e-14 -3.004360533e-15)
(10 1.107590524e-15 -1.150722309e-15)
(10 1.380648954e-16 1.410850748e-16)
(10 -4.524353188e-16 3.34543469e-15)
)
;

boundaryField
{
    left
    {
        type            dirichlet;
        value           uniform (4 0 0);
    }
    right
    {
        type            dirichlet;
        value           uniform (4 0 0);
    }
    sides
    {
        type            empty;
    }
}


// ************************************************************************* //
