/*--------------------------------*- C++ -*----------------------------------*\
| =========                 |                                                 |
| \\      /  F ield         | foam-extend: Open Source CFD                    |
|  \\    /   O peration     | Version:     4.1                                |
|   \\  /    A nd           | Web:         http://www.foam-extend.org         |
|    \\/     M anipulation  |                                                 |
\*---------------------------------------------------------------------------*/
FoamFile
{
    version     2.0;
    format      ascii;
    class       cellScalarField;
    location    "20.6";
    object      T;
}
// * * * * * * * * * * * * * * * * * * * * * * * * * * * * * * * * * * * * * //

dimensions      [0 0 0 0 1 0 0];

internalField   nonuniform 
100
(
(4 -5.703630593e-17 1.624202108e-17)
(4 7.068536238e-18 8.788677898e-19)
(4 -5.604956118e-17 1.974832781e-16)
(4 -2.405845525e-16 1.283274158e-16)
(4 2.453538853e-17 -6.452927835e-17)
(4 -3.282007975e-16 -2.922447953e-17)
(4 2.504641933e-16 1.725346827e-16)
(4 -4.388019702e-16 -1.824891648e-16)
(4 7.187945292e-16 3.913878219e-17)
(4 -1.351872803e-15 -9.122980036e-17)
(4 3.839297908e-17 -1.09524285e-16)
(4 1.263739258e-15 -1.903667533e-16)
(4 -4.917599763e-16 1.335043682e-16)
(4 -1.302639455e-16 1.401465514e-16)
(4 4.023136055e-16 8.109641449e-17)
(4 -1.647140311e-16 -2.751996711e-17)
(4 1.350387461e-16 -1.542764304e-17)
(4 1.55503185e-16 3.485530487e-16)
(4 1.681506078e-15 -6.83694766e-16)
(4 1.737097893e-15 -1.78995403e-16)
(4 6.994287793e-15 6.395059158e-15)
(4 1.58414796e-13 9.433967042e-14)
(4 2.344475381e-12 1.358669914e-12)
(4 3.176176686e-11 1.755365031e-11)
(4 3.901070911e-10 2.072588747e-10)
(4.000000004 4.389443922e-09 2.222985334e-09)
(4.000000043 4.444376691e-08 2.119603603e-08)
(4.000000404 4.007731421e-07 1.792264211e-07)
(4.000003371 3.203678242e-06 1.326923969e-06)
(4.000024722 2.224702499e-05 8.334768251e-06)
(4.000156022 0.0001305709065 4.317301073e-05)
(4.000832399 0.0006360292881 0.0001819580986)
(4.003725789 0.002557865776 0.0006230672639)
(4.014011285 0.008522412896 0.00174082564)
(4.044576254 0.02370784417 0.003990340378)
(4.121127147 0.05557382492 0.007532492352)
(4.284131719 0.1108026132 0.01170312188)
(4.581762628 0.1895745629 0.01482807139)
(5.051509765 0.2806211865 0.01487853518)
(5.697123112 0.3621035417 0.01077652199)
(6.475084517 0.4101110329 0.003368480117)
(7.302148449 0.4102656584 -0.004846296443)
(8.082382727 0.3646273083 -0.01111311487)
(8.739047671 0.2894643604 -0.01387062662)
(9.234573851 0.2062939386 -0.01325410119)
(9.57141787 0.1326082349 -0.01055137211)
(9.778598073 0.07722818523 -0.007256509707)
(9.894379647 0.04091919446 -0.004399021907)
(9.953403274 0.0198041623 -0.002381712887)
(9.980955042 0.008788469773 -0.001162669019)
(9.992773974 0.003588980352 -0.0005155646984)
(9.997449307 0.001353424009 -0.0002089448791)
(9.999160462 0.0004728686989 -7.78004136e-05)
(9.999741744 0.0001535566968 -2.673879547e-05)
(9.999925578 4.648766807e-05 -8.517566452e-06)
(9.999979863 1.315864101e-05 -2.524335049e-06)
(9.999994872 3.492193743e-06 -6.984738666e-07)
(9.999998768 8.712794643e-07 -1.810213447e-07)
(9.99999972 2.048783685e-07 -4.407543587e-08)
(9.99999994 4.551695833e-08 -1.011064167e-08)
(9.999999988 9.57636413e-09 -2.190936914e-09)
(9.999999998 1.912252236e-09 -4.496119646e-10)
(10 3.631856531e-10 -8.758291516e-11)
(10 6.57411268e-11 -1.623379166e-11)
(10 1.136380713e-11 -2.868122018e-12)
(10 1.877307673e-12 -4.857027783e-13)
(10 2.932273028e-13 -7.744451603e-14)
(10 4.646814769e-14 -1.184373864e-14)
(10 8.493794153e-15 -1.616062139e-15)
(10 1.526475101e-16 -6.887611378e-16)
(10 1.332670302e-16 2.310767721e-16)
(10 -1.818026905e-17 -1.337221166e-16)
(10 9.747881476e-18 -1.132568787e-16)
(10 1.565963204e-16 1.127218201e-16)
(10 -2.933098533e-16 3.472197882e-16)
(10 1.470119154e-16 9.814942127e-17)
(10 -5.142310445e-16 -2.780249877e-16)
(10 -3.220414152e-17 -3.146041485e-16)
(10 4.340201988e-16 -8.28010327e-17)
(10 1.482761454e-16 -3.443757706e-16)
(10 1.482005855e-16 -4.302641927e-16)
(10 2.455028463e-16 -4.855300837e-16)
(10 8.041452383e-17 -3.111463679e-16)
(10 2.18348574e-16 -3.409897312e-16)
(10 -3.212419248e-16 3.741967708e-16)
(10 1.628566486e-16 -2.419408684e-16)
(10 -2.044400771e-16 2.648952697e-16)
(10 2.887210378e-16 3.978230565e-16)
(10 -5.33178454e-16 1.522519514e-16)
(10 -3.084978684e-16 4.833731515e-16)
(10 1.272208809e-16 -3.707587255e-16)
(10 -3.154917738e-16 4.294905955e-16)
(10 2.373506472e-16 8.107406421e-17)
(10 -2.051161298e-16 5.823089148e-16)
(10 5.555605245e-17 1.702191888e-16)
(10 3.000477878e-16 -3.80782954e-17)
(10 -6.895169225e-16 -5.480088859e-17)
(10 -1.205278293e-16 7.650406174e-16)
(10 -3.458285193e-16 -2.335499676e-16)
(10 -1.371543217e-16 2.83638739e-15)
)
;

boundaryField
{
    left
    {
        type            dirichlet;
        value           uniform (4 0 0);
    }
    right
    {
        type            dirichlet;
        value           uniform (4 0 0);
    }
    sides
    {
        type            empty;
    }
}


// ************************************************************************* //
