/*--------------------------------*- C++ -*----------------------------------*\
| =========                 |                                                 |
| \\      /  F ield         | foam-extend: Open Source CFD                    |
|  \\    /   O peration     | Version:     4.1                                |
|   \\  /    A nd           | Web:         http://www.foam-extend.org         |
|    \\/     M anipulation  |                                                 |
\*---------------------------------------------------------------------------*/
FoamFile
{
    version     2.0;
    format      ascii;
    class       cellScalarField;
    location    "12.9";
    object      T;
}
// * * * * * * * * * * * * * * * * * * * * * * * * * * * * * * * * * * * * * //

dimensions      [0 0 0 0 1 0 0];

internalField   nonuniform 
100
(
(4 -5.703630593e-17 1.624202108e-17)
(4 -9.963827108e-17 4.079251245e-17)
(4 4.67701429e-17 2.042065879e-16)
(4 7.435822714e-17 9.911916921e-17)
(4 -1.107560915e-16 2.993901083e-16)
(4 -5.561497005e-16 -1.579411064e-16)
(4 3.196456873e-16 -1.526766284e-16)
(4 -2.765288848e-16 8.085320121e-17)
(4 2.756518929e-16 5.529403321e-16)
(4 7.418171848e-14 6.012288689e-14)
(4 1.249989048e-12 6.260050761e-13)
(4 2.591014743e-11 2.080188564e-11)
(4 5.81864265e-10 3.392008375e-10)
(4.000000008 8.432572722e-09 5.146975168e-09)
(4.000000115 1.323594487e-07 7.767212122e-08)
(4.000001548 1.693008528e-06 8.762893383e-07)
(4.000017159 1.78885001e-05 8.858474576e-06)
(4.000168271 0.0001701639612 7.688469959e-05)
(4.001385867 0.001295257081 0.0004864507219)
(4.008775942 0.00718741658 0.002131251735)
(4.041600723 0.02880033714 0.006533261267)
(4.149656062 0.08523673617 0.01427193289)
(4.419582089 0.1915192065 0.02233679349)
(4.943492242 0.334996984 0.02434258152)
(5.750315136 0.4660663848 0.01592154938)
(6.754173521 0.5252928099 4.699601127e-05)
(7.779268037 0.4872919625 -0.01477177795)
(8.650341857 0.3772823116 -0.02173993937)
(9.273944486 0.2468579791 -0.02031061851)
(9.654295208 0.138052264 -0.01444344475)
(9.853980549 0.06667520318 -0.008330516345)
(9.945082834 0.02807913372 -0.004028342196)
(9.981524 0.01040369835 -0.001668594033)
(9.994410973 0.003419843149 -0.0006014547213)
(9.998471665 0.00100515612 -0.0001910524563)
(9.99962016 0.0002660993922 -5.404884202e-05)
(9.999913742 6.388547904e-05 -1.374275588e-05)
(9.999982009 1.399823647e-05 -3.16606362e-06)
(9.999996536 2.815990889e-06 -6.656677386e-07)
(9.999999382 5.229587997e-07 -1.285619129e-07)
(9.999999897 9.01157134e-08 -2.294268111e-08)
(9.999999984 1.44772295e-08 -3.803484161e-09)
(9.999999998 2.177830981e-09 -5.886370631e-10)
(10 3.080154699e-10 -8.542538768e-11)
(10 4.111091018e-11 -1.167155289e-11)
(10 5.198745046e-12 -1.508165617e-12)
(10 6.240027514e-13 -1.844947388e-13)
(10 7.268444507e-14 -2.216099174e-14)
(10 4.507966074e-15 -2.355228579e-15)
(10 7.783257691e-16 5.867563794e-16)
(10 -7.890436115e-16 7.247249774e-16)
(10 -5.361535377e-17 1.078799195e-16)
(10 7.67822514e-17 -4.228654343e-17)
(10 -5.986968551e-17 -1.930511531e-16)
(10 -5.163460438e-17 -5.133133715e-18)
(10 -1.201067035e-16 1.706672619e-16)
(10 3.218685349e-16 -6.231003809e-17)
(10 -4.010184543e-16 5.945795813e-16)
(10 2.075090896e-17 -3.677651305e-16)
(10 5.206932153e-17 -2.916092773e-16)
(10 3.65758401e-16 1.728990336e-17)
(10 -1.040901636e-16 4.106517785e-16)
(10 -1.424285727e-17 -4.570709024e-18)
(10 -1.368648379e-16 3.664423004e-17)
(10 1.274150255e-16 -8.330824791e-16)
(10 -1.198276344e-16 1.98353831e-16)
(10 1.561592416e-16 -1.834220803e-16)
(10 -7.543856467e-17 1.827323414e-16)
(10 -5.491058101e-16 -2.569650666e-18)
(10 4.641022104e-17 -1.047731157e-17)
(10 5.618190925e-16 3.417474599e-16)
(10 -2.605993996e-16 1.915719065e-16)
(10 1.611633997e-16 -2.330480006e-16)
(10 7.735866529e-17 1.737496697e-17)
(10 3.377759113e-16 -3.619249435e-16)
(10 3.854597785e-16 2.287824248e-16)
(10 -3.53661979e-17 4.109087384e-16)
(10 1.426354277e-16 -5.298142546e-16)
(10 3.196314456e-16 -3.506226053e-16)
(10 1.537485171e-16 9.215765317e-17)
(10 3.33326654e-16 -1.260935102e-16)
(10 5.14098079e-16 -4.505780978e-17)
(10 2.886061637e-16 9.950070628e-19)
(10 -1.496532915e-16 3.603694801e-16)
(10 -8.642245738e-17 7.627189524e-16)
(10 -3.76048893e-16 4.259594124e-16)
(10 -1.028931589e-16 1.180545984e-16)
(10 2.964982006e-17 -5.240733837e-16)
(10 1.313983495e-17 -4.877837433e-16)
(10 4.866348587e-16 -2.559656619e-16)
(10 1.407038994e-16 -2.825934526e-16)
(10 3.073474138e-16 -7.60835132e-17)
(10 4.560131834e-16 -1.635995766e-16)
(10 1.8605312e-16 4.394984799e-17)
(10 -1.778793725e-18 5.177409339e-16)
(10 -1.847502203e-16 5.916421377e-16)
(10 2.28110581e-16 4.671895309e-18)
(10 -4.313208365e-16 -4.953260551e-16)
(10 4.445460486e-16 5.818264522e-17)
(10 -1.711284119e-15 3.99991107e-15)
)
;

boundaryField
{
    left
    {
        type            dirichlet;
        value           uniform (4 0 0);
    }
    right
    {
        type            dirichlet;
        value           uniform (4 0 0);
    }
    sides
    {
        type            empty;
    }
}


// ************************************************************************* //
