/*--------------------------------*- C++ -*----------------------------------*\
| =========                 |                                                 |
| \\      /  F ield         | foam-extend: Open Source CFD                    |
|  \\    /   O peration     | Version:     4.1                                |
|   \\  /    A nd           | Web:         http://www.foam-extend.org         |
|    \\/     M anipulation  |                                                 |
\*---------------------------------------------------------------------------*/
FoamFile
{
    version     2.0;
    format      ascii;
    class       cellScalarField;
    location    "46.5";
    object      T;
}
// * * * * * * * * * * * * * * * * * * * * * * * * * * * * * * * * * * * * * //

dimensions      [0 0 0 0 1 0 0];

internalField   nonuniform 
100
(
(4 -5.703630593e-17 1.624202108e-17)
(4 -1.652791422e-16 -8.84235083e-17)
(4 -2.025486365e-16 3.628772281e-17)
(4 -1.658765386e-16 -1.887550944e-16)
(4 2.01191651e-17 -1.384560294e-16)
(4 -3.304151584e-16 3.333184938e-16)
(4 4.338939041e-16 -3.656651631e-17)
(4 -2.673001768e-16 2.553178808e-16)
(4 8.549346126e-16 6.902874646e-17)
(4 -1.423025844e-15 1.820632721e-16)
(4 4.504586988e-16 -3.994064684e-17)
(4 -3.176089054e-16 2.197599316e-16)
(4 8.275134132e-16 -9.149070216e-17)
(4 4.185043702e-17 -1.121908849e-16)
(4 1.836012169e-16 1.097204525e-16)
(4 5.246078312e-17 -1.186765068e-16)
(4 -1.06862925e-16 1.1273782e-16)
(4 -1.076074754e-16 2.219000124e-16)
(4 -7.119274714e-17 -1.365633478e-16)
(4 9.053106301e-17 1.430111491e-16)
(4 5.323848726e-17 -7.781984974e-18)
(4 -1.153343285e-16 6.140761661e-17)
(4 1.032332969e-16 -1.050312386e-16)
(4 -9.624000499e-18 1.986631474e-16)
(4 -1.507138194e-16 -4.84637861e-17)
(4 -6.560292874e-17 -2.356605343e-17)
(4 5.082450238e-17 -1.622329604e-16)
(4 -1.817987936e-16 -9.333226557e-17)
(4 -2.676247499e-16 1.875417001e-16)
(4 3.511660306e-16 7.613973366e-17)
(4 -4.891867452e-17 1.048036521e-16)
(4 -1.183769454e-16 2.956406044e-16)
(4 -7.343055113e-17 2.395551575e-16)
(4 -5.437118452e-16 -1.648917006e-16)
(4 5.109309189e-16 -6.857301368e-17)
(4 -4.085060093e-16 5.598139484e-17)
(4 8.538363424e-16 9.732011663e-17)
(4 -1.063135253e-15 -1.532204331e-16)
(4 6.987563479e-16 -1.340844517e-16)
(4 2.854960468e-17 2.65800767e-16)
(4 -2.068311001e-16 2.787541718e-16)
(4 7.534306961e-17 -1.392480292e-16)
(4 -5.047016775e-17 9.094924665e-17)
(4 -2.170999314e-16 -1.217094706e-16)
(4 -3.345252972e-16 -1.801440539e-16)
(4 1.040936483e-15 -2.075538747e-16)
(4 -8.091447806e-16 1.044149226e-16)
(4 8.063140217e-16 -2.126642723e-16)
(4 -9.731556551e-16 6.265353112e-17)
(4 7.265250512e-16 4.299320956e-17)
(4 -4.283235369e-16 1.148303761e-16)
(4 9.542662987e-17 -1.566189131e-16)
(4 -1.508343006e-16 2.080088959e-17)
(4 9.214079883e-17 -2.540205297e-16)
(4 5.66779583e-17 3.077195931e-18)
(4 6.423854446e-17 -1.317091168e-16)
(4 -1.040964724e-16 2.311936939e-16)
(4 -1.25090587e-16 -6.356649651e-17)
(4 4.388835096e-17 5.249275123e-17)
(4 -6.443991851e-17 1.717235752e-16)
(4 2.003970678e-16 2.640491018e-16)
(4 1.787180976e-15 9.181139292e-16)
(4 1.335552049e-14 7.589697981e-15)
(4 1.265229221e-13 5.300516024e-14)
(4 9.285398459e-13 3.748402766e-13)
(4 6.412521252e-12 2.482369238e-12)
(4 4.145528958e-11 1.536382908e-11)
(4 2.502005724e-10 8.845423013e-11)
(4.000000002 1.405573346e-09 4.722171736e-10)
(4.000000009 7.329235745e-09 2.330980668e-09)
(4.000000047 3.539105771e-08 1.061464184e-08)
(4.000000219 1.57978155e-07 4.451671125e-08)
(4.000000946 6.511599603e-07 1.717756781e-07)
(4.000003785 2.477188637e-06 6.096162787e-07)
(4.000014035 8.698648398e-06 1.990054501e-06)
(4.000048222 2.821059496e-05 5.978800125e-06)
(4.000153676 8.457621049e-05 1.654431298e-05)
(4.000454841 0.0002346857608 4.220696569e-05)
(4.001252173 0.000603584346 9.937174422e-05)
(4.003211892 0.001441006265 0.0002161312088)
(4.007690374 0.003198640455 0.0004346445347)
(4.017221285 0.006612193689 0.0008087542066)
(4.036140175 0.01275019308 0.001392970162)
(4.071223624 0.0229711258 0.002220774552)
(4.132097699 0.03872864003 0.003275163595)
(4.231078174 0.06119835927 0.004461256536)
(4.382120977 0.09077341033 0.005596017733)
(4.598747254 0.1265674605 0.006428989808)
(4.891155935 0.1661277519 0.006697931063)
(5.263140399 0.2055465702 0.006207033348)
(5.709702997 0.2400473517 0.004900787403)
(6.216240028 0.2649434197 0.00290259177)
(6.759792021 0.2767010432 0.0004982068149)
(7.312230573 0.2737686554 -0.001933884362)
(7.844626735 0.2569026635 -0.004020970407)
(8.331676062 0.2289000809 -0.005488053667)
(8.755086918 0.1938567686 -0.006212735227)
(9.105234946 0.156215644 -0.006229859668)
(9.380961266 0.1198985471 -0.005692978751)
(9.587911126 0.08773517186 -0.00481342661)
)
;

boundaryField
{
    left
    {
        type            dirichlet;
        value           uniform (4 0 0);
    }
    right
    {
        type            dirichlet;
        value           uniform (4 0 0);
    }
    sides
    {
        type            empty;
    }
}


// ************************************************************************* //
