/*--------------------------------*- C++ -*----------------------------------*\
| =========                 |                                                 |
| \\      /  F ield         | foam-extend: Open Source CFD                    |
|  \\    /   O peration     | Version:     4.1                                |
|   \\  /    A nd           | Web:         http://www.foam-extend.org         |
|    \\/     M anipulation  |                                                 |
\*---------------------------------------------------------------------------*/
FoamFile
{
    version     2.0;
    format      ascii;
    class       cellScalarField;
    location    "14.3";
    object      T;
}
// * * * * * * * * * * * * * * * * * * * * * * * * * * * * * * * * * * * * * //

dimensions      [0 0 0 0 1 0 0];

internalField   nonuniform 
100
(
(4 -5.703630593e-17 1.624202108e-17)
(4 -8.223745137e-17 2.431983565e-16)
(4 -3.217268791e-16 -8.622960259e-17)
(4 -5.041979595e-17 -1.658483014e-16)
(4 5.857280556e-17 -4.695833505e-17)
(4 -4.914259129e-16 -5.215882046e-18)
(4 4.768110602e-16 -4.329923791e-17)
(4 -3.832470913e-16 1.127391981e-18)
(4 8.511923619e-16 -6.11028493e-17)
(4 -1.351022604e-15 -7.121438803e-17)
(4 8.735052268e-16 8.295992184e-16)
(4 5.635849886e-14 3.935343073e-14)
(4 9.529145701e-13 5.683015069e-13)
(4 1.915943965e-11 1.352111402e-11)
(4 3.58656548e-10 2.102166291e-10)
(4.000000005 5.157684568e-09 3.044491455e-09)
(4.000000065 7.354671842e-08 4.145941099e-08)
(4.000000823 8.879474226e-07 4.532681371e-07)
(4.000008794 9.075908266e-06 4.375991756e-06)
(4.000082678 8.222800111e-05 3.627150798e-05)
(4.000659883 0.000610841342 0.000229749229)
(4.004184076 0.003452026166 0.001056859222)
(4.020495908 0.01459266045 0.003532963547)
(4.077984932 0.04675637784 0.008703850386)
(4.234930487 0.1159782963 0.01595494118)
(4.573291494 0.2274345892 0.02162945842)
(5.159849854 0.3592659127 0.02070509235)
(5.990641246 0.4646634858 0.01127667824)
(6.965699646 0.4991146621 -0.002830322365)
(7.92581856 0.4508632609 -0.0147479181)
(8.727862879 0.3463653288 -0.01983229756)
(9.301997385 0.2285965064 -0.01820467216)
(9.657435219 0.1308215889 -0.01309592479)
(9.849363528 0.06547687121 -0.007783716037)
(9.940476154 0.02889097561 -0.003932983241)
(9.978785558 0.01132261747 -0.00172128127)
(9.993152114 0.003969062917 -0.0006615571289)
(9.997989175 0.001252709876 -0.0002257619244)
(9.999460448 0.0003582037092 -6.904230126e-05)
(9.999867115 9.333882115e-05 -1.90739668e-05)
(9.999969828 2.228588892e-05 -4.794137457e-06)
(9.999993657 4.900826211e-06 -1.103297144e-06)
(9.99999876 9.97415564e-07 -2.338284052e-07)
(9.999999774 1.887173615e-07 -4.5879068e-08)
(9.999999961 3.333570637e-08 -8.374172874e-09)
(9.999999994 5.519258394e-09 -1.428254856e-09)
(9.999999999 8.59652091e-10 -2.28549913e-10)
(10 1.263897744e-10 -3.444243168e-11)
(10 1.75960735e-11 -4.904887889e-12)
(10 2.331890375e-12 -6.615651228e-13)
(10 2.931396134e-13 -8.555193032e-14)
(10 3.324432084e-14 -1.054553458e-14)
(10 5.600023272e-16 2.183259851e-16)
(10 -2.648923679e-16 6.813616797e-17)
(10 -5.614513621e-17 -3.571900461e-16)
(10 3.911271448e-16 -4.810287877e-16)
(10 -1.163098246e-16 8.974737676e-17)
(10 -6.384784627e-16 -1.663461838e-16)
(10 -1.474306776e-16 -9.293605387e-17)
(10 -3.225680702e-16 1.351097234e-16)
(10 4.441634904e-16 6.50151552e-16)
(10 -5.453366012e-16 -3.155797631e-16)
(10 -2.459500974e-16 4.207678501e-16)
(10 6.379778548e-17 2.949066662e-16)
(10 -1.642941369e-16 -2.969055863e-16)
(10 1.783584537e-16 -3.765714138e-16)
(10 1.503707575e-16 -7.875943269e-18)
(10 -9.092434758e-17 -2.262067787e-16)
(10 2.43838194e-16 -8.64690904e-16)
(10 -1.171935736e-16 -5.731526061e-16)
(10 1.168709019e-16 -2.546933129e-16)
(10 -8.43364099e-17 1.864513228e-17)
(10 2.79671203e-16 -5.55970086e-16)
(10 2.752899571e-16 1.404583894e-16)
(10 -3.492564046e-16 4.354632439e-16)
(10 2.899600012e-16 -3.431665416e-16)
(10 2.854481502e-16 -1.07728704e-16)
(10 5.327771167e-16 -2.080063383e-16)
(10 -1.853024072e-16 -5.764178185e-17)
(10 -2.450116091e-16 7.764548737e-16)
(10 -2.899902042e-16 3.851559597e-16)
(10 2.726704667e-17 3.642534677e-16)
(10 -1.600993242e-16 2.19168175e-16)
(10 -5.825032609e-16 -1.96781676e-16)
(10 2.759333862e-16 -6.718903698e-17)
(10 -1.839191383e-16 2.989941875e-16)
(10 6.212799799e-17 -1.759342527e-16)
(10 4.357968733e-16 1.149082599e-16)
(10 -1.748850229e-16 1.533336149e-16)
(10 -3.714756922e-17 -2.13061941e-16)
(10 -1.97262103e-16 -3.455463728e-16)
(10 2.337156708e-16 1.25353421e-16)
(10 5.928983897e-16 -8.802767199e-17)
(10 3.787000581e-16 -1.089695075e-16)
(10 1.705465732e-16 -1.518061887e-16)
(10 -8.026255582e-17 -1.775985168e-16)
(10 1.529564744e-16 3.09337379e-16)
(10 1.666466159e-16 3.445136191e-16)
(10 -4.663911291e-17 5.055830424e-16)
(10 -1.726019965e-15 4.321638872e-15)
)
;

boundaryField
{
    left
    {
        type            dirichlet;
        value           uniform (4 0 0);
    }
    right
    {
        type            dirichlet;
        value           uniform (4 0 0);
    }
    sides
    {
        type            empty;
    }
}


// ************************************************************************* //
