/*--------------------------------*- C++ -*----------------------------------*\
| =========                 |                                                 |
| \\      /  F ield         | foam-extend: Open Source CFD                    |
|  \\    /   O peration     | Version:     4.1                                |
|   \\  /    A nd           | Web:         http://www.foam-extend.org         |
|    \\/     M anipulation  |                                                 |
\*---------------------------------------------------------------------------*/
FoamFile
{
    version     2.0;
    format      ascii;
    class       cellScalarField;
    location    "41.1";
    object      T;
}
// * * * * * * * * * * * * * * * * * * * * * * * * * * * * * * * * * * * * * //

dimensions      [0 0 0 0 1 0 0];

internalField   nonuniform 
100
(
(4 -5.703630593e-17 1.624202108e-17)
(4 -1.191211343e-16 1.962661716e-16)
(4 -2.056505514e-16 2.63498923e-17)
(4 -1.078944174e-16 -8.519462114e-17)
(4 -7.388798864e-17 3.964317077e-16)
(4 -4.339235649e-16 3.206999589e-17)
(4 3.19807712e-16 1.591183081e-16)
(4 -4.458471619e-16 -1.545064895e-16)
(4 6.724726817e-16 3.493416433e-17)
(4 -1.146079514e-15 -2.613793348e-16)
(4 4.856831457e-16 3.406663467e-17)
(4 -6.022688355e-16 -1.55077498e-16)
(4 9.605636857e-16 1.3978682e-16)
(4 -5.771429495e-16 3.590861922e-16)
(4 4.904158748e-16 -6.940190332e-18)
(4 -3.18162148e-16 1.929088548e-16)
(4 4.926102634e-16 6.376211334e-17)
(4 -8.889615516e-16 1.141064596e-16)
(4 8.05726679e-16 -2.705356312e-16)
(4 -6.736063048e-16 1.838240007e-16)
(4 2.794445921e-16 -4.989815663e-18)
(4 -2.622101516e-18 -4.960496052e-17)
(4 -2.038868363e-16 -3.073859281e-17)
(4 -1.087027146e-16 -1.166370473e-16)
(4 -7.551637583e-18 5.580508545e-17)
(4 -1.098510311e-16 1.501739372e-16)
(4 5.177798192e-17 -2.981185214e-17)
(4 -8.590023082e-18 -2.672265886e-17)
(4 -3.945025488e-16 -7.127092536e-17)
(4 3.754407931e-16 -7.080465304e-17)
(4 6.432755545e-17 -6.725377379e-17)
(4 1.542300941e-16 -9.653504915e-17)
(4 5.567683557e-17 -1.220935519e-17)
(4 -4.677963832e-16 -2.510390295e-18)
(4 3.42648311e-16 6.498628551e-17)
(4 -4.678819258e-16 1.716948303e-17)
(4 8.871385803e-16 7.948733406e-17)
(4 -9.124909495e-16 -1.929172389e-16)
(4 6.927218035e-16 1.882520159e-16)
(4 -7.044727293e-16 -1.296191071e-16)
(4 9.072248254e-16 1.337967841e-16)
(4 -6.529305697e-16 6.626457493e-17)
(4 5.93959198e-16 2.446462375e-16)
(4 -9.848946571e-16 2.026800234e-16)
(4 3.57639565e-16 -1.980286197e-16)
(4 6.181766651e-16 2.543149833e-17)
(4 -7.592331219e-16 -2.19327803e-16)
(4 1.00842139e-15 -6.850194392e-17)
(4 -7.931264849e-16 -1.391590945e-16)
(4 4.353291857e-16 2.332781507e-17)
(4 -8.105531108e-17 -5.464026739e-17)
(4 1.05703869e-16 2.253347354e-16)
(4 2.400998628e-15 2.242706755e-16)
(4 1.17934908e-14 7.071892671e-15)
(4 1.235791888e-13 5.534727897e-14)
(4 1.023542611e-12 4.401180608e-13)
(4 7.844563756e-12 3.237505827e-12)
(4 5.611781633e-11 2.216406348e-11)
(4 3.732297616e-10 1.404935965e-10)
(4.000000003 2.298420929e-09 8.207693796e-10)
(4.000000016 1.305219486e-08 4.39999615e-09)
(4.000000087 6.809594538e-08 2.156203497e-08)
(4.000000433 3.254072041e-07 9.630682493e-08)
(4.000001991 1.421305923e-06 3.91313565e-07)
(4.00000839 5.667867747e-06 1.445097697e-06)
(4.000032413 2.063194593e-05 4.850028739e-06)
(4.000114852 6.859590689e-05 1.480173681e-05)
(4.000373695 0.0002085439098 4.111807908e-05)
(4.001118303 0.0005806613 0.0001040964639)
(4.003084138 0.001483468374 0.0002404817075)
(4.007856287 0.003484486686 0.0005075701561)
(4.018529527 0.007540758692 0.0009797327998)
(4.040568087 0.01506704116 0.001730551403)
(4.082666365 0.02785427173 0.002797355086)
(4.157211162 0.04774223755 0.004134716523)
(4.279813694 0.0760207552 0.005576329518)
(4.467461012 0.1126736931 0.00683231424)
(4.735223436 0.1557347805 0.007542120345)
(5.092081456 0.2010953665 0.007379488463)
(5.537045264 0.2430086673 0.006175288037)
(6.056985486 0.2752737901 0.004005075423)
(6.627241776 0.292767665 0.001196079068)
(7.215186905 0.2927934599 -0.001757429864)
(7.785864414 0.2757523539 -0.004338701486)
(8.30807511 0.2449134067 -0.006154343327)
(8.759196766 0.2054163905 -0.007025940548)
(9.127585078 0.1629145542 -0.007001142645)
(9.412315878 0.1223321736 -0.006294747804)
(9.620867593 0.08707896817 -0.005195368045)
(9.765798614 0.05882969112 -0.003977276606)
(9.861469347 0.03776537324 -0.002843721842)
(9.92152505 0.02306180954 -0.001908434188)
(9.957413962 0.01341127275 -0.001206703195)
(9.977852872 0.00743507279 -0.0007210581358)
(9.988957267 0.00393358356 -0.0004082020932)
(9.99471841 0.001988003486 -0.0002194041927)
(9.997575505 0.0009607229232 -0.0001121740974)
(9.998931189 0.0004443728905 -5.464413807e-05)
(9.999547239 0.0001969116754 -2.540125684e-05)
(9.999815584 8.366935188e-05 -1.128316e-05)
)
;

boundaryField
{
    left
    {
        type            dirichlet;
        value           uniform (4 0 0);
    }
    right
    {
        type            dirichlet;
        value           uniform (4 0 0);
    }
    sides
    {
        type            empty;
    }
}


// ************************************************************************* //
