/*--------------------------------*- C++ -*----------------------------------*\
| =========                 |                                                 |
| \\      /  F ield         | foam-extend: Open Source CFD                    |
|  \\    /   O peration     | Version:     4.1                                |
|   \\  /    A nd           | Web:         http://www.foam-extend.org         |
|    \\/     M anipulation  |                                                 |
\*---------------------------------------------------------------------------*/
FoamFile
{
    version     2.0;
    format      ascii;
    class       cellScalarField;
    location    "21.5";
    object      T;
}
// * * * * * * * * * * * * * * * * * * * * * * * * * * * * * * * * * * * * * //

dimensions      [0 0 0 0 1 0 0];

internalField   nonuniform 
100
(
(4 -5.703630593e-17 1.624202108e-17)
(4 3.03888599e-17 2.869351753e-16)
(4 -1.573577128e-16 1.033955862e-16)
(4 1.308871428e-16 2.117478417e-16)
(4 -1.462781795e-16 3.144147112e-16)
(4 -7.430831914e-16 2.718354572e-16)
(4 3.87719334e-16 -1.578097222e-16)
(4 -3.952138156e-16 5.162847903e-17)
(4 8.347847233e-16 -1.468922632e-17)
(4 -1.278908369e-15 1.156565298e-16)
(4 3.931707013e-16 -1.912093379e-17)
(4 8.163184142e-16 2.039647203e-17)
(4 -6.645381446e-16 2.141090217e-16)
(4 2.104253674e-16 4.037688433e-18)
(4 3.484038215e-16 4.882928028e-17)
(4 -2.852188544e-17 1.172972703e-16)
(4 1.619403834e-16 2.065759688e-16)
(4 -1.511490303e-16 1.96938934e-17)
(4 2.503269102e-16 -2.04305111e-16)
(4 1.22599693e-15 3.798705208e-16)
(4 2.821426529e-15 -1.82788307e-16)
(4 1.837546736e-15 1.345757705e-15)
(4 5.069169906e-14 3.202229204e-14)
(4 7.789011049e-13 4.508660381e-13)
(4 1.055997377e-11 5.848070701e-12)
(4 1.301552695e-10 6.918423437e-11)
(4.000000001 1.470718023e-09 7.481563121e-10)
(4.000000015 1.508135954e-08 7.256197235e-09)
(4.000000139 1.385127692e-07 6.265453837e-08)
(4.000001183 1.133693436e-06 4.779575865e-07)
(4.000008936 8.154622315e-06 3.144634522e-06)
(4.000058815 5.03352525e-05 1.735586484e-05)
(4.000331249 0.0002613557409 7.899387721e-05)
(4.001579795 0.0011312519 0.0002949647341)
(4.006368984 0.004082767455 0.0009054471539)
(4.021800002 0.01235456807 0.00229587424)
(4.063842928 0.0315935835 0.004830594109)
(4.16146509 0.0688607263 0.008451884584)
(4.356188022 0.1289973364 0.01226285675)
(4.692404133 0.2093382408 0.01456647335)
(5.19852948 0.2964424787 0.01364904549)
(5.867196015 0.3687793171 0.008931073061)
(6.647250406 0.4055108975 0.001589094234)
(7.455330399 0.3963836935 -0.005952043036)
(8.202587695 0.3462518312 -0.01133026024)
(8.822440798 0.2716187449 -0.01339568394)
(9.285771638 0.1922253416 -0.01247578142)
(9.599201598 0.1232588294 -0.009806541996)
(9.791863825 0.07190371725 -0.006713594578)
(9.899889862 0.0383078943 -0.004075722871)
(9.955342774 0.01870788886 -0.002220489795)
(9.98149448 0.008403940491 -0.001095184507)
(9.992863031 0.003484316359 -0.0004923912664)
(9.997433163 0.001337584144 -0.0002029523669)
(9.999137296 0.0004769006792 -7.70665814e-05)
(9.999728461 0.0001583863095 -2.707718723e-05)
(9.999919787 4.913802206e-05 -8.836809503e-06)
(9.999977714 1.42792571e-05 -2.68833429e-06)
(9.999994164 3.896826271e-06 -7.648709928e-07)
(9.999998557 1.001191566e-06 -2.0414134e-07)
(9.999999662 2.427517483e-07 -5.125612495e-08)
(9.999999925 5.56725916e-08 -1.213922295e-08)
(9.999999984 1.210338922e-08 -2.718669547e-09)
(9.999999997 2.499602624e-09 -5.771263256e-10)
(9.999999999 4.91371134e-10 -1.163899539e-10)
(10 9.211784612e-11 -2.234519384e-11)
(10 1.649959812e-11 -4.093615692e-12)
(10 2.823819589e-12 -7.159847552e-13)
(10 4.627847825e-13 -1.204703698e-13)
(10 7.422705587e-14 -1.880563176e-14)
(10 1.500705785e-14 -3.226077034e-15)
(10 9.881640614e-16 -3.299974269e-16)
(10 1.603108759e-16 -6.130274759e-16)
(10 7.194254006e-17 -5.962544277e-19)
(10 -3.841293629e-16 -2.223708925e-16)
(10 2.072560912e-16 -7.277760261e-16)
(10 5.926083395e-16 -5.802970013e-16)
(10 1.323261853e-16 -6.34284908e-17)
(10 -1.81658156e-16 -4.475004755e-18)
(10 -1.266616599e-16 6.037192614e-16)
(10 1.504698975e-16 1.745473742e-16)
(10 3.025169861e-16 -5.348484733e-16)
(10 -2.533066206e-17 -1.514759957e-16)
(10 2.07209655e-17 -5.056706698e-17)
(10 -9.139011992e-17 4.007796657e-16)
(10 2.507018672e-16 -5.47348835e-16)
(10 2.03964002e-17 -7.269396098e-17)
(10 2.188178264e-16 4.24561943e-16)
(10 1.947847774e-16 7.248168319e-16)
(10 -1.200147708e-16 3.90226851e-16)
(10 -1.885799892e-16 3.819871911e-16)
(10 1.926718923e-16 4.534659282e-16)
(10 -1.9819461e-16 -8.64804347e-17)
(10 -1.709579506e-16 1.310390583e-16)
(10 -1.366744744e-16 -2.375652396e-16)
(10 -9.43096196e-17 -6.45010869e-16)
(10 5.461459403e-17 1.408539304e-16)
(10 1.215376728e-16 -2.708900385e-16)
(10 -6.214941717e-17 3.500460563e-16)
(10 -3.312164713e-16 3.342659951e-15)
)
;

boundaryField
{
    left
    {
        type            dirichlet;
        value           uniform (4 0 0);
    }
    right
    {
        type            dirichlet;
        value           uniform (4 0 0);
    }
    sides
    {
        type            empty;
    }
}


// ************************************************************************* //
