/*--------------------------------*- C++ -*----------------------------------*\
| =========                 |                                                 |
| \\      /  F ield         | foam-extend: Open Source CFD                    |
|  \\    /   O peration     | Version:     4.1                                |
|   \\  /    A nd           | Web:         http://www.foam-extend.org         |
|    \\/     M anipulation  |                                                 |
\*---------------------------------------------------------------------------*/
FoamFile
{
    version     2.0;
    format      ascii;
    class       cellScalarField;
    location    "17.2";
    object      T;
}
// * * * * * * * * * * * * * * * * * * * * * * * * * * * * * * * * * * * * * //

dimensions      [0 0 0 0 1 0 0];

internalField   nonuniform 
100
(
(4 -5.703630593e-17 1.624202108e-17)
(4 -2.007534754e-16 -1.413690182e-17)
(4 1.209612369e-18 -1.247176552e-16)
(4 -3.228588669e-17 1.393045203e-16)
(4 4.342978789e-17 2.722778584e-17)
(4 -3.282339828e-16 -3.685894524e-17)
(4 2.761920297e-16 2.541052411e-16)
(4 -4.565803404e-16 -6.492189818e-17)
(4 8.853299983e-16 1.467432354e-16)
(4 -1.356306387e-15 1.531206999e-16)
(4 3.34252519e-16 4.514593313e-17)
(4 1.175517148e-15 1.048936721e-16)
(4 9.503443381e-16 1.504971269e-16)
(4 1.107430556e-16 -1.526384868e-16)
(4 5.285997741e-16 8.018180059e-16)
(4 1.648419826e-14 1.157215078e-14)
(4 3.105076429e-13 1.930126685e-13)
(4 5.337207014e-12 3.352384612e-12)
(4 8.437351743e-11 4.888210657e-11)
(4.000000001 1.148113793e-09 6.429267914e-10)
(4.000000013 1.450049018e-08 7.779798227e-09)
(4.000000154 1.626419423e-07 8.116924294e-08)
(4.000001562 1.588277633e-06 7.419542108e-07)
(4.000014001 1.367000574e-05 5.901594133e-06)
(4.000109045 0.0001004413849 3.85159739e-05)
(4.000710366 0.0006001033504 0.0001969820278)
(4.003766445 0.002843525102 0.0007786104618)
(4.016147573 0.01067091286 0.002387947091)
(4.056377862 0.03203700839 0.005731582307)
(4.16244948 0.07801460558 0.01083272784)
(4.392327645 0.156251572 0.01609491613)
(4.806940519 0.2607428984 0.0184446162)
(5.436421995 0.3667748617 0.01522797205)
(6.24922908 0.439454943 0.006551726409)
(7.150149525 0.4527134945 -0.004275531352)
(8.014582081 0.4043941465 -0.01287032629)
(8.738107622 0.3156559036 -0.01656243972)
(9.270118567 0.2168392246 -0.01551854592)
(9.616037166 0.1319591917 -0.01178097029)
(9.816146865 0.07158012353 -0.007568581779)
(9.919731717 0.03481016192 -0.004214042819)
(9.967972133 0.01525974268 -0.002065308444)
(9.98828827 0.006061149667 -0.0009011773352)
(9.996063315 0.002192059538 -0.0003532453778)
(9.998779816 0.0007251947804 -0.0001253235722)
(9.999650135 0.000220432982 -4.050272748e-05)
(9.999906899 6.182113286e-05 -1.199260895e-05)
(9.999976934 1.606065247e-05 -3.270063558e-06)
(9.999994663 3.879668735e-06 -8.249893374e-07)
(9.999998843 8.74552677e-07 -1.934020086e-07)
(9.999999764 1.845908222e-07 -4.229829421e-08)
(9.999999955 3.659833152e-08 -8.662393238e-09)
(9.999999992 6.836885667e-09 -1.6668575e-09)
(9.999999999 1.206831924e-09 -3.023406427e-10)
(10 2.018377061e-10 -5.184792481e-11)
(10 3.206777742e-11 -8.430912375e-12)
(10 4.85233668e-12 -1.302231579e-12)
(10 7.01899355e-13 -1.935633049e-13)
(10 9.239761855e-14 -2.620795076e-14)
(10 1.148276165e-14 -3.330958785e-15)
(10 1.845394009e-15 -1.753325379e-15)
(10 2.160112617e-16 9.041831722e-17)
(10 -2.453244928e-16 4.681141045e-16)
(10 -1.992970853e-17 -2.647314869e-17)
(10 1.239753e-16 -2.654886804e-17)
(10 1.891275459e-16 1.565691295e-16)
(10 3.417510302e-16 -2.560234055e-16)
(10 -1.169386699e-16 9.254889602e-17)
(10 -5.148291978e-18 6.01500055e-16)
(10 -1.884562574e-16 7.69972735e-16)
(10 -1.029119104e-16 -3.37234407e-16)
(10 -1.997802422e-16 1.106435807e-16)
(10 7.662382893e-17 7.018835355e-17)
(10 -3.383042978e-16 3.426492395e-16)
(10 -1.019106101e-16 1.293420598e-16)
(10 2.002561929e-16 2.207197622e-16)
(10 3.997890218e-16 -1.528330645e-16)
(10 -3.015940136e-16 3.492831308e-17)
(10 -2.998286192e-16 -2.612624919e-17)
(10 6.555215435e-17 1.106261904e-16)
(10 -1.164310491e-16 -4.391139524e-16)
(10 9.550776721e-17 -3.901536343e-16)
(10 -2.551334686e-18 -3.847399769e-16)
(10 -2.336342532e-16 5.471031522e-17)
(10 9.726271181e-17 -1.55249274e-16)
(10 3.509377404e-16 2.110064544e-16)
(10 -1.534362448e-16 1.439889501e-16)
(10 2.920929269e-16 -5.063296563e-16)
(10 4.111753746e-17 -4.291657175e-16)
(10 -1.730294833e-16 5.748533e-17)
(10 -6.092226366e-16 8.221697238e-17)
(10 -2.544996611e-16 9.078965956e-17)
(10 -2.654077561e-16 2.360376272e-16)
(10 -3.253165543e-16 6.543746714e-17)
(10 -2.127182742e-16 2.926457096e-16)
(10 2.737884547e-16 5.877026674e-16)
(10 -3.291989618e-16 5.28131944e-16)
(10 -3.625152398e-16 -1.458914058e-16)
(10 -4.09554987e-16 8.658882356e-17)
(10 -8.424230777e-16 3.434847726e-15)
)
;

boundaryField
{
    left
    {
        type            dirichlet;
        value           uniform (4 0 0);
    }
    right
    {
        type            dirichlet;
        value           uniform (4 0 0);
    }
    sides
    {
        type            empty;
    }
}


// ************************************************************************* //
