/*--------------------------------*- C++ -*----------------------------------*\
| =========                 |                                                 |
| \\      /  F ield         | foam-extend: Open Source CFD                    |
|  \\    /   O peration     | Version:     4.1                                |
|   \\  /    A nd           | Web:         http://www.foam-extend.org         |
|    \\/     M anipulation  |                                                 |
\*---------------------------------------------------------------------------*/
FoamFile
{
    version     2.0;
    format      ascii;
    class       cellScalarField;
    location    "2.6";
    object      T;
}
// * * * * * * * * * * * * * * * * * * * * * * * * * * * * * * * * * * * * * //

dimensions      [0 0 0 0 1 0 0];

internalField   nonuniform 
100
(
(4.000005117 2.148039604e-05 3.332888099e-05)
(4.000446845 0.0001709076111 -0.0003036748051)
(4.005851835 0.01133663353 0.01669639456)
(4.25655471 0.3151112511 0.1091926894)
(5.589355731 1.013580652 0.07388147059)
(7.785712643 1.044955708 -0.0819989469)
(9.318580114 0.4752835248 -0.08327030435)
(9.864753282 0.1180378686 -0.02812954451)
(9.980997376 0.01901513965 -0.00532703673)
(9.997940787 0.002254481886 -0.0006972320522)
(9.999816612 0.0002138966871 -7.072406402e-05)
(9.999985964 1.715954097e-05 -5.955553994e-06)
(9.999999047 1.20835818e-06 -4.351838567e-07)
(9.999999941 7.668305224e-08 -2.843813486e-08)
(9.999999997 4.470162186e-09 -1.697870888e-09)
(10 2.428167487e-10 -9.408586354e-11)
(10 1.242606771e-11 -4.897203987e-12)
(10 6.057949106e-13 -2.421748481e-13)
(10 2.752518457e-14 -1.266330578e-14)
(10 -1.213251353e-17 -7.662133066e-16)
(10 7.647225764e-16 -9.007577826e-16)
(10 4.764171361e-16 2.936747651e-16)
(10 -1.837288722e-16 -1.019217146e-15)
(10 1.577467952e-15 2.082771363e-17)
(10 -1.100732762e-15 9.401420116e-16)
(10 -5.084625996e-17 -9.529251764e-17)
(10 3.637550998e-16 -1.278934512e-16)
(10 -1.67637735e-16 -3.522391704e-17)
(10 3.711406477e-16 3.213876204e-16)
(10 -4.577579786e-16 -7.780757703e-17)
(10 2.619711015e-16 2.944104439e-17)
(10 -1.365836223e-16 -1.744382304e-17)
(10 2.188365318e-16 -5.564608654e-16)
(10 1.000862126e-15 -5.078880228e-16)
(10 -1.354184948e-16 7.673887686e-17)
(10 -4.236895983e-18 2.400961845e-18)
(10 -1.325615648e-19 7.511991335e-20)
(10 -4.147510001e-21 2.350308647e-21)
(10 -1.297649077e-22 7.353510526e-23)
(10 -4.060009803e-24 2.300724083e-24)
(10 -1.270272518e-25 7.198373197e-26)
(10 -3.974355602e-27 2.252185608e-27)
(10 -1.243473524e-28 7.046508808e-29)
(10 -3.89050845e-30 2.204671151e-30)
(10 -1.217239909e-31 6.897848302e-32)
(10 -3.808430217e-33 2.158159104e-33)
(10 -1.191559741e-34 6.75232407e-35)
(10 -3.728083575e-36 2.112628313e-36)
(10 -1.166421341e-37 6.609869919e-38)
(10 -3.649431971e-39 2.068058063e-39)
(10 -1.141813268e-40 6.470421021e-41)
(10 -3.572439596e-42 2.024428062e-42)
(10 -1.11772431e-43 6.33391382e-44)
(10 -3.497071312e-45 1.981718391e-45)
(10 -1.094143445e-46 6.200285837e-47)
(10 -3.423292509e-48 1.939909426e-48)
(10 -1.071059785e-49 6.069475321e-50)
(10 -3.351068859e-51 1.898981694e-51)
(10 -1.048462484e-52 5.941420725e-53)
(10 -3.280366014e-54 1.8589157e-54)
(10 -1.026340644e-55 5.816060198e-56)
(10 -3.211149375e-57 1.819691812e-57)
(10 -1.004683299e-58 5.693331557e-59)
(10 -3.143384375e-60 1.781290452e-60)
(10 -9.834796698e-62 5.573173882e-62)
(10 -3.077038063e-63 1.743693063e-63)
(10 -9.627200231e-65 5.455532688e-65)
(10 -3.012083359e-66 1.706884652e-66)
(10 -9.423976561e-68 5.340371705e-68)
(10 -2.948507935e-69 1.670859025e-69)
(10 -9.225127221e-71 5.227695323e-71)
(10 -2.886330173e-72 1.635628118e-72)
(10 -9.030787142e-74 5.117586385e-74)
(10 -2.825624867e-75 1.60123693e-75)
(10 -8.841324171e-77 5.010263845e-77)
(10 -2.766560929e-78 1.567785316e-78)
(10 -8.657479048e-80 4.906163459e-80)
(10 -2.709452312e-81 1.535457269e-81)
(10 -8.48054694e-83 4.806041921e-83)
(10 -2.654821433e-84 1.504557211e-84)
(10 -8.312594522e-86 4.711100778e-86)
(10 -2.60347188e-87 1.475551388e-87)
(10 -8.156697854e-89 4.623121474e-89)
(10 -2.55656426e-90 1.449110797e-90)
(10 -8.017177216e-92 4.544597754e-92)
(10 -2.515686349e-93 1.426150549e-93)
(10 -7.899797161e-95 4.478847241e-95)
(10 -2.482906559e-96 1.407859419e-96)
(10 -7.811895247e-98 4.430081413e-98)
(10 -2.460798931e-99 1.395712889e-99)
(10 -7.762402449e-101 4.403413103e-101)
(10 -2.452428496e-102 1.391463413e-102)
(10 -7.76172318e-104 4.404783597e-104)
(10 -2.461288273e-105 1.397103087e-105)
(10 -7.821453014e-107 4.440797343e-107)
(10 -2.491183162e-108 1.414796151e-108)
(10 -7.953926942e-110 4.518460698e-110)
(10 -2.546061166e-111 1.446781761e-111)
(10 -8.171608567e-113 4.644831194e-113)
(10 6.518150951e-17 3.12550235e-15)
)
;

boundaryField
{
    left
    {
        type            dirichlet;
        value           uniform (4 0 0);
    }
    right
    {
        type            dirichlet;
        value           uniform (4 0 0);
    }
    sides
    {
        type            empty;
    }
}


// ************************************************************************* //
