/*--------------------------------*- C++ -*----------------------------------*\
| =========                 |                                                 |
| \\      /  F ield         | foam-extend: Open Source CFD                    |
|  \\    /   O peration     | Version:     4.1                                |
|   \\  /    A nd           | Web:         http://www.foam-extend.org         |
|    \\/     M anipulation  |                                                 |
\*---------------------------------------------------------------------------*/
FoamFile
{
    version     2.0;
    format      ascii;
    class       cellScalarField;
    location    "2.5";
    object      T;
}
// * * * * * * * * * * * * * * * * * * * * * * * * * * * * * * * * * * * * * //

dimensions      [0 0 0 0 1 0 0];

internalField   nonuniform 
100
(
(4.000017102 5.129593188e-05 5.029408325e-05)
(4.000497675 -0.0001409041732 -0.0003913381082)
(4.012565992 0.02483379618 0.02759391259)
(4.385949467 0.4360917072 0.1259439746)
(5.988547572 1.120959677 0.04267937026)
(8.200082953 0.9573928907 -0.1000588121)
(9.510964901 0.3685450308 -0.07191342301)
(9.913566936 0.07948689482 -0.02013701057)
(9.989002151 0.01142653936 -0.003333443029)
(9.998903298 0.001235647077 -0.0003936381422)
(9.999908961 0.0001086551111 -3.676956545e-05)
(9.99999344 8.174539456e-06 -2.891659458e-06)
(9.999999577 5.446330947e-07 -1.993430933e-07)
(9.999999975 3.292435132e-08 -1.238323595e-08)
(9.999999999 1.838176849e-09 -7.069710421e-10)
(10 9.604388804e-11 -3.763720131e-11)
(10 4.744866851e-12 -1.889433993e-12)
(10 2.245969696e-13 -9.106764638e-14)
(10 7.880977334e-15 -3.707955126e-15)
(10 -8.884029928e-16 6.047098433e-16)
(10 -1.943313936e-16 -1.949911022e-16)
(10 7.26940087e-16 2.570690179e-16)
(10 -1.103990832e-15 -3.65063406e-16)
(10 1.810808141e-15 5.207073442e-17)
(10 -6.990371957e-16 8.289988541e-16)
(10 -1.063026776e-16 -4.069765196e-18)
(10 4.23451908e-16 5.909463663e-16)
(10 -2.706736447e-16 1.292943765e-16)
(10 2.353714669e-16 1.995397628e-16)
(10 -2.666488126e-16 -2.688083003e-17)
(10 1.364854027e-16 1.749757334e-17)
(10 -2.188385901e-16 5.564619917e-16)
(10 -1.000862169e-15 5.078880463e-16)
(10 1.354184939e-16 -7.673887637e-17)
(10 4.236895964e-18 -2.400961834e-18)
(10 1.325615644e-19 -7.511991314e-20)
(10 4.147509994e-21 -2.350308643e-21)
(10 1.297649075e-22 -7.353510518e-23)
(10 4.060009801e-24 -2.300724082e-24)
(10 1.270272518e-25 -7.198373196e-26)
(10 3.974355601e-27 -2.252185608e-27)
(10 1.243473523e-28 -7.046508802e-29)
(10 3.890508441e-30 -2.204671146e-30)
(10 1.217239903e-31 -6.897848266e-32)
(10 3.808430183e-33 -2.158159083e-33)
(10 1.191559723e-34 -6.752323958e-35)
(10 3.728083481e-36 -2.112628256e-36)
(10 1.166421294e-37 -6.60986964e-38)
(10 3.649431746e-39 -2.068057928e-39)
(10 1.141813159e-40 -6.470420364e-41)
(10 3.572439061e-42 -2.024427739e-42)
(10 1.117724044e-43 -6.333912213e-44)
(10 3.49706998e-45 -1.981717586e-45)
(10 1.094142777e-46 -6.200281808e-47)
(10 3.423289187e-48 -1.939907427e-48)
(10 1.071058157e-49 -6.069465552e-50)
(10 3.351061029e-51 -1.898977015e-51)
(10 1.048458805e-52 -5.941398826e-53)
(10 3.280349154e-54 -1.858905707e-54)
(10 1.026333126e-55 -5.816015835e-56)
(10 3.211116814e-57 -1.819672686e-57)
(10 1.004669634e-58 -5.693251691e-59)
(10 3.143329006e-60 -1.781258271e-60)
(10 9.834581303e-62 -5.573049517e-62)
(10 3.076958377e-63 -1.743647441e-63)
(10 9.626924766e-65 -5.455376883e-65)
(10 3.011997624e-66 -1.706837156e-66)
(10 9.423759402e-68 -5.340257189e-68)
(10 2.948481809e-69 -1.67084939e-69)
(10 9.225302348e-71 -5.22782233e-71)
(10 2.886524041e-72 -1.635751861e-72)
(10 9.032092722e-74 -5.118392298e-74)
(10 2.826367262e-75 -1.601687922e-75)
(10 8.84518236e-77 -5.012585018e-77)
(10 2.768452997e-78 -1.568916043e-78)
(10 8.666378287e-80 -4.911455221e-80)
(10 2.713505006e-81 -1.537857598e-81)
(10 8.498524775e-83 -4.816655128e-83)
(10 2.662622075e-84 -1.509149571e-84)
(10 8.345800492e-86 -4.73060266e-86)
(10 2.617370285e-87 -1.48369658e-87)
(10 8.213994473e-89 -4.656636304e-89)
(10 2.579861675e-90 -1.462714737e-90)
(10 8.110715677e-92 -4.599130818e-92)
(10 2.552804225e-93 -1.447758769e-93)
(10 8.045487379e-95 -4.563546183e-95)
(10 2.539507943e-96 -1.440723815e-96)
(10 8.029680937e-98 -4.556384267e-98)
(10 2.543834114e-99 -1.443814689e-99)
(10 8.076254299e-101 -4.585034066e-101)
(10 2.570079292e-102 -1.459478013e-102)
(10 8.199278158e-104 -4.65749648e-104)
(10 2.622792034e-105 -1.490296304e-105)
(10 8.413255041e-107 -4.781992343e-107)
(10 2.706527862e-108 -1.538847372e-108)
(10 8.732260927e-110 -4.966471237e-110)
(10 2.825555602e-111 -1.607536694e-111)
(10 9.168962091e-113 -5.218051575e-113)
(10 2.983534917e-114 -1.698414171e-114)
(10 8.048177937e-18 3.252757329e-15)
)
;

boundaryField
{
    left
    {
        type            dirichlet;
        value           uniform (4 0 0);
    }
    right
    {
        type            dirichlet;
        value           uniform (4 0 0);
    }
    sides
    {
        type            empty;
    }
}


// ************************************************************************* //
