/*--------------------------------*- C++ -*----------------------------------*\
| =========                 |                                                 |
| \\      /  F ield         | foam-extend: Open Source CFD                    |
|  \\    /   O peration     | Version:     4.1                                |
|   \\  /    A nd           | Web:         http://www.foam-extend.org         |
|    \\/     M anipulation  |                                                 |
\*---------------------------------------------------------------------------*/
FoamFile
{
    version     2.0;
    format      ascii;
    class       cellScalarField;
    location    "47.4";
    object      T;
}
// * * * * * * * * * * * * * * * * * * * * * * * * * * * * * * * * * * * * * //

dimensions      [0 0 0 0 1 0 0];

internalField   nonuniform 
100
(
(4 -5.703630593e-17 1.624202108e-17)
(4 -2.55467758e-16 4.489570334e-17)
(4 1.498542545e-16 -1.43158608e-16)
(4 -2.076171263e-17 2.667708743e-16)
(4 -5.117967692e-17 -1.370583866e-16)
(4 -3.617465276e-16 -6.797589149e-18)
(4 5.082753575e-16 6.498212732e-17)
(4 -5.133708496e-16 2.491936956e-16)
(4 8.994623155e-16 -5.960600618e-17)
(4 -1.209296275e-15 -1.425556873e-16)
(4 2.534871481e-16 4.830027527e-17)
(4 -3.366092776e-16 -9.394334628e-18)
(4 1.021271417e-15 2.212881203e-16)
(4 -5.364074118e-16 -4.208640671e-17)
(4 2.542168498e-16 -1.009072131e-16)
(4 5.182584187e-18 -1.059435628e-17)
(4 5.269192104e-17 2.43560499e-16)
(4 -3.350634048e-17 1.368018361e-16)
(4 -1.498094834e-16 3.833689427e-17)
(4 -5.720105293e-17 9.861509171e-17)
(4 5.551210596e-17 -1.044441527e-16)
(4 -1.247881544e-16 -8.814992688e-17)
(4 -2.165414773e-17 -2.531962554e-18)
(4 -8.423766038e-17 4.291307915e-17)
(4 7.880042592e-18 1.142184294e-18)
(4 1.804350932e-17 -7.860579082e-17)
(4 3.90824583e-17 5.835059595e-18)
(4 -6.171873266e-17 1.525830233e-16)
(4 -5.33995521e-16 1.046208432e-16)
(4 4.838098041e-16 7.494545721e-17)
(4 -1.315080714e-16 7.151497991e-17)
(4 1.981081918e-16 -1.077607327e-16)
(4 -4.329984579e-17 -1.116832376e-16)
(4 -4.433669176e-16 1.039218694e-16)
(4 4.010121805e-16 1.301683516e-16)
(4 -4.996625792e-16 2.296722048e-17)
(4 7.229407522e-16 3.973824422e-17)
(4 -9.442840443e-16 7.913242954e-17)
(4 5.597988056e-16 -2.098279434e-16)
(4 -5.127924039e-17 1.291384941e-17)
(4 7.858432742e-17 2.951416393e-16)
(4 -1.663241423e-16 -1.111148312e-16)
(4 6.038708869e-17 1.425900649e-16)
(4 -2.569299761e-16 -4.884169696e-17)
(4 -3.45988384e-16 -8.954737219e-17)
(4 9.352569914e-16 7.682275154e-17)
(4 -7.529485973e-16 -1.71420221e-16)
(4 9.645173299e-16 -7.585483444e-17)
(4 -7.902012192e-16 -3.245842183e-16)
(4 5.371799842e-16 4.402830185e-17)
(4 1.159831446e-16 1.022209986e-16)
(4 -7.06722875e-17 5.698238169e-17)
(4 -3.92323603e-17 1.385295285e-17)
(4 5.474064751e-17 -6.850320969e-17)
(4 -1.410439895e-16 9.010228587e-17)
(4 -9.1978332e-17 -1.199774852e-16)
(4 6.938851414e-17 1.125508346e-16)
(4 1.063079599e-17 -3.687411928e-17)
(4 -2.749303217e-16 -1.059880554e-16)
(4 2.100322588e-17 2.16514641e-16)
(4 6.040546186e-17 6.095524684e-17)
(4 5.753060348e-17 -1.304971633e-16)
(4 5.600178798e-16 3.298928124e-16)
(4 5.144802821e-15 1.954203458e-15)
(4 4.420408892e-14 1.975472655e-14)
(4 3.377042441e-13 1.365141067e-13)
(4 2.364212615e-12 9.25815566e-13)
(4 1.556274194e-11 5.841298344e-12)
(4 9.58280409e-11 3.436904749e-11)
(4.000000001 5.504273597e-10 1.880167081e-10)
(4.000000004 2.941458129e-09 9.533823036e-10)
(4.000000019 1.458928846e-08 4.470407564e-09)
(4.000000091 6.703390318e-08 1.934835753e-08)
(4.000000406 2.849567463e-07 7.720378427e-08)
(4.000001676 1.119914435e-06 2.838388762e-07)
(4.000006414 4.068688416e-06 9.614186124e-07)
(4.000022771 1.366913546e-05 3.001310938e-06)
(4.000075056 4.249803301e-05 8.640748004e-06)
(4.000229942 0.0001224031264 2.296176245e-05)
(4.000655627 0.0003270102058 5.637549758e-05)
(4.001742508 0.000811500272 0.0001280070378)
(4.004324261 0.001873389819 0.0002690532145)
(4.010038182 0.004029534702 0.0005239002869)
(4.021838731 0.008088199072 0.0009456214785)
(4.044615003 0.01517398718 0.001582557562)
(4.085761598 0.02664833993 0.002455238452)
(4.155440817 0.04387538417 0.003528185692)
(4.266211123 0.06782548528 0.004687387393)
(4.431753733 0.09858442493 0.005737709416)
(4.664648659 0.1349179655 0.006431264962)
(4.973502263 0.1740845305 0.006526669179)
(5.360089509 0.2120521619 0.005863913793)
(5.817373297 0.2441526267 0.004428044684)
(6.329162035 0.2660368658 0.002374418695)
(6.871747477 0.2746577225 1.276533817e-06)
(7.417263238 0.2689690814 -0.002323614328)
(7.9379562 0.2501200188 -0.004256692058)
(8.410290924 0.2211006231 -0.00555986184)
(8.817911574 0.18598268 -0.006143621404)
(9.152901413 0.1490143872 -0.006063410061)
)
;

boundaryField
{
    left
    {
        type            dirichlet;
        value           uniform (4 0 0);
    }
    right
    {
        type            dirichlet;
        value           uniform (4 0 0);
    }
    sides
    {
        type            empty;
    }
}


// ************************************************************************* //
