/*--------------------------------*- C++ -*----------------------------------*\
| =========                 |                                                 |
| \\      /  F ield         | foam-extend: Open Source CFD                    |
|  \\    /   O peration     | Version:     4.1                                |
|   \\  /    A nd           | Web:         http://www.foam-extend.org         |
|    \\/     M anipulation  |                                                 |
\*---------------------------------------------------------------------------*/
FoamFile
{
    version     2.0;
    format      ascii;
    class       cellScalarField;
    location    "5.5";
    object      T;
}
// * * * * * * * * * * * * * * * * * * * * * * * * * * * * * * * * * * * * * //

dimensions      [0 0 0 0 1 0 0];

internalField   nonuniform 
100
(
(4 1.370242844e-11 -1.214334412e-12)
(4 -6.261645153e-10 2.210829279e-10)
(4.000000017 2.997546132e-08 5.778093045e-09)
(4.000000027 -1.781245657e-07 1.126033768e-07)
(4.000007904 1.366856357e-05 8.790484523e-06)
(4.000140127 0.0001269731205 5.651134359e-05)
(4.00188142 0.002347908439 0.0018092297)
(4.031572496 0.03618201448 0.01553408023)
(4.243448757 0.2008033704 0.04674075556)
(4.960749465 0.5299933178 0.05659963566)
(6.30814428 0.785381397 0.01256610373)
(7.86164027 0.7233729807 -0.03881081121)
(9.041951391 0.4452235258 -0.04845330213)
(9.666787463 0.1940147266 -0.0297337243)
(9.908446007 0.06288072656 -0.01190636665)
(9.979654944 0.01582189815 -0.003463104282)
(9.996251706 0.003207794263 -0.0007802502494)
(9.999413835 0.000540918683 -0.0001425389913)
(9.999920535 7.791041281e-05 -2.185965799e-05)
(9.999990488 9.799515066e-06 -2.891728009e-06)
(9.999998979 1.096252638e-06 -3.371754111e-07)
(9.9999999 1.1073823e-07 -3.526075721e-08)
(9.999999991 1.022907293e-08 -3.354389091e-09)
(9.999999999 8.731641092e-10 -2.936824774e-10)
(10 6.948609735e-11 -2.389416493e-11)
(10 5.195964456e-12 -1.821801096e-12)
(10 3.675822046e-13 -1.316874122e-13)
(10 2.510877057e-14 -9.439688471e-15)
(10 -5.185252353e-17 -8.727669339e-16)
(10 1.292619165e-15 -2.977562413e-16)
(10 -1.12774123e-15 2.466903148e-17)
(10 9.315185851e-16 -4.001092338e-16)
(10 1.604960857e-16 -4.970780032e-17)
(10 3.474100741e-16 4.304115563e-16)
(10 3.924173659e-16 4.796709987e-17)
(10 -6.512007351e-16 -1.845420145e-16)
(10 3.434677696e-16 3.43362099e-17)
(10 -2.48702338e-16 -6.076232053e-16)
(10 5.590464043e-16 -4.943702001e-16)
(10 -2.73575334e-16 2.816967586e-16)
(10 7.461690167e-17 -2.234233031e-16)
(10 -1.077090587e-16 -4.426200057e-17)
(10 4.998328125e-16 5.125253498e-17)
(10 -2.605509909e-16 7.49093925e-16)
(10 -2.192231891e-16 5.692864646e-17)
(10 -1.854296203e-16 6.769891902e-17)
(10 -3.414640953e-16 4.102568909e-16)
(10 2.282727504e-17 1.218580068e-16)
(10 -2.649642611e-16 2.453169875e-16)
(10 -1.894112883e-17 4.26545229e-17)
(10 -2.350594994e-17 1.46179938e-16)
(10 -4.542592377e-16 -9.928045862e-17)
(10 -1.210248092e-18 -3.765913058e-16)
(10 1.093612822e-16 -2.476806326e-16)
(10 8.523293909e-17 -4.060719251e-16)
(10 -5.817897996e-17 -2.008818928e-16)
(10 3.82304655e-17 2.275369465e-16)
(10 -1.685932662e-17 -1.087825639e-17)
(10 2.413900432e-16 1.962281516e-16)
(10 -2.66512645e-16 -2.695542951e-17)
(10 1.364883093e-16 1.74959894e-17)
(10 -2.188385326e-16 5.564619606e-16)
(10 -1.000862168e-15 5.078880458e-16)
(10 1.354184939e-16 -7.673887638e-17)
(10 4.236895964e-18 -2.400961834e-18)
(10 1.325615644e-19 -7.511991314e-20)
(10 4.147509993e-21 -2.350308642e-21)
(10 1.297649075e-22 -7.353510516e-23)
(10 4.060009799e-24 -2.300724081e-24)
(10 1.270272517e-25 -7.198373192e-26)
(10 3.974355599e-27 -2.252185607e-27)
(10 1.243473523e-28 -7.046508804e-29)
(10 3.890508449e-30 -2.204671151e-30)
(10 1.217239909e-31 -6.897848306e-32)
(10 3.808430225e-33 -2.158159109e-33)
(10 1.191559747e-34 -6.752324104e-35)
(10 3.728083609e-36 -2.112628333e-36)
(10 1.166421359e-37 -6.609870033e-38)
(10 3.649432069e-39 -2.068058123e-39)
(10 1.141813318e-40 -6.470421321e-41)
(10 3.572439844e-42 -2.024428212e-42)
(10 1.117724433e-43 -6.333914564e-44)
(10 3.497071927e-45 -1.981718763e-45)
(10 1.094143753e-46 -6.200287697e-47)
(10 3.42329405e-48 -1.939910357e-48)
(10 1.071060555e-49 -6.069479961e-50)
(10 3.351072669e-51 -1.898983985e-51)
(10 1.048464345e-52 -5.941431881e-53)
(10 3.280374945e-54 -1.858921038e-54)
(10 1.026344847e-55 -5.816085238e-56)
(10 3.211168734e-57 -1.819703301e-57)
(10 1.004692006e-58 -5.693383038e-59)
(10 3.143422569e-60 -1.781312942e-60)
(10 9.834959756e-62 -5.573269491e-62)
(10 3.077105648e-63 -1.743732507e-63)
(10 9.627471188e-65 -5.455689985e-65)
(10 3.012187818e-66 -1.706944907e-66)
(10 9.424360014e-68 -5.340591059e-68)
(10 2.948639562e-69 -1.670933417e-69)
(10 -8.447816926e-16 2.828554351e-15)
)
;

boundaryField
{
    left
    {
        type            dirichlet;
        value           uniform (4 0 0);
    }
    right
    {
        type            dirichlet;
        value           uniform (4 0 0);
    }
    sides
    {
        type            empty;
    }
}


// ************************************************************************* //
