/*--------------------------------*- C++ -*----------------------------------*\
| =========                 |                                                 |
| \\      /  F ield         | foam-extend: Open Source CFD                    |
|  \\    /   O peration     | Version:     4.1                                |
|   \\  /    A nd           | Web:         http://www.foam-extend.org         |
|    \\/     M anipulation  |                                                 |
\*---------------------------------------------------------------------------*/
FoamFile
{
    version     2.0;
    format      ascii;
    class       cellScalarField;
    location    "13.5";
    object      T;
}
// * * * * * * * * * * * * * * * * * * * * * * * * * * * * * * * * * * * * * //

dimensions      [0 0 0 0 1 0 0];

internalField   nonuniform 
100
(
(4 -5.703630593e-17 1.624202108e-17)
(4 -1.019930872e-16 2.22385469e-16)
(4 2.160042125e-16 -7.889026931e-18)
(4 -2.012776831e-16 5.083846585e-17)
(4 3.513732078e-18 -1.692904108e-16)
(4 -5.218924532e-16 2.36335098e-16)
(4 6.207327033e-16 4.283794431e-17)
(4 -3.974896942e-16 2.18354231e-16)
(4 5.997741964e-16 -8.645550422e-17)
(4 -1.05391151e-15 1.782932467e-15)
(4 1.098926062e-13 7.228868057e-14)
(4 1.61174791e-12 9.823980129e-13)
(4 3.689962005e-11 2.679047855e-11)
(4.000000001 6.984179268e-10 4.034834534e-10)
(4.000000009 1.012379677e-08 6.12925208e-09)
(4.000000132 1.501927542e-07 8.498046293e-08)
(4.000001679 1.810396069e-06 9.224855574e-07)
(4.000017958 1.856306872e-05 9.010635408e-06)
(4.000169496 0.0001688362996 7.39375847e-05)
(4.001333433 0.001222301288 0.0004461081808)
(4.008128527 0.006542545911 0.001902309637)
(4.037616279 0.02573092176 0.00578692264)
(4.133852663 0.07586483223 0.01276348964)
(4.375127147 0.1718840477 0.02052510769)
(4.849912957 0.3061755745 0.02354880932)
(5.597533135 0.4373844821 0.01728340841)
(6.555549618 0.5097184732 0.003206036438)
(7.569358483 0.4918289965 -0.01154010912)
(8.466917797 0.3981025989 -0.0200153098)
(9.139483955 0.2735010415 -0.02039247766)
(9.570550709 0.1611844627 -0.01557706067)
(9.809161342 0.08228622298 -0.009609437273)
(9.924257772 0.03671958132 -0.004964355943)
(9.973043511 0.01444423573 -0.002196561439)
(9.99135778 0.005048255468 -0.0008459074635)
(9.997491951 0.001579236523 -0.0002871228098)
(9.999337851 0.0004452683576 -8.679771903e-05)
(9.999840178 0.0001138902255 -2.357973971e-05)
(9.99996456 2.658779846e-05 -5.802115394e-06)
(9.999992746 5.697427539e-06 -1.302300132e-06)
(9.999998623 1.126627164e-06 -2.683328478e-07)
(9.999999757 2.066016947e-07 -5.104822268e-08)
(9.99999996 3.529699394e-08 -9.013969906e-09)
(9.999999994 5.642200282e-09 -1.484461599e-09)
(9.999999999 8.472096233e-10 -2.29010603e-10)
(10 1.199385789e-10 -3.322929501e-11)
(10 1.606319558e-11 -4.551381662e-12)
(10 2.044314331e-12 -5.91482031e-13)
(10 2.481192868e-13 -7.290969217e-14)
(10 2.683610462e-14 -9.639323431e-15)
(10 1.597699038e-15 -5.428151185e-16)
(10 -1.204075304e-15 1.029929845e-15)
(10 2.893673884e-16 5.727071829e-18)
(10 1.253312037e-17 8.202537635e-17)
(10 -1.411704648e-16 -2.740743024e-16)
(10 -8.334699574e-17 -2.471382766e-16)
(10 -1.443842405e-16 -3.828871761e-16)
(10 4.503661383e-16 -3.585256991e-17)
(10 -1.465244677e-16 5.658464424e-16)
(10 -3.052342484e-16 4.865179841e-16)
(10 3.23482641e-18 1.691535691e-16)
(10 5.960761135e-17 -4.237725846e-16)
(10 9.45437163e-17 -4.035429462e-16)
(10 -1.272610909e-16 -2.327321265e-16)
(10 2.706820052e-16 8.423696798e-17)
(10 3.111859055e-16 -6.739916561e-18)
(10 -3.090499681e-16 2.034585342e-16)
(10 4.241148007e-16 5.9648961e-16)
(10 2.357457798e-16 3.749819577e-16)
(10 -1.077768038e-16 -7.865381457e-17)
(10 2.410303421e-16 -2.165656556e-17)
(10 3.678841496e-16 2.697290371e-16)
(10 1.912605664e-16 2.208677549e-16)
(10 2.883938883e-16 1.14238072e-16)
(10 -4.786617428e-16 -7.181720954e-17)
(10 6.165879777e-17 3.449877288e-16)
(10 1.96633169e-16 4.303169479e-17)
(10 -6.983520783e-17 1.726759557e-16)
(10 1.8568126e-16 -3.960791548e-16)
(10 -4.924292194e-16 3.591257545e-16)
(10 -1.974152206e-16 -4.293283158e-16)
(10 9.761497702e-17 -4.137412696e-16)
(10 3.43931048e-16 4.402331115e-17)
(10 2.554985025e-16 -8.231312761e-17)
(10 -3.797667628e-16 1.399766915e-16)
(10 3.50984813e-16 -4.534987305e-17)
(10 1.677261838e-16 -9.473519771e-17)
(10 3.3464923e-16 6.818351507e-17)
(10 -6.552065644e-19 4.769053466e-16)
(10 9.040833784e-17 3.380991855e-16)
(10 -6.315162032e-18 5.092233127e-16)
(10 -4.313498964e-16 8.451157735e-17)
(10 -4.604860945e-16 7.642291984e-17)
(10 6.183036578e-17 9.214955028e-17)
(10 -2.658535647e-16 6.571706484e-18)
(10 2.233564735e-16 -2.263896635e-16)
(10 4.106173115e-16 -5.841875899e-16)
(10 1.223960039e-16 -1.490674461e-16)
(10 4.125891597e-16 -3.547485869e-17)
(10 -1.537938434e-15 3.867003449e-15)
)
;

boundaryField
{
    left
    {
        type            dirichlet;
        value           uniform (4 0 0);
    }
    right
    {
        type            dirichlet;
        value           uniform (4 0 0);
    }
    sides
    {
        type            empty;
    }
}


// ************************************************************************* //
