/*--------------------------------*- C++ -*----------------------------------*\
| =========                 |                                                 |
| \\      /  F ield         | foam-extend: Open Source CFD                    |
|  \\    /   O peration     | Version:     4.1                                |
|   \\  /    A nd           | Web:         http://www.foam-extend.org         |
|    \\/     M anipulation  |                                                 |
\*---------------------------------------------------------------------------*/
FoamFile
{
    version     2.0;
    format      ascii;
    class       cellScalarField;
    location    "25.7";
    object      T;
}
// * * * * * * * * * * * * * * * * * * * * * * * * * * * * * * * * * * * * * //

dimensions      [0 0 0 0 1 0 0];

internalField   nonuniform 
100
(
(4 -5.703630593e-17 1.624202108e-17)
(4 -1.410800439e-16 -1.524776104e-16)
(4 -1.987338493e-17 7.497672861e-17)
(4 -1.85215209e-16 -2.312520302e-18)
(4 2.328997496e-16 9.503556596e-17)
(4 -4.348492611e-16 1.046435256e-16)
(4 1.969810188e-16 -4.398188132e-18)
(4 -3.8193317e-16 -2.454948013e-16)
(4 7.967028605e-16 -2.80669839e-17)
(4 -1.158557972e-15 -2.513335638e-16)
(4 5.552549441e-17 1.385374651e-16)
(4 1.486024266e-15 -9.581328166e-17)
(4 -1.09060831e-15 -2.817436854e-16)
(4 6.137903939e-16 1.470895777e-16)
(4 -1.739226151e-16 3.011609415e-16)
(4 2.282500821e-17 -4.665421714e-17)
(4 1.450288104e-16 1.355898816e-16)
(4 2.584512142e-17 5.477411731e-17)
(4 6.850033703e-17 8.475286764e-17)
(4 -1.219696342e-16 2.222687039e-16)
(4 -2.164856772e-16 2.772159708e-17)
(4 1.958783669e-16 -1.730356113e-16)
(4 -5.188212706e-17 -9.024251511e-17)
(4 7.639584985e-18 5.428718022e-17)
(4 3.178510508e-16 -1.95442835e-16)
(4 -3.420441932e-16 -1.626701075e-16)
(4 8.197063445e-16 1.057234495e-16)
(4 -7.149205378e-16 8.277288271e-16)
(4 1.202644521e-14 6.953179037e-15)
(4 1.479286452e-13 7.968537669e-14)
(4 1.778668432e-12 9.414590298e-13)
(4 2.002478653e-11 1.019596468e-11)
(4 2.080231661e-10 1.014710124e-10)
(4.000000002 1.980985795e-09 9.19741011e-10)
(4.000000018 1.71562065e-08 7.533230218e-09)
(4.000000142 1.341648175e-07 5.528482023e-08)
(4.000001041 9.381345366e-07 3.585719808e-07)
(4.00000677 5.786122475e-06 2.022152461e-06)
(4.000038789 3.106691211e-05 9.78811456e-06)
(4.000194023 0.0001439700737 4.038785223e-05)
(4.000843975 0.0005740704399 0.0001418357572)
(4.003193594 0.001971920766 0.0004246629898)
(4.010547897 0.005857394762 0.001087406458)
(4.030567208 0.01512365299 0.002389062028)
(4.078209458 0.03413670473 0.004513636226)
(4.177874488 0.06774866183 0.007334468342)
(4.362139044 0.1188822863 0.01021443369)
(4.664784692 0.1854249352 0.01206167293)
(5.108538994 0.2583504058 0.01175558208)
(5.692061887 0.3230383939 0.008772015698)
(6.383169214 0.3640689918 0.003602094713)
(7.123375043 0.3713268471 -0.00236805584)
(7.843020513 0.3440494342 -0.007481122766)
(8.48038347 0.2906215876 -0.0105442422)
(8.996340824 0.2245643796 -0.01124052163)
(9.379323487 0.1592376174 -0.01005127671)
(9.640776394 0.1039342919 -0.007850376085)
(9.805405258 0.06262316383 -0.005469056444)
(9.901281341 0.03492792515 -0.003442636173)
(9.953059884 0.01808090741 -0.001975561978)
(9.97905683 0.00870921522 -0.001040410759)
(9.99122103 0.003912985765 -0.0005055183176)
(9.996537831 0.001643718552 -0.000227617141)
(9.998713552 0.0006470220144 -9.533699927e-05)
(9.999548941 0.0002391831759 -3.727062646e-05)
(9.999850534 8.321020519e-05 -1.364067966e-05)
(9.999953119 2.729855949e-05 -4.686748772e-06)
(9.99998606 8.461988674e-06 -1.515600312e-06)
(9.999996064 2.483120678e-06 -4.62392092e-07)
(9.999998943 6.91051879e-07 -1.333889599e-07)
(9.99999973 1.827166757e-07 -3.646099296e-08)
(9.999999934 4.597703769e-08 -9.462419181e-09)
(9.999999985 1.10284321e-08 -2.33594749e-09)
(9.999999997 2.525719984e-09 -5.495314413e-10)
(9.999999999 5.5311795e-10 -1.234044653e-10)
(10 1.159964356e-10 -2.649702303e-11)
(10 2.332996179e-11 -5.447928898e-12)
(10 4.507043911e-12 -1.074976601e-12)
(10 8.33835689e-13 -2.041517557e-13)
(10 1.494544346e-13 -3.679339599e-14)
(10 2.79344743e-14 -6.978492452e-15)
(10 5.613743587e-15 -6.264747844e-16)
(10 -1.232650883e-15 9.456375047e-16)
(10 -1.471229677e-16 5.113225717e-16)
(10 -1.512002478e-16 -2.655850199e-16)
(10 1.46195383e-16 -7.727505184e-17)
(10 5.217871342e-16 -7.047247481e-16)
(10 -1.200231075e-16 4.283241562e-17)
(10 3.023057365e-17 -2.564372079e-18)
(10 2.68153924e-16 8.006959576e-17)
(10 3.440713017e-16 -3.524525624e-17)
(10 7.273123774e-17 5.101169285e-16)
(10 -3.203746557e-16 6.018216962e-16)
(10 -4.136713422e-16 8.432120243e-16)
(10 -6.503835631e-16 2.728468571e-16)
(10 -2.487070694e-16 3.696439382e-16)
(10 9.773366485e-17 4.174816303e-17)
(10 -1.125106091e-16 2.489098425e-16)
(10 2.038807202e-16 -6.792918907e-17)
(10 1.586780585e-17 3.190005e-15)
)
;

boundaryField
{
    left
    {
        type            dirichlet;
        value           uniform (4 0 0);
    }
    right
    {
        type            dirichlet;
        value           uniform (4 0 0);
    }
    sides
    {
        type            empty;
    }
}


// ************************************************************************* //
