/*--------------------------------*- C++ -*----------------------------------*\
| =========                 |                                                 |
| \\      /  F ield         | foam-extend: Open Source CFD                    |
|  \\    /   O peration     | Version:     4.1                                |
|   \\  /    A nd           | Web:         http://www.foam-extend.org         |
|    \\/     M anipulation  |                                                 |
\*---------------------------------------------------------------------------*/
FoamFile
{
    version     2.0;
    format      ascii;
    class       cellScalarField;
    location    "6.7";
    object      T;
}
// * * * * * * * * * * * * * * * * * * * * * * * * * * * * * * * * * * * * * //

dimensions      [0 0 0 0 1 0 0];

internalField   nonuniform 
100
(
(4 -2.063944214e-14 -2.688878985e-14)
(4 1.788178566e-12 2.08049083e-12)
(4 -3.336383748e-11 -5.306103897e-11)
(4 1.420814554e-09 2.064584569e-09)
(4.000000029 2.414530143e-08 -4.411926389e-09)
(4.000000313 4.474590628e-07 6.728621175e-07)
(4.000014276 1.847179732e-05 8.781137735e-06)
(4.000178989 0.0001785243902 0.0001116474342)
(4.002580211 0.003094546699 0.001838995777)
(4.030691761 0.03161393442 0.01183226974)
(4.197275075 0.1525713661 0.03426087643)
(4.740603263 0.4052215775 0.04836819977)
(5.821815723 0.6618393086 0.02637012918)
(7.235399265 0.7165187042 -0.01661894424)
(8.517703468 0.5433754741 -0.0405377285)
(9.360414296 0.3016797576 -0.03536599309)
(9.776515064 0.1273022017 -0.01946749551)
(9.935908065 0.04219366233 -0.007721653511)
(9.984661726 0.01131003596 -0.002358068133)
(9.996882946 0.002516120596 -0.0005792343691)
(9.999452915 0.0004752615802 -0.0001182571574)
(9.999915761 7.774422335e-05 -2.059391377e-05)
(9.999988459 1.120371843e-05 -3.124288555e-06)
(9.999998575 1.443417218e-06 -4.201711786e-07)
(9.99999984 1.683536742e-07 -5.082352037e-08)
(9.999999983 1.796962529e-08 -5.597001497e-09)
(9.999999998 1.771589911e-09 -5.669809807e-10)
(10 1.626148516e-10 -5.329649076e-11)
(10 1.399321178e-11 -4.684162902e-12)
(10 1.133695798e-12 -3.865680469e-13)
(10 9.010975073e-14 -3.073981189e-14)
(10 6.070347065e-15 -2.376354156e-15)
(10 -4.731044389e-16 1.047708729e-16)
(10 -2.512662231e-18 1.468077233e-16)
(10 -2.602905496e-16 -6.455919484e-16)
(10 1.404067184e-15 -3.131524531e-16)
(10 -8.522348139e-16 -3.154046867e-16)
(10 1.331652392e-15 6.05926715e-16)
(10 -1.795452142e-15 4.844663122e-16)
(10 1.515508308e-15 -1.054318409e-15)
(10 -9.298245138e-17 -1.255523132e-16)
(10 5.181057304e-16 -1.614937309e-16)
(10 -3.273747876e-17 8.311280611e-17)
(10 2.249634676e-16 -2.694454958e-16)
(10 8.077421084e-17 -4.829147673e-16)
(10 3.489197846e-16 3.170449699e-16)
(10 -3.199765603e-16 6.873119803e-16)
(10 -1.970335268e-16 2.142779515e-16)
(10 2.216184976e-16 1.084852752e-16)
(10 -1.29558215e-16 -1.564094129e-16)
(10 9.222681376e-17 -4.501050564e-16)
(10 -1.684609668e-16 2.017740775e-16)
(10 -3.945047862e-16 -5.395501286e-16)
(10 1.416077772e-16 -1.838653885e-16)
(10 5.067129341e-16 4.735176613e-17)
(10 -2.603288152e-16 7.489734339e-16)
(10 -2.192187725e-16 5.69266038e-17)
(10 -1.854297256e-16 6.769899063e-17)
(10 -3.414641057e-16 4.102568964e-16)
(10 2.282727488e-17 1.218580069e-16)
(10 -2.649642611e-16 2.453169875e-16)
(10 -1.894112883e-17 4.26545229e-17)
(10 -2.350594994e-17 1.46179938e-16)
(10 -4.542592377e-16 -9.928045862e-17)
(10 -1.210248092e-18 -3.765913058e-16)
(10 1.093612822e-16 -2.476806326e-16)
(10 8.523293909e-17 -4.060719251e-16)
(10 -5.817897996e-17 -2.008818928e-16)
(10 3.82304655e-17 2.275369465e-16)
(10 -1.685932662e-17 -1.087825639e-17)
(10 2.413900432e-16 1.962281516e-16)
(10 -2.66512645e-16 -2.695542951e-17)
(10 1.364883093e-16 1.74959894e-17)
(10 -2.188385326e-16 5.564619606e-16)
(10 -1.000862168e-15 5.078880458e-16)
(10 1.354184939e-16 -7.673887638e-17)
(10 4.236895964e-18 -2.400961834e-18)
(10 1.325615644e-19 -7.511991314e-20)
(10 4.147509993e-21 -2.350308642e-21)
(10 1.297649075e-22 -7.353510516e-23)
(10 4.060009799e-24 -2.300724081e-24)
(10 1.270272517e-25 -7.198373192e-26)
(10 3.974355599e-27 -2.252185607e-27)
(10 1.243473523e-28 -7.046508804e-29)
(10 3.890508449e-30 -2.204671151e-30)
(10 1.217239909e-31 -6.897848306e-32)
(10 3.808430225e-33 -2.158159109e-33)
(10 1.191559747e-34 -6.752324104e-35)
(10 3.728083609e-36 -2.112628333e-36)
(10 1.166421359e-37 -6.609870033e-38)
(10 3.649432069e-39 -2.068058123e-39)
(10 1.141813318e-40 -6.470421321e-41)
(10 3.572439844e-42 -2.024428212e-42)
(10 1.117724433e-43 -6.333914564e-44)
(10 3.497071927e-45 -1.981718763e-45)
(10 1.094143753e-46 -6.200287697e-47)
(10 3.42329405e-48 -1.939910357e-48)
(10 1.071060555e-49 -6.069479961e-50)
(10 3.351072669e-51 -1.898983985e-51)
(10 -7.676639989e-16 4.054840898e-15)
)
;

boundaryField
{
    left
    {
        type            dirichlet;
        value           uniform (4 0 0);
    }
    right
    {
        type            dirichlet;
        value           uniform (4 0 0);
    }
    sides
    {
        type            empty;
    }
}


// ************************************************************************* //
