/*--------------------------------*- C++ -*----------------------------------*\
| =========                 |                                                 |
| \\      /  F ield         | foam-extend: Open Source CFD                    |
|  \\    /   O peration     | Version:     4.1                                |
|   \\  /    A nd           | Web:         http://www.foam-extend.org         |
|    \\/     M anipulation  |                                                 |
\*---------------------------------------------------------------------------*/
FoamFile
{
    version     2.0;
    format      ascii;
    class       cellScalarField;
    location    "30.6";
    object      T;
}
// * * * * * * * * * * * * * * * * * * * * * * * * * * * * * * * * * * * * * //

dimensions      [0 0 0 0 1 0 0];

internalField   nonuniform 
100
(
(4 -5.703630593e-17 1.624202108e-17)
(4 2.513479572e-19 4.104565176e-17)
(4 -5.541704207e-17 6.794359942e-17)
(4 -1.570221134e-16 1.407748931e-17)
(4 2.329670956e-17 3.055427821e-17)
(4 -4.32315274e-16 5.629343895e-17)
(4 3.739391219e-16 -1.282689699e-17)
(4 -6.27723926e-16 6.248460048e-17)
(4 8.5732045e-16 4.860119924e-17)
(4 -1.358817535e-15 8.379999739e-17)
(4 5.197201915e-16 -1.355172246e-16)
(4 -3.874223842e-17 -7.714565948e-17)
(4 9.438274343e-16 -7.766975103e-17)
(4 -6.879564698e-16 3.090029368e-16)
(4 -1.804107117e-16 -1.288316479e-16)
(4 9.546685017e-17 -3.43814549e-17)
(4 -5.199060292e-17 -4.115797722e-17)
(4 -1.908772095e-17 5.819774914e-18)
(4 5.339442665e-17 7.006917301e-18)
(4 -4.279689848e-17 4.930098034e-17)
(4 -8.885828771e-17 1.852849865e-16)
(4 -1.117673177e-16 2.557828691e-16)
(4 -5.225227421e-17 -8.660043391e-17)
(4 -2.293272068e-16 -9.623887457e-17)
(4 1.431283902e-16 2.539949782e-16)
(4 -1.777346284e-16 5.201406235e-17)
(4 1.365974453e-16 -1.124606588e-17)
(4 -1.444762625e-16 1.301188299e-16)
(4 -4.919499746e-16 2.484323772e-16)
(4 4.227620324e-16 8.011942305e-17)
(4 -9.622857746e-17 1.523129621e-16)
(4 2.243878355e-16 -5.686030659e-17)
(4 -2.309297847e-17 2.398287649e-17)
(4 -4.717604331e-16 -4.435909125e-18)
(4 8.715233245e-16 3.17436678e-17)
(4 -8.262320991e-16 4.542090376e-16)
(4 1.797700438e-14 9.768409642e-15)
(4 2.021872605e-13 1.025014985e-13)
(4 2.095385656e-12 1.024487413e-12)
(4 2.02278478e-11 9.510821333e-12)
(4 1.808449939e-10 8.133677836e-11)
(4.000000002 1.488388788e-09 6.369121376e-10)
(4.000000012 1.120762358e-08 4.534831463e-09)
(4.000000086 7.666885186e-08 2.910488491e-08)
(4.000000554 4.724965339e-07 1.667408837e-07)
(4.000003212 2.601316852e-06 8.451604362e-07)
(4.000016677 1.270840471e-05 3.76661392e-06)
(4.000077128 5.487515616e-05 1.471337305e-05)
(4.000317279 0.0002091857626 5.034723551e-05)
(4.00116165 0.0007046847332 0.0001510921488)
(4.003794158 0.002103007398 0.0003984784041)
(4.011093017 0.005578621303 0.0009256882367)
(4.029152255 0.01320388274 0.001898011145)
(4.069176558 0.02799511945 0.00343911666)
(4.148934316 0.05338018704 0.00550624338)
(4.292372417 0.0918878355 0.007770926961)
(4.526019669 0.1433208669 0.009604472068)
(4.871922583 0.2032585286 0.01024445269)
(5.338865472 0.2629722702 0.009113566022)
(5.91541135 0.3113498098 0.006136707073)
(6.568448802 0.3383347535 0.001861392003)
(7.248878761 0.3383900057 -0.00271530975)
(7.902784875 0.3123289648 -0.006532901011)
(8.483847793 0.2667009815 -0.008859817649)
(8.962416692 0.2112012492 -0.009498493724)
(9.32857617 0.1554614164 -0.008738973726)
(9.589401001 0.1065994369 -0.007139019341)
(9.76273747 0.06823483901 -0.00527283466)
(9.870425472 0.04085577968 -0.003560678915)
(9.933090108 0.02292668261 -0.002215342911)
(9.967309085 0.01208045787 -0.001277163831)
(9.984875557 0.005987783396 -0.0006853329958)
(9.993368008 0.00279672142 -0.0003435691977)
(9.997240997 0.001233014639 -0.0001614195061)
(9.998909917 0.0005139673727 -7.127359973e-05)
(9.999590514 0.0002028811572 -2.964879664e-05)
(9.999853588 7.595501878e-05 -1.164576776e-05)
(9.999950117 2.701031781e-05 -4.328238249e-06)
(9.999983786 9.136757776e-06 -1.525008217e-06)
(9.999994967 2.94412356e-06 -5.103104116e-07)
(9.999998506 9.049319551e-07 -1.624561564e-07)
(9.999999576 2.656739369e-07 -4.928068266e-08)
(9.999999884 7.459598361e-08 -1.426661712e-08)
(9.99999997 2.005669073e-08 -3.947328002e-09)
(9.999999992 5.170209449e-09 -1.045272899e-09)
(9.999999998 1.27930481e-09 -2.652643134e-10)
(10 3.041988842e-10 -6.459777361e-11)
(10 6.958737828e-11 -1.511283984e-11)
(10 1.533156368e-11 -3.401350169e-12)
(10 3.252278978e-12 -7.358524247e-13)
(10 6.687615533e-13 -1.545285836e-13)
(10 1.319037671e-13 -3.180105954e-14)
(10 2.375316401e-14 -4.288214128e-15)
(10 9.083527363e-15 -1.751275189e-15)
(10 -7.165286673e-16 2.669033503e-16)
(10 9.573926659e-16 -6.945491561e-16)
(10 -2.544314098e-16 -4.110906869e-16)
(10 -1.383990884e-17 -1.019914713e-16)
(10 -1.321681015e-16 -3.773211146e-16)
(10 -5.553546095e-16 3.05138387e-15)
)
;

boundaryField
{
    left
    {
        type            dirichlet;
        value           uniform (4 0 0);
    }
    right
    {
        type            dirichlet;
        value           uniform (4 0 0);
    }
    sides
    {
        type            empty;
    }
}


// ************************************************************************* //
