/*--------------------------------*- C++ -*----------------------------------*\
| =========                 |                                                 |
| \\      /  F ield         | foam-extend: Open Source CFD                    |
|  \\    /   O peration     | Version:     4.1                                |
|   \\  /    A nd           | Web:         http://www.foam-extend.org         |
|    \\/     M anipulation  |                                                 |
\*---------------------------------------------------------------------------*/
FoamFile
{
    version     2.0;
    format      ascii;
    class       cellScalarField;
    location    "39.3";
    object      T;
}
// * * * * * * * * * * * * * * * * * * * * * * * * * * * * * * * * * * * * * //

dimensions      [0 0 0 0 1 0 0];

internalField   nonuniform 
100
(
(4 -5.703630593e-17 1.624202108e-17)
(4 -8.689117121e-17 -1.598511531e-16)
(4 4.828061253e-17 -1.08883744e-16)
(4 -1.343698283e-16 -2.560951444e-17)
(4 -2.007951935e-16 -9.06390414e-17)
(4 -3.194730372e-16 -6.6158142e-17)
(4 4.329896014e-16 -5.125882337e-17)
(4 -4.57720103e-16 -6.751335014e-17)
(4 7.218979165e-16 2.289673858e-17)
(4 -1.263869119e-15 3.539142528e-16)
(4 -9.71734734e-17 -1.012278009e-17)
(4 4.313961508e-16 6.534086417e-17)
(4 4.420439488e-16 -9.89736516e-17)
(4 1.360477537e-16 -1.30969046e-16)
(4 -1.865895555e-16 -2.997859961e-17)
(4 2.256629204e-17 3.275088205e-17)
(4 1.2125789e-16 -2.305171078e-17)
(4 -1.869307685e-16 -1.098057483e-16)
(4 -4.004328717e-18 2.967456498e-17)
(4 -1.048762577e-16 -2.223101272e-16)
(4 1.054623136e-16 -4.589345486e-17)
(4 -2.214230004e-16 2.415923208e-16)
(4 1.729276075e-17 -3.260294e-17)
(4 -1.565785453e-16 4.178698348e-18)
(4 -2.512725424e-18 2.593673376e-16)
(4 -2.177052968e-16 -1.232316185e-16)
(4 3.131933712e-16 1.04992531e-16)
(4 -2.161716185e-16 -5.708663753e-17)
(4 -1.246471017e-16 2.727202987e-16)
(4 -1.888766802e-16 1.065946364e-16)
(4 6.690385593e-16 4.573529139e-17)
(4 -7.509695295e-16 -5.496634979e-17)
(4 8.609440437e-16 3.657495782e-17)
(4 -1.365612715e-15 -6.13574893e-17)
(4 1.092935868e-15 1.909513019e-16)
(4 -5.497103002e-16 3.102693432e-16)
(4 1.059875779e-15 9.611059263e-19)
(4 -1.263268287e-15 -2.267927311e-16)
(4 9.999271713e-16 5.495339366e-17)
(4 -3.988715342e-16 1.76444201e-16)
(4 2.074157548e-16 2.417997819e-18)
(4 4.924331532e-17 -4.781248305e-17)
(4 -1.505006032e-16 3.903117519e-17)
(4 1.200120042e-16 -8.938603294e-17)
(4 -5.11086526e-16 1.696924542e-16)
(4 9.48099794e-16 3.931441094e-18)
(4 -1.065018742e-15 -2.243198291e-16)
(4 9.72108135e-16 -2.176027091e-17)
(4 -8.98255463e-16 3.336895939e-17)
(4 3.650487429e-16 4.516176586e-16)
(4 1.200056125e-14 6.524661498e-15)
(4 1.170189586e-13 5.463468825e-14)
(4 1.016445516e-12 4.462962206e-13)
(4 8.092254513e-12 3.417440418e-12)
(4 6.012689255e-11 2.430670198e-11)
(4 4.149009525e-10 1.598446397e-10)
(4.000000003 2.646516557e-09 9.6689975e-10)
(4.000000019 1.553346837e-08 5.353168057e-09)
(4.000000105 8.352952534e-08 2.700354007e-08)
(4.000000538 4.100212991e-07 1.236674772e-07)
(4.000002532 1.832451251e-06 5.129519297e-07)
(4.000010887 7.445380745e-06 1.924698044e-06)
(4.000042749 2.749251078e-05 6.531793359e-06)
(4.000153327 9.231160408e-05 2.006022706e-05)
(4.000502961 0.0002821988387 5.581353212e-05)
(4.001511627 0.0007868005276 0.0001408721217)
(4.004171646 0.002004812503 0.0003229993944)
(4.010597481 0.004678967128 0.0006736429731)
(4.024848308 0.01002529874 0.001279225378)
(4.053928177 0.01976639659 0.002213023926)
(4.108650039 0.03594520513 0.003487097278)
(4.203820588 0.0604247318 0.004998188496)
(4.357123089 0.09410122538 0.006496551451)
(4.586316359 0.1360488204 0.007609834792)
(4.904976899 0.1829740926 0.007935942017)
(5.317798578 0.2293613717 0.007182827488)
(5.817033478 0.2684679297 0.005298963363)
(6.381611067 0.2939531751 0.002530024447)
(6.979686059 0.3015907042 -0.0006340205271)
(7.574127073 0.2904172846 -0.003605168035)
(8.129344809 0.262890254 -0.005875523274)
(8.617405667 0.2240427359 -0.007153793621)
(9.02176866 0.1800214623 -0.007412339463)
(9.337970201 0.136573034 -0.006842273899)
(9.571659775 0.09795851973 -0.005752255633)
(9.735102558 0.06651597176 -0.004460177475)
(9.843418771 0.04281223496 -0.003215713471)
(9.911520152 0.02615188105 -0.002168182572)
(9.952189834 0.0151792402 -0.001372991098)
(9.975286055 0.0083813376 -0.0008193317711)
(9.987772977 0.00440740514 -0.0004620367294)
(9.994207111 0.002209713064 -0.000246796627)
(9.997370179 0.001057393136 -0.0001251228951)
(9.998855303 0.0004834341504 -6.031966236e-05)
(9.999521945 0.0002113876536 -2.769612664e-05)
(9.999808315 8.848990926e-05 -1.213027156e-05)
(9.999926155 3.549765968e-05 -5.074791564e-06)
(9.999972648 1.365864257e-05 -2.030612401e-06)
(9.999990252 5.045655231e-06 -7.780875974e-07)
(9.999996655 1.791104209e-06 -2.858416877e-07)
)
;

boundaryField
{
    left
    {
        type            dirichlet;
        value           uniform (4 0 0);
    }
    right
    {
        type            dirichlet;
        value           uniform (4 0 0);
    }
    sides
    {
        type            empty;
    }
}


// ************************************************************************* //
