/*--------------------------------*- C++ -*----------------------------------*\
| =========                 |                                                 |
| \\      /  F ield         | foam-extend: Open Source CFD                    |
|  \\    /   O peration     | Version:     4.1                                |
|   \\  /    A nd           | Web:         http://www.foam-extend.org         |
|    \\/     M anipulation  |                                                 |
\*---------------------------------------------------------------------------*/
FoamFile
{
    version     2.0;
    format      ascii;
    class       cellScalarField;
    location    "3.4";
    object      T;
}
// * * * * * * * * * * * * * * * * * * * * * * * * * * * * * * * * * * * * * //

dimensions      [0 0 0 0 1 0 0];

internalField   nonuniform 
100
(
(4.00000005 -2.121369222e-07 -3.681780061e-07)
(4.000004985 1.714558556e-05 2.210818902e-05)
(4.00028825 0.000206453847 -5.51727128e-05)
(4.003074565 0.004607737713 0.006277894413)
(4.107741126 0.1363944222 0.05700612232)
(4.821332465 0.6199363001 0.09410375309)
(6.520714271 1.011629615 0.001972564694)
(8.388018411 0.7809452718 -0.07700630263)
(9.492812071 0.3354225668 -0.05697765948)
(9.887421306 0.09083975983 -0.02008758537)
(9.981330899 0.01720760251 -0.004448000635)
(9.997553788 0.002475107039 -0.0007088270671)
(9.999734695 0.0002874355018 -8.848474025e-05)
(9.999975306 2.818490632e-05 -9.155640212e-06)
(9.999997972 2.411518564e-06 -8.166851465e-07)
(9.99999985 1.84497249e-07 -6.460002674e-08)
(9.99999999 1.285826338e-08 -4.627139618e-09)
(9.999999999 8.281523996e-10 -3.049335526e-10)
(10 4.985382229e-11 -1.872015181e-11)
(10 2.830787468e-12 -1.080655481e-12)
(10 1.50918742e-13 -5.924425107e-14)
(10 6.715464002e-15 -2.989945172e-15)
(10 3.470567812e-17 -2.097901178e-16)
(10 2.048754878e-16 4.576466148e-16)
(10 -4.768776638e-16 1.541263925e-17)
(10 5.096045842e-16 -1.419599868e-17)
(10 -1.114081386e-16 -7.289132081e-16)
(10 1.315874458e-15 -4.049530368e-16)
(10 -4.195568366e-16 2.290736883e-16)
(10 3.736397537e-16 -4.013333087e-16)
(10 1.610024647e-17 9.142977917e-17)
(10 -1.58127705e-16 -5.757476429e-16)
(10 3.610851065e-16 -1.39749601e-16)
(10 -5.959692189e-17 -9.052859492e-17)
(10 3.634840129e-16 -1.278543338e-16)
(10 -1.675796099e-16 -3.525298592e-17)
(10 3.711401597e-16 3.213878139e-16)
(10 -4.577580063e-16 -7.78076163e-17)
(10 2.61971127e-16 2.944102588e-17)
(10 -1.365836193e-16 -1.744382481e-17)
(10 2.188365319e-16 -5.564608655e-16)
(10 1.000862126e-15 -5.078880228e-16)
(10 -1.354184948e-16 7.673887687e-17)
(10 -4.236895983e-18 2.400961845e-18)
(10 -1.325615648e-19 7.511991335e-20)
(10 -4.147510002e-21 2.350308647e-21)
(10 -1.297649077e-22 7.353510526e-23)
(10 -4.060009803e-24 2.300724083e-24)
(10 -1.270272518e-25 7.198373196e-26)
(10 -3.974355601e-27 2.252185608e-27)
(10 -1.243473524e-28 7.046508807e-29)
(10 -3.890508449e-30 2.204671151e-30)
(10 -1.217239909e-31 6.897848307e-32)
(10 -3.808430225e-33 2.158159109e-33)
(10 -1.191559747e-34 6.752324105e-35)
(10 -3.728083609e-36 2.112628334e-36)
(10 -1.16642136e-37 6.609870033e-38)
(10 -3.649432069e-39 2.068058123e-39)
(10 -1.141813318e-40 6.470421321e-41)
(10 -3.572439844e-42 2.024428212e-42)
(10 -1.117724433e-43 6.333914564e-44)
(10 -3.497071927e-45 1.981718763e-45)
(10 -1.094143753e-46 6.200287697e-47)
(10 -3.42329405e-48 1.939910357e-48)
(10 -1.071060555e-49 6.069479961e-50)
(10 -3.351072669e-51 1.898983985e-51)
(10 -1.048464345e-52 5.941431881e-53)
(10 -3.280374944e-54 1.858921038e-54)
(10 -1.026344847e-55 5.816085236e-56)
(10 -3.211168732e-57 1.8197033e-57)
(10 -1.004692005e-58 5.693383032e-59)
(10 -3.143422564e-60 1.781312939e-60)
(10 -9.834959729e-62 5.573269475e-62)
(10 -3.077105634e-63 1.743732498e-63)
(10 -9.627471116e-65 5.455689942e-65)
(10 -3.012187782e-66 1.706944885e-66)
(10 -9.424359835e-68 5.340590951e-68)
(10 -2.948639474e-69 1.670933364e-69)
(10 -9.225533457e-71 5.227920123e-71)
(10 -2.886431781e-72 1.63568154e-72)
(10 -9.030901428e-74 5.117626139e-74)
(10 -2.825536354e-75 1.601173347e-75)
(10 -8.840374994e-77 5.009658699e-77)
(10 -2.765925405e-78 1.567393037e-78)
(10 -8.653867145e-80 4.903968495e-80)
(10 -2.707571693e-81 1.534325174e-81)
(10 -8.47129264e-83 4.800507226e-83)
(10 -2.650448566e-84 1.501954656e-84)
(10 -8.292568247e-86 4.699227746e-86)
(10 -2.594530087e-87 1.470266798e-87)
(10 -8.117613409e-89 4.600084468e-89)
(10 -2.539791357e-90 1.439247521e-90)
(10 -7.946351717e-92 4.503034228e-92)
(10 -2.486209167e-93 1.408883733e-93)
(10 -7.778713709e-95 4.408037939e-95)
(10 -2.433763178e-96 1.379164028e-96)
(10 -7.614641768e-98 4.315063449e-98)
(10 -2.382437908e-99 1.350079839e-99)
(10 -7.454098028e-101 4.224090146e-101)
(10 -1.208838703e-15 4.543191445e-15)
)
;

boundaryField
{
    left
    {
        type            dirichlet;
        value           uniform (4 0 0);
    }
    right
    {
        type            dirichlet;
        value           uniform (4 0 0);
    }
    sides
    {
        type            empty;
    }
}


// ************************************************************************* //
