/*--------------------------------*- C++ -*----------------------------------*\
| =========                 |                                                 |
| \\      /  F ield         | foam-extend: Open Source CFD                    |
|  \\    /   O peration     | Version:     4.1                                |
|   \\  /    A nd           | Web:         http://www.foam-extend.org         |
|    \\/     M anipulation  |                                                 |
\*---------------------------------------------------------------------------*/
FoamFile
{
    version     2.0;
    format      ascii;
    class       cellScalarField;
    location    "5.9";
    object      T;
}
// * * * * * * * * * * * * * * * * * * * * * * * * * * * * * * * * * * * * * //

dimensions      [0 0 0 0 1 0 0];

internalField   nonuniform 
100
(
(4 1.140646315e-12 1.718336643e-12)
(4 -5.062552313e-11 -8.382386585e-11)
(4 2.482448216e-09 3.673220548e-09)
(4.000000046 2.667051911e-08 -2.491295865e-08)
(4.000000472 8.686877331e-07 1.50044458e-06)
(4.000029302 3.698157154e-05 1.485525949e-05)
(4.000333784 0.0003260440098 0.0002419984955)
(4.005616387 0.007020975862 0.004127951135)
(4.065945708 0.06609633906 0.02238687602)
(4.378950534 0.2707392949 0.05023256469)
(5.237049192 0.5901104243 0.04712545472)
(6.636386018 0.7733218002 0.0004312755654)
(8.107062702 0.6606084709 -0.04081852473)
(9.163954532 0.390792684 -0.04379036274)
(9.708765086 0.1682134471 -0.02575890149)
(9.918697266 0.05498055577 -0.01027973151)
(9.981429108 0.01416589121 -0.003046020949)
(9.996452434 0.002972838028 -0.0007088638748)
(9.999421241 0.0005226937201 -0.0001349385785)
(9.999917814 7.886875232e-05 -2.168120014e-05)
(9.99998967 1.042177198e-05 -3.01457095e-06)
(9.999998834 1.226704624e-06 -3.700741323e-07)
(9.99999988 1.304642659e-07 -4.077444981e-08)
(9.999999989 1.268817727e-08 -4.086776174e-09)
(9.999999999 1.139861251e-09 -3.768173837e-10)
(10 9.539871949e-11 -3.226271986e-11)
(10 7.497258001e-12 -2.58625091e-12)
(10 5.564428961e-13 -1.956414415e-13)
(10 3.84578057e-14 -1.429057267e-14)
(10 1.816625562e-15 -5.03390068e-16)
(10 -6.106352418e-16 -7.326380803e-16)
(10 1.230309307e-15 2.225276579e-16)
(10 -1.227048407e-15 -2.536631123e-17)
(10 9.950627256e-16 1.560839667e-16)
(10 -7.896927899e-16 4.975274787e-17)
(10 2.828430243e-16 -6.409411718e-16)
(10 -7.672776926e-17 -4.520440934e-16)
(10 1.615906115e-16 -4.669660539e-16)
(10 -7.363736484e-18 -6.589431721e-17)
(10 -1.42013573e-16 9.082663273e-17)
(10 -7.91711409e-17 -9.824291451e-17)
(10 -3.578488823e-16 -5.50824764e-16)
(10 5.120957107e-16 -5.264792532e-16)
(10 -2.55727338e-16 2.399835681e-16)
(10 -3.913372099e-16 -5.416934619e-16)
(10 1.419114554e-16 -1.840276702e-16)
(10 5.067188101e-16 4.735010306e-17)
(10 -2.603294215e-16 7.489739031e-16)
(10 -2.192188539e-16 5.692665677e-17)
(10 -1.854297316e-16 6.769899435e-17)
(10 -3.41464106e-16 4.102568966e-16)
(10 2.282727487e-17 1.218580069e-16)
(10 -2.649642611e-16 2.453169875e-16)
(10 -1.894112883e-17 4.26545229e-17)
(10 -2.350594994e-17 1.46179938e-16)
(10 -4.542592377e-16 -9.928045862e-17)
(10 -1.210248092e-18 -3.765913058e-16)
(10 1.093612822e-16 -2.476806326e-16)
(10 8.523293909e-17 -4.060719251e-16)
(10 -5.817897996e-17 -2.008818928e-16)
(10 3.82304655e-17 2.275369465e-16)
(10 -1.685932662e-17 -1.087825639e-17)
(10 2.413900432e-16 1.962281516e-16)
(10 -2.66512645e-16 -2.695542951e-17)
(10 1.364883093e-16 1.74959894e-17)
(10 -2.188385326e-16 5.564619606e-16)
(10 -1.000862168e-15 5.078880458e-16)
(10 1.354184939e-16 -7.673887638e-17)
(10 4.236895964e-18 -2.400961834e-18)
(10 1.325615644e-19 -7.511991314e-20)
(10 4.147509993e-21 -2.350308642e-21)
(10 1.297649075e-22 -7.353510516e-23)
(10 4.060009799e-24 -2.300724081e-24)
(10 1.270272517e-25 -7.198373192e-26)
(10 3.974355599e-27 -2.252185607e-27)
(10 1.243473523e-28 -7.046508804e-29)
(10 3.890508449e-30 -2.204671151e-30)
(10 1.217239909e-31 -6.897848306e-32)
(10 3.808430225e-33 -2.158159109e-33)
(10 1.191559747e-34 -6.752324104e-35)
(10 3.728083609e-36 -2.112628333e-36)
(10 1.166421359e-37 -6.609870033e-38)
(10 3.649432069e-39 -2.068058123e-39)
(10 1.141813318e-40 -6.470421321e-41)
(10 3.572439844e-42 -2.024428212e-42)
(10 1.117724433e-43 -6.333914564e-44)
(10 3.497071927e-45 -1.981718763e-45)
(10 1.094143753e-46 -6.200287697e-47)
(10 3.42329405e-48 -1.939910357e-48)
(10 1.071060555e-49 -6.069479961e-50)
(10 3.351072669e-51 -1.898983985e-51)
(10 1.048464345e-52 -5.941431881e-53)
(10 3.280374945e-54 -1.858921038e-54)
(10 1.026344847e-55 -5.816085238e-56)
(10 3.211168734e-57 -1.819703301e-57)
(10 1.004692006e-58 -5.693383038e-59)
(10 3.143422569e-60 -1.781312942e-60)
(10 9.834959756e-62 -5.573269491e-62)
(10 3.077105648e-63 -1.743732507e-63)
(10 1.944104273e-16 3.281269437e-15)
)
;

boundaryField
{
    left
    {
        type            dirichlet;
        value           uniform (4 0 0);
    }
    right
    {
        type            dirichlet;
        value           uniform (4 0 0);
    }
    sides
    {
        type            empty;
    }
}


// ************************************************************************* //
