/*--------------------------------*- C++ -*----------------------------------*\
| =========                 |                                                 |
| \\      /  F ield         | foam-extend: Open Source CFD                    |
|  \\    /   O peration     | Version:     4.1                                |
|   \\  /    A nd           | Web:         http://www.foam-extend.org         |
|    \\/     M anipulation  |                                                 |
\*---------------------------------------------------------------------------*/
FoamFile
{
    version     2.0;
    format      ascii;
    class       cellScalarField;
    location    "27.4";
    object      T;
}
// * * * * * * * * * * * * * * * * * * * * * * * * * * * * * * * * * * * * * //

dimensions      [0 0 0 0 1 0 0];

internalField   nonuniform 
100
(
(4 -5.703630593e-17 1.624202108e-17)
(4 -1.154638149e-16 -7.781198148e-17)
(4 1.332740256e-16 4.919465029e-17)
(4 -1.837350239e-16 1.039528836e-17)
(4 -5.817845698e-17 9.32755406e-17)
(4 -3.544082348e-16 1.741362483e-16)
(4 3.789981389e-16 3.193474334e-17)
(4 -4.850836701e-16 1.434514114e-17)
(4 9.260080956e-16 6.046565387e-17)
(4 -1.236360259e-15 -1.366346576e-16)
(4 3.572066268e-17 7.767650533e-17)
(4 3.186851524e-16 -1.579308216e-16)
(4 8.264987677e-16 4.071617091e-17)
(4 -2.722995627e-17 -8.05929452e-17)
(4 -2.295860709e-16 2.391089767e-17)
(4 6.946149905e-16 9.525721286e-17)
(4 -1.006260874e-15 3.080934817e-16)
(4 1.221640955e-15 -2.955735408e-17)
(4 -9.889369191e-16 4.474830445e-17)
(4 6.447880803e-16 2.284386684e-16)
(4 -9.646987937e-16 2.762231329e-16)
(4 7.216158942e-16 9.558391601e-19)
(4 -1.027710321e-15 1.481406155e-16)
(4 4.878790993e-16 7.093502836e-18)
(4 -2.436886508e-16 3.278049859e-17)
(4 -1.886815341e-16 -7.808928028e-17)
(4 5.850448661e-18 2.331792456e-18)
(4 -6.699473477e-17 3.01714316e-17)
(4 -2.995047111e-16 -4.687915095e-17)
(4 3.862349757e-16 1.276806006e-17)
(4 8.60501228e-16 1.066242504e-15)
(4 2.319261665e-14 1.445305584e-14)
(4 2.984169367e-13 1.564518008e-13)
(4 3.340362027e-12 1.703057876e-12)
(4 3.489374748e-11 1.710017967e-11)
(4 3.364369993e-10 1.576227556e-10)
(4.000000003 2.972688494e-09 1.323540078e-09)
(4.000000025 2.390589414e-08 1.004979237e-08)
(4.00000019 1.7364077e-07 6.832452102e-08)
(4.00000129 1.127422522e-06 4.104964015e-07)
(4.000007826 6.467533444e-06 2.151942716e-06)
(4.000041959 3.24664832e-05 9.756352291e-06)
(4.000197732 0.0001418389526 3.809611715e-05)
(4.000817304 0.0005385530881 0.0001280667732)
(4.00296645 0.001780217941 0.00037132861)
(4.00948614 0.005141475277 0.0009312477015)
(4.026852922 0.01303339517 0.002025652244)
(4.067660255 0.02914336398 0.003829214538)
(4.152647938 0.05777140382 0.006292614726)
(4.310272116 0.1020227228 0.008965912479)
(4.571797957 0.1612549087 0.01098824141)
(4.961658307 0.2291230875 0.01136139562)
(5.485956336 0.2938711902 0.009435671866)
(6.124498392 0.3415538115 0.005332529471)
(6.831322556 0.3610390979 5.683872402e-06)
(7.544867006 0.3482793279 -0.005139263594)
(8.203908114 0.3075958084 -0.008849008893)
(8.762513139 0.2494809438 -0.0104977302)
(9.198275342 0.1863612128 -0.01020088238)
(9.511991928 0.1285673521 -0.008587057027)
(9.720971944 0.08213036202 -0.006429037368)
(9.85010522 0.0487041294 -0.004346256938)
(9.92430108 0.02687588869 -0.002679573754)
(9.96403216 0.01383246602 -0.001517418097)
(9.983904721 0.006654920762 -0.000793659842)
(9.993208922 0.002999330149 -0.0003851281341)
(9.997294962 0.001268944358 -0.0001740477926)
(9.998981481 0.0005049702821 -7.349572496e-05)
(9.999636995 0.0001893794678 -2.908485146e-05)
(9.99987737 6.705867876e-05 -1.0815429e-05)
(9.999960679 2.246036624e-05 -3.788426552e-06)
(9.999988016 7.128163827e-06 -1.252856118e-06)
(9.999996524 2.147198558e-06 -3.920084121e-07)
(9.999999039 6.149097172e-07 -1.16281658e-07)
(9.999999746 1.676806549e-07 -3.27620191e-08)
(9.999999936 4.36066219e-08 -8.783215031e-09)
(9.999999985 1.083087067e-08 -2.244406716e-09)
(9.999999996 2.572988124e-09 -5.475488336e-10)
(9.999999999 5.854281067e-10 -1.277286267e-10)
(10 1.277511772e-10 -2.853289881e-11)
(10 2.677071862e-11 -6.113806512e-12)
(10 5.390887453e-12 -1.25697026e-12)
(10 1.040790435e-12 -2.483387706e-13)
(10 1.97995415e-13 -4.658197586e-14)
(10 3.627563097e-14 -8.074489153e-15)
(10 8.706601921e-15 -2.110071807e-15)
(10 -5.277948321e-16 1.351067032e-16)
(10 -3.741516965e-16 -1.233135e-15)
(10 1.982780914e-15 -4.552876225e-16)
(10 -5.507252877e-16 2.865613138e-16)
(10 -1.528880267e-16 -1.231690186e-16)
(10 -3.491443447e-16 2.49128866e-16)
(10 -1.80971834e-16 8.469441783e-17)
(10 -4.367387003e-17 4.286309146e-16)
(10 6.171480441e-17 -1.897154571e-17)
(10 6.60905829e-17 1.231489071e-16)
(10 -5.083582472e-16 4.065508213e-16)
(10 -4.904364481e-17 3.148426122e-16)
(10 -5.208888782e-16 5.067441786e-17)
(10 -4.893600475e-16 3.967692292e-15)
)
;

boundaryField
{
    left
    {
        type            dirichlet;
        value           uniform (4 0 0);
    }
    right
    {
        type            dirichlet;
        value           uniform (4 0 0);
    }
    sides
    {
        type            empty;
    }
}


// ************************************************************************* //
