/*--------------------------------*- C++ -*----------------------------------*\
| =========                 |                                                 |
| \\      /  F ield         | foam-extend: Open Source CFD                    |
|  \\    /   O peration     | Version:     4.1                                |
|   \\  /    A nd           | Web:         http://www.foam-extend.org         |
|    \\/     M anipulation  |                                                 |
\*---------------------------------------------------------------------------*/
FoamFile
{
    version     2.0;
    format      ascii;
    class       cellScalarField;
    location    "31.4";
    object      T;
}
// * * * * * * * * * * * * * * * * * * * * * * * * * * * * * * * * * * * * * //

dimensions      [0 0 0 0 1 0 0];

internalField   nonuniform 
100
(
(4 -5.703630593e-17 1.624202108e-17)
(4 -2.785253567e-16 5.593017437e-17)
(4 2.972734778e-16 -7.194370719e-17)
(4 -3.529463831e-17 -3.442431416e-17)
(4 2.975287893e-17 -9.491453783e-17)
(4 -4.767819091e-16 -1.696312076e-16)
(4 7.347969897e-16 -2.350729507e-16)
(4 -5.105630175e-16 2.186544804e-16)
(4 7.960963852e-16 9.732296261e-17)
(4 -1.25237177e-15 -2.127530704e-16)
(4 4.60679882e-16 -1.226392371e-17)
(4 -3.902319275e-16 -1.249030531e-16)
(4 1.024592715e-15 1.573620527e-16)
(4 -5.165151491e-16 -1.885792087e-16)
(4 6.737314504e-16 3.077212286e-17)
(4 -7.223872281e-16 3.705496997e-16)
(4 -1.819691328e-17 8.600918046e-17)
(4 -2.699425562e-16 -2.006441057e-17)
(4 2.483751593e-17 1.413636374e-16)
(4 7.675423285e-17 5.405937447e-17)
(4 -1.606711685e-16 3.741348375e-16)
(4 7.814283172e-17 -5.937485732e-17)
(4 -9.010922006e-17 1.317287848e-17)
(4 -5.739642852e-18 4.684432235e-17)
(4 -8.318433445e-17 1.390293767e-16)
(4 -2.176779484e-17 -6.93708167e-18)
(4 -2.012743212e-18 -8.240411124e-17)
(4 -4.848404097e-18 2.39299448e-16)
(4 -2.093206074e-16 1.243135975e-16)
(4 3.27139922e-16 3.820752475e-17)
(4 -9.567208544e-17 1.172324224e-18)
(4 1.045044821e-16 6.29753537e-17)
(4 -1.050079638e-16 1.92292436e-16)
(4 -4.405445389e-16 -2.487824378e-16)
(4 9.514944283e-16 -1.254967872e-17)
(4 -9.22233582e-16 1.574669403e-16)
(4 3.176967545e-16 1.635063284e-16)
(4 7.762866815e-15 4.665602528e-15)
(4 9.888104015e-14 5.11758226e-14)
(4 1.039679069e-12 5.07314467e-13)
(4 1.002490632e-11 4.71763831e-12)
(4 8.985789042e-11 4.050113176e-11)
(4.000000001 7.432309852e-10 3.192506844e-10)
(4.000000006 5.63999122e-09 2.295413219e-09)
(4.000000043 3.90084728e-08 1.493506304e-08)
(4.000000284 2.440156084e-07 8.714369476e-08)
(4.000001676 1.369589007e-06 4.520918662e-07)
(4.000008881 6.851225478e-06 2.07199338e-06)
(4.000042084 3.041407181e-05 8.358823758e-06)
(4.000177941 0.0001196062741 2.964929527e-05)
(4.000671415 0.0004168630839 9.253311791e-05)
(4.002264793 0.001290183026 0.0002545376067)
(4.006849644 0.003556367785 0.000618470111)
(4.01864329 0.008761302841 0.00133014524)
(4.04585743 0.01936185838 0.002536088317)
(4.102392944 0.0385274075 0.004288929505)
(4.208507941 0.06928431588 0.006426268726)
(4.389087226 0.1130014018 0.008496946953)
(4.668626525 0.1677213677 0.009822817866)
(5.063522544 0.2272723809 0.009726829203)
(5.574145103 0.2820221408 0.007846449957)
(6.180238834 0.3214047153 0.004364032661)
(6.842430172 0.3373200012 3.906201479e-06)
(7.51008641 0.3268738342 -0.004225106786)
(8.132838068 0.2931824684 -0.007411010634)
(8.671462323 0.243969873 -0.009047295303)
(9.104410962 0.1887769286 -0.00913277243)
(9.428522672 0.1361156272 -0.008057314768)
(9.654961546 0.09164455657 -0.006374837231)
(9.802892869 0.0577301842 -0.00458968292)
(9.893433807 0.03408963864 -0.003035480005)
(9.945445231 0.01890430986 -0.001856546327)
(9.97353753 0.009862486958 -0.00105541312)
(9.987828149 0.004848884189 -0.0005599417563)
(9.994686298 0.002250326568 -0.0002781886475)
(9.99779622 0.000987401443 -0.0001298015073)
(9.999130824 0.0004102620073 -5.702721159e-05)
(9.999673662 0.0001616601107 -2.364570023e-05)
(9.999883235 6.049979992e-05 -9.272731504e-06)
(9.999960143 2.15343393e-05 -3.445849017e-06)
(9.999987007 7.300204913e-06 -1.215648015e-06)
(9.99999595 2.360188442e-06 -4.078346928e-07)
(9.999998792 7.286720798e-07 -1.303243495e-07)
(9.999999655 2.151003085e-07 -3.972797665e-08)
(9.999999905 6.078653122e-08 -1.156989553e-08)
(9.999999975 1.646454955e-08 -3.223505778e-09)
(9.999999994 4.279292484e-09 -8.603426756e-10)
(9.999999998 1.068474263e-09 -2.202492249e-10)
(10 2.565658139e-10 -5.414840649e-11)
(10 5.931179528e-11 -1.279841419e-11)
(10 1.321401639e-11 -2.91326809e-12)
(10 2.838082264e-12 -6.390472735e-13)
(10 5.890229901e-13 -1.34663178e-13)
(10 1.155425988e-13 -2.826230955e-14)
(10 2.330459418e-14 -3.175297312e-15)
(10 9.843391487e-15 -2.518090839e-15)
(10 -7.134115874e-16 3.452531377e-16)
(10 3.551381804e-16 -5.448190028e-16)
(10 1.965311667e-16 -1.690006847e-16)
(10 -1.341267674e-15 3.584433924e-15)
)
;

boundaryField
{
    left
    {
        type            dirichlet;
        value           uniform (4 0 0);
    }
    right
    {
        type            dirichlet;
        value           uniform (4 0 0);
    }
    sides
    {
        type            empty;
    }
}


// ************************************************************************* //
