/*--------------------------------*- C++ -*----------------------------------*\
| =========                 |                                                 |
| \\      /  F ield         | foam-extend: Open Source CFD                    |
|  \\    /   O peration     | Version:     4.1                                |
|   \\  /    A nd           | Web:         http://www.foam-extend.org         |
|    \\/     M anipulation  |                                                 |
\*---------------------------------------------------------------------------*/
FoamFile
{
    version     2.0;
    format      ascii;
    class       cellScalarField;
    location    "49.3";
    object      T;
}
// * * * * * * * * * * * * * * * * * * * * * * * * * * * * * * * * * * * * * //

dimensions      [0 0 0 0 1 0 0];

internalField   nonuniform 
100
(
(4 -5.703630593e-17 1.624202108e-17)
(4 -1.401522758e-16 9.522024882e-17)
(4 1.862050579e-16 8.278786965e-17)
(4 -2.211686043e-16 1.263049048e-16)
(4 -3.453410019e-17 8.496115048e-17)
(4 -5.081166115e-16 1.661435128e-17)
(4 3.96172423e-16 -2.695979237e-17)
(4 -4.661268495e-16 -5.352166515e-17)
(4 9.09870051e-16 -9.789218381e-17)
(4 -1.379053558e-15 -1.233170769e-17)
(4 1.682945248e-16 -1.598854734e-17)
(4 3.045670278e-16 -4.323058382e-17)
(4 5.780577096e-16 2.080508468e-16)
(4 -1.412919788e-16 4.869638e-17)
(4 -9.95919778e-17 2.376867515e-16)
(4 1.805434074e-16 -9.525244451e-17)
(4 -1.731376143e-16 -5.374879331e-17)
(4 5.123376916e-17 8.725706451e-18)
(4 -4.018777435e-17 -1.736111666e-17)
(4 1.120473749e-17 -1.125678246e-16)
(4 1.443413025e-18 -8.499758148e-17)
(4 3.160940147e-17 1.926748169e-17)
(4 1.828310933e-17 -5.59838656e-17)
(4 2.20231327e-17 6.662489217e-17)
(4 -1.901834385e-16 -9.911156544e-17)
(4 -3.970551274e-17 -1.310303465e-16)
(4 2.542246724e-17 1.086379248e-16)
(4 -1.065381313e-16 8.400370027e-17)
(4 -3.277847656e-16 7.060481283e-17)
(4 3.738266221e-16 8.39193602e-17)
(4 -1.026831295e-17 4.497125278e-17)
(4 -1.166016456e-16 5.454529183e-17)
(4 3.911501487e-17 1.121298212e-16)
(4 -3.577598722e-16 2.25851014e-16)
(4 3.179038548e-16 1.570341189e-16)
(4 -3.524201962e-16 4.679604227e-17)
(4 7.690193717e-16 -1.33712989e-18)
(4 -7.853859993e-16 1.778943317e-16)
(4 3.371858689e-16 -5.790034862e-17)
(4 -5.551354981e-17 7.355279948e-17)
(4 8.129779402e-17 3.073712181e-17)
(4 -3.042515049e-16 -1.2749377e-16)
(4 3.110080917e-16 -1.854909545e-16)
(4 -2.710441269e-16 -1.824166046e-18)
(4 -4.436594082e-16 4.966313938e-18)
(4 8.591690027e-16 -7.69379286e-17)
(4 -8.883203877e-16 8.073677082e-18)
(4 9.096722163e-16 1.668373437e-16)
(4 -9.049834694e-16 -2.330480081e-17)
(4 4.995363979e-16 -4.558227086e-17)
(4 2.241410877e-17 -9.467578358e-17)
(4 -1.027904693e-16 1.738410467e-16)
(4 2.291118511e-17 1.946021321e-17)
(4 -3.845899507e-17 -1.168546254e-17)
(4 -2.034434869e-17 1.377254938e-16)
(4 -2.37056695e-16 -1.508033447e-16)
(4 8.506526424e-17 -2.191966225e-16)
(4 3.454781325e-17 3.032191509e-16)
(4 9.346033319e-17 1.717437744e-17)
(4 -1.635625022e-16 -3.97130705e-17)
(4 9.560492434e-17 -9.094206231e-17)
(4 -2.327428332e-16 -3.139926156e-17)
(4 9.058995617e-17 -4.304639711e-17)
(4 -1.936059394e-16 -1.094221649e-16)
(4 -6.684654521e-18 -7.449954344e-17)
(4 4.184027919e-16 5.7118163e-16)
(4 3.565726249e-15 1.326214997e-15)
(4 3.105322738e-14 1.33420239e-14)
(4 2.287234927e-13 9.191638101e-14)
(4 1.569782557e-12 6.052862305e-13)
(4 1.011867771e-11 3.750153484e-12)
(4 6.115306431e-11 2.167369799e-11)
(4 3.454571252e-10 1.167439876e-10)
(4.000000002 1.819980639e-09 5.844666159e-10)
(4.000000012 8.923127959e-09 2.713883024e-09)
(4.000000056 4.064630707e-08 1.166886105e-08)
(4.000000246 1.718220254e-07 4.640998496e-08)
(4.00000101 6.736288318e-07 1.70650069e-07)
(4.000003861 2.449014069e-06 5.800695376e-07)
(4.000013729 8.258898976e-06 1.823312798e-06)
(4.000045452 2.585222876e-05 5.30274768e-06)
(4.00014023 7.518353364e-05 1.428018019e-05)
(4.000403675 0.0002033707742 3.56402905e-05)
(4.001085741 0.000512329422 8.251279374e-05)
(4.002732707 0.001203646814 0.0001773611326)
(4.006446822 0.002640920005 0.0003542391117)
(4.014280153 0.005419331262 0.0006578235405)
(4.029753016 0.01041596014 0.001136232871)
(4.058417096 0.01877755965 0.001825545282)
(4.108288391 0.03179638352 0.002727070682)
(4.189890074 0.05064234348 0.003783388952)
(4.315626132 0.07596794038 0.004863815532)
(4.49830724 0.107471546 0.005771020521)
(4.748886386 0.143566102 0.006275443576)
(5.073780191 0.1813162743 0.006173304191)
(5.472432477 0.2167514889 0.00535168319)
(5.935877494 0.2455415518 0.003836881511)
(6.4468909 0.2638800154 0.001805126485)
(6.98189888 0.2693221605 -0.0004521947478)
(7.514290638 0.2613198903 -0.00259884632)
)
;

boundaryField
{
    left
    {
        type            dirichlet;
        value           uniform (4 0 0);
    }
    right
    {
        type            dirichlet;
        value           uniform (4 0 0);
    }
    sides
    {
        type            empty;
    }
}


// ************************************************************************* //
