/*--------------------------------*- C++ -*----------------------------------*\
| =========                 |                                                 |
| \\      /  F ield         | foam-extend: Open Source CFD                    |
|  \\    /   O peration     | Version:     4.1                                |
|   \\  /    A nd           | Web:         http://www.foam-extend.org         |
|    \\/     M anipulation  |                                                 |
\*---------------------------------------------------------------------------*/
FoamFile
{
    version     2.0;
    format      ascii;
    class       cellScalarField;
    location    "23.5";
    object      T;
}
// * * * * * * * * * * * * * * * * * * * * * * * * * * * * * * * * * * * * * //

dimensions      [0 0 0 0 1 0 0];

internalField   nonuniform 
100
(
(4 -5.703630593e-17 1.624202108e-17)
(4 -1.706987077e-16 2.321958496e-16)
(4 -2.014757137e-16 -8.25149941e-17)
(4 2.40300499e-17 -1.144650963e-16)
(4 -1.075939428e-16 -5.385270012e-17)
(4 -3.148737034e-16 1.435582816e-17)
(4 2.940732189e-16 1.050303237e-16)
(4 -1.956048679e-16 1.355856139e-16)
(4 5.891912556e-16 5.071145341e-17)
(4 -1.254650991e-15 3.622023092e-17)
(4 2.168705413e-16 1.214844752e-17)
(4 9.590605159e-16 4.775956653e-18)
(4 -9.287185927e-16 2.252009923e-16)
(4 -9.592202551e-17 -4.109268671e-17)
(4 7.350349165e-16 4.781187676e-17)
(4 -6.090887816e-16 1.177794379e-16)
(4 6.241508527e-16 1.911580307e-16)
(4 -9.186500765e-16 -1.469554096e-16)
(4 9.639203471e-16 -1.082411874e-17)
(4 -8.372909416e-16 1.231971607e-16)
(4 7.999445649e-16 -6.802015201e-18)
(4 -9.661502487e-16 1.192026089e-16)
(4 3.495885256e-16 -2.13795962e-16)
(4 1.252706424e-16 3.766530863e-16)
(4 3.6816182e-15 1.621067861e-15)
(4 3.70517199e-14 2.168011828e-14)
(4 5.156715476e-13 2.893367623e-13)
(4 6.543788273e-12 3.522470232e-12)
(4 7.612549745e-11 3.936223723e-11)
(4.000000001 8.135367597e-10 4.02207881e-10)
(4.000000008 7.91745377e-09 3.711011971e-09)
(4.000000071 6.950492768e-08 3.068881012e-08)
(4.000000579 5.465967011e-07 2.252765686e-07)
(4.000004224 3.80184832e-06 1.4401692e-06)
(4.00002711 2.296607211e-05 7.852278349e-06)
(4.000150879 0.0001186331598 3.601026057e-05)
(4.000721909 0.0005198600181 0.000138166417)
(4.002962635 0.001930719604 0.0004438106562)
(4.010456027 0.00609923792 0.001197616016)
(4.031916601 0.01648700778 0.002725901693)
(4.084878529 0.03839738888 0.005248829364)
(4.198251133 0.07758875247 0.008553407711)
(4.410138218 0.1369533643 0.0117433516)
(4.758037565 0.2125154823 0.01339063278)
(5.262802798 0.2916267323 0.01220237712)
(5.913490248 0.3558523177 0.007857267575)
(6.662517398 0.3880886192 0.001389928196)
(7.436102877 0.380073357 -0.005235749276)
(8.156069778 0.3357359993 -0.01010442929)
(8.762384263 0.2686082533 -0.01221405273)
(9.226200895 0.1953988349 -0.01172009788)
(9.549679832 0.1297185202 -0.009559168164)
(9.756076525 0.07886285447 -0.006834724698)
(9.876954948 0.0440527041 -0.004359325768)
(9.9421404 0.02268166272 -0.002508880624)
(9.974605416 0.01079672306 -0.001313700807)
(9.989581446 0.004765202154 -0.000629889403)
(9.995997934 0.001955463748 -0.0002780200019)
(9.998558139 0.0007480950046 -0.0001134712596)
(9.999511907 0.0002674959945 -4.299399387e-05)
(9.99984447 8.961984699e-05 -1.517669417e-05)
(9.999953264 2.820006532e-05 -5.007157255e-06)
(9.999986732 8.353126101e-06 -1.548589534e-06)
(9.999996435 2.334305804e-06 -4.502018388e-07)
(9.999999092 6.167327641e-07 -1.23344894e-07)
(9.99999978 1.543663778e-07 -3.19247652e-08)
(9.999999949 3.667556414e-08 -7.823784355e-09)
(9.999999989 8.286829368e-09 -1.819388192e-09)
(9.999999998 1.783914918e-09 -4.022905606e-10)
(10 3.665117408e-10 -8.474383615e-11)
(10 7.198927982e-11 -1.703794375e-11)
(10 1.353581853e-11 -3.275108965e-12)
(10 2.440339571e-12 -6.036159624e-13)
(10 4.228920716e-13 -1.058806082e-13)
(10 7.065534564e-14 -1.799406049e-14)
(10 1.184832418e-14 -1.917039902e-15)
(10 8.300382369e-16 -5.836278101e-16)
(10 -2.880069046e-16 -1.464786546e-16)
(10 -3.740472886e-18 1.727374971e-16)
(10 -2.701342259e-16 2.223834315e-16)
(10 2.162052574e-16 -3.236338931e-16)
(10 -1.894470858e-16 -4.834993472e-16)
(10 3.498513608e-16 2.559547922e-16)
(10 -3.690817028e-17 -2.82140357e-16)
(10 2.441412142e-16 1.701474972e-16)
(10 -1.299119782e-17 6.368235989e-17)
(10 1.079428178e-16 3.926293398e-16)
(10 -3.800153899e-16 -1.092462863e-16)
(10 7.070079727e-17 -1.856875924e-16)
(10 2.322856967e-16 -3.902353914e-16)
(10 4.260171326e-16 -2.990404066e-16)
(10 1.326441239e-17 2.077947754e-16)
(10 -4.293810885e-16 3.038492167e-16)
(10 -3.042265252e-16 -1.836121212e-16)
(10 3.974069683e-17 -5.375850208e-17)
(10 5.439219174e-17 2.531265834e-16)
(10 -2.4690046e-16 -3.634151969e-16)
(10 1.538889796e-16 -1.121013001e-16)
(10 3.270549119e-17 -1.254303532e-16)
(10 -1.817790253e-15 3.877571093e-15)
)
;

boundaryField
{
    left
    {
        type            dirichlet;
        value           uniform (4 0 0);
    }
    right
    {
        type            dirichlet;
        value           uniform (4 0 0);
    }
    sides
    {
        type            empty;
    }
}


// ************************************************************************* //
