/*--------------------------------*- C++ -*----------------------------------*\
| =========                 |                                                 |
| \\      /  F ield         | foam-extend: Open Source CFD                    |
|  \\    /   O peration     | Version:     4.1                                |
|   \\  /    A nd           | Web:         http://www.foam-extend.org         |
|    \\/     M anipulation  |                                                 |
\*---------------------------------------------------------------------------*/
FoamFile
{
    version     2.0;
    format      ascii;
    class       cellScalarField;
    location    "34.9";
    object      T;
}
// * * * * * * * * * * * * * * * * * * * * * * * * * * * * * * * * * * * * * //

dimensions      [0 0 0 0 1 0 0];

internalField   nonuniform 
100
(
(4 -5.703630593e-17 1.624202108e-17)
(4 -3.95382766e-17 4.360423543e-17)
(4 -1.907087697e-17 1.675390388e-17)
(4 -2.745296087e-18 -1.079061612e-16)
(4 1.611118949e-17 -8.427389803e-17)
(4 -4.232845265e-16 1.86865827e-16)
(4 1.626948435e-16 8.322773803e-17)
(4 -2.999086743e-16 2.552495349e-17)
(4 7.380388048e-16 5.035129659e-17)
(4 -1.170471669e-15 3.239586373e-16)
(4 -1.835788328e-16 7.602927046e-18)
(4 5.344570548e-17 -1.099712687e-16)
(4 8.306405162e-16 5.096018196e-17)
(4 -1.453125092e-16 1.608020623e-16)
(4 1.129490526e-16 2.246074304e-16)
(4 -4.405854096e-16 -3.393154052e-16)
(4 8.903952847e-16 -8.26506404e-17)
(4 -8.968792991e-16 -1.169527363e-16)
(4 7.781980496e-16 -2.122894592e-17)
(4 -9.48980927e-16 -9.727002105e-17)
(4 1.065332534e-15 -2.569527459e-16)
(4 -7.512417051e-16 5.455812326e-17)
(4 1.772345619e-16 -1.603134049e-16)
(4 -2.023188004e-16 7.983327717e-17)
(4 5.364814801e-17 -1.093920957e-16)
(4 1.474619356e-16 1.172305812e-16)
(4 -1.553035726e-16 4.916518352e-17)
(4 -5.637106413e-17 -8.431965977e-18)
(4 -2.379257383e-16 -3.054184538e-17)
(4 2.00347422e-16 1.076462798e-16)
(4 -3.553790687e-17 -1.566123321e-16)
(4 8.596154529e-17 2.31272072e-18)
(4 7.493649064e-17 -5.581352378e-17)
(4 -5.621318713e-16 5.479219851e-17)
(4 9.154882314e-16 1.617000469e-16)
(4 -9.691694084e-16 -3.07317117e-16)
(4 4.959113821e-16 -1.635262452e-16)
(4 -3.846570025e-16 1.91140212e-16)
(4 3.140466206e-16 5.238038956e-18)
(4 8.292205164e-17 1.613703872e-16)
(4 -3.981790885e-17 -1.773094625e-17)
(4 1.654113838e-16 8.667542994e-18)
(4 1.020386062e-15 9.213167357e-16)
(4 1.842452298e-14 1.02954912e-14)
(4 2.02199692e-13 9.581203065e-14)
(4 1.862745077e-12 8.5973749e-13)
(4 1.614313132e-11 7.145873587e-12)
(4 1.298015585e-10 5.496471471e-11)
(4.000000001 9.648329418e-10 3.887832394e-10)
(4.000000007 6.592292567e-09 2.513264574e-09)
(4.000000048 4.11574803e-08 1.474772901e-08)
(4.000000284 2.333700114e-07 7.803769341e-08)
(4.000001532 1.195310391e-06 3.703663489e-07)
(4.000007471 5.508534186e-06 1.570869599e-06)
(4.000032911 2.279068195e-05 5.943839622e-06)
(4.000130847 8.460908877e-05 2.005933274e-05)
(4.000469813 0.0002820805396 6.043140976e-05)
(4.001526074 0.0008460635045 0.0001627634837)
(4.00449567 0.002288522093 0.0003926107278)
(4.012047255 0.005598023599 0.0008496029729)
(4.029465253 0.01242001244 0.001651614671)
(4.066009926 0.02506789407 0.002886378288)
(4.135955959 0.04616460319 0.004533305169)
(4.258428676 0.07779437577 0.006386172667)
(4.455144331 0.1202933681 0.008030800914)
(4.74574881 0.1711374136 0.008925401784)
(5.14159025 0.2245746777 0.008583155954)
(5.639944794 0.2724833923 0.006788120391)
(6.221175584 0.3063965649 0.003734408096)
(6.850538394 0.319997543 2.925300936e-06)
(7.484557346 0.3110562024 -0.00362697523)
(8.079970805 0.2819879983 -0.006443938494)
(8.602222542 0.2388661521 -0.008024655164)
(9.030851452 0.1894127055 -0.008318151558)
(9.360603406 0.1408512504 -0.007583154243)
(9.598798429 0.09838906727 -0.006236332627)
(9.760615993 0.06466630552 -0.004693141348)
(9.86416594 0.04005345599 -0.003261456142)
(9.926678315 0.02341506156 -0.002106417299)
(9.962332737 0.01293853704 -0.001270403062)
(9.981573028 0.006767539548 -0.0007182050103)
(9.991410006 0.003355325465 -0.0003817884526)
(9.99618142 0.001578997933 -0.0001913471836)
(9.998379962 0.0007062195138 -9.062726507e-05)
(9.999343518 0.000300580983 -4.064782337e-05)
(9.999745688 0.0001218945446 -1.72972775e-05)
(9.999905738 4.715535097e-05 -6.995751319e-06)
(9.99996654 1.742251276e-05 -2.6934409e-06)
(9.999988616 6.154879496e-06 -9.886731848e-07)
(9.999996284 2.081326817e-06 -3.464881136e-07)
(9.999998835 6.744403173e-07 -1.160913505e-07)
(9.999999649 2.096465699e-07 -3.723442915e-08)
(9.999999898 6.2577711e-08 -1.144603482e-08)
(9.999999972 1.795454874e-08 -3.376297708e-09)
(9.999999992 4.956516973e-09 -9.567352476e-10)
(9.999999998 1.317764516e-09 -2.607216448e-10)
(10 3.377221738e-10 -6.839781938e-11)
(10 8.351131814e-11 -1.729316467e-11)
(10 1.993846799e-11 -4.216895956e-12)
(10 4.602540888e-12 -9.890939231e-13)
)
;

boundaryField
{
    left
    {
        type            dirichlet;
        value           uniform (4 0 0);
    }
    right
    {
        type            dirichlet;
        value           uniform (4 0 0);
    }
    sides
    {
        type            empty;
    }
}


// ************************************************************************* //
