/*--------------------------------*- C++ -*----------------------------------*\
| =========                 |                                                 |
| \\      /  F ield         | foam-extend: Open Source CFD                    |
|  \\    /   O peration     | Version:     4.1                                |
|   \\  /    A nd           | Web:         http://www.foam-extend.org         |
|    \\/     M anipulation  |                                                 |
\*---------------------------------------------------------------------------*/
FoamFile
{
    version     2.0;
    format      ascii;
    class       cellScalarField;
    location    "30.8";
    object      T;
}
// * * * * * * * * * * * * * * * * * * * * * * * * * * * * * * * * * * * * * //

dimensions      [0 0 0 0 1 0 0];

internalField   nonuniform 
100
(
(4 -5.703630593e-17 1.624202108e-17)
(4 -2.064435641e-17 8.224252663e-17)
(4 -1.595961175e-16 9.153310024e-17)
(4 -5.912068633e-17 3.802458074e-17)
(4 2.226522502e-16 -1.047806385e-17)
(4 -4.111743546e-16 2.29727532e-16)
(4 4.108002287e-16 1.046696392e-16)
(4 -5.910173267e-16 2.338134523e-16)
(4 1.032538126e-15 7.739396193e-17)
(4 -1.474788209e-15 2.577288204e-16)
(4 4.810513679e-16 6.204667375e-17)
(4 -3.042270539e-16 2.261404006e-17)
(4 7.714236549e-16 -5.214242694e-17)
(4 -4.167274282e-16 -1.719838761e-16)
(4 4.32753299e-16 -2.125173496e-16)
(4 -1.77160727e-16 -6.144021512e-17)
(4 5.574242178e-18 -1.637231162e-16)
(4 -1.05852559e-18 -2.180952636e-17)
(4 1.193757224e-16 5.547024234e-17)
(4 -1.576883829e-16 8.039983545e-17)
(4 -2.237852263e-16 -1.802327141e-16)
(4 1.014288005e-16 2.224998861e-17)
(4 -2.961457386e-17 -3.660835772e-17)
(4 -9.947837259e-17 -7.8380848e-17)
(4 1.612225691e-16 -1.368319259e-16)
(4 -1.232491289e-17 1.175035275e-16)
(4 1.980659425e-17 -2.944244404e-17)
(4 -7.087561572e-17 2.768625185e-16)
(4 -3.252430558e-16 6.598777221e-17)
(4 3.672780128e-16 -5.338113832e-17)
(4 1.026062642e-17 7.874683791e-17)
(4 6.38869215e-17 1.026919366e-16)
(4 -7.232811241e-17 2.679090956e-17)
(4 -3.858580622e-16 3.566248472e-17)
(4 8.885844034e-16 1.455371625e-16)
(4 -1.229166408e-15 3.607461147e-17)
(4 7.673167292e-15 4.534001132e-15)
(4 9.259840131e-14 4.813991356e-14)
(4 9.871078443e-13 4.864787572e-13)
(4 9.695509278e-12 4.606196566e-12)
(4 8.844912018e-11 4.026333809e-11)
(4.000000001 7.444187501e-10 3.229888417e-10)
(4.000000006 5.745261279e-09 2.36216522e-09)
(4.000000045 4.039107358e-08 1.562364654e-08)
(4.000000297 2.566242577e-07 9.257446894e-08)
(4.000001776 1.461090222e-06 4.869033382e-07)
(4.00000953 7.400721146e-06 2.257307121e-06)
(4.00004565 3.319111198e-05 9.187391562e-06)
(4.000194695 0.0001315412417 3.278629518e-05)
(4.000739316 0.0004608465295 0.0001026565792)
(4.002504075 0.001430180339 0.0002825292096)
(4.007588201 0.003943670746 0.000685016569)
(4.020653241 0.009697579518 0.001466328898)
(4.050709983 0.02134809123 0.002775430526)
(4.112844242 0.0422360713 0.004647205253)
(4.228692131 0.07538716609 0.006873878625)
(4.424205389 0.1218425988 0.008940336527)
(4.723910812 0.1789419644 0.01011585899)
(5.142579863 0.2395968928 0.009720551456)
(5.677217494 0.2934086388 0.007459365964)
(6.303174058 0.3295945636 0.003634340523)
(6.976990254 0.3405855435 -0.0009111477732)
(7.645650587 0.3246170992 -0.005107257391)
(8.258894966 0.2860997231 -0.00806581181)
(8.779933898 0.2337293611 -0.009370952324)
(9.191000621 0.1774024915 -0.009131296603)
(9.492796644 0.125375835 -0.007818714788)
(9.699423915 0.08267855251 -0.006018412354)
(9.831618114 0.05097739197 -0.004220480831)
(9.910801183 0.02944526919 -0.002720204434)
(9.955291089 0.01596332396 -0.001621663228)
(9.978781238 0.008137467903 -0.0008985972338)
(9.990456453 0.003907286428 -0.0004646609358)
(9.995928302 0.001770183613 -0.0002249689467)
(9.99835048 0.0007579356752 -0.0001022775311)
(9.999364792 0.0003071915267 -4.377471903e-05)
(9.999767231 0.0001180374908 -1.767902666e-05)
(9.999918742 4.306412502e-05 -6.751603974e-06)
(9.999972946 1.493922814e-05 -2.442996056e-06)
(9.9999914 4.934817618e-06 -8.390793058e-07)
(9.999997387 1.554319238e-06 -2.740295462e-07)
(9.99999924 4.674272494e-07 -8.523435847e-08)
(9.999999788 1.343860823e-07 -2.528878129e-08)
(9.999999943 3.698336883e-08 -7.16767351e-09)
(9.999999986 9.754388407e-09 -1.943471316e-09)
(9.999999996 2.468588619e-09 -5.047931176e-10)
(9.999999999 6.001394217e-10 -1.257610699e-10)
(10 1.403103485e-10 -3.00892306e-11)
(10 3.158276278e-11 -6.922084369e-12)
(10 6.851190827e-12 -1.534807457e-12)
(10 1.43385626e-12 -3.269199045e-13)
(10 2.882758845e-13 -6.640378899e-14)
(10 5.433735307e-14 -1.32421407e-14)
(10 1.439336651e-14 -2.13378564e-15)
(10 3.11099186e-15 -1.915855404e-15)
(10 7.623099443e-16 7.641152143e-17)
(10 -5.842445525e-16 -6.797225987e-16)
(10 1.111589825e-15 -7.444418035e-16)
(10 -5.160261802e-16 -2.847476198e-17)
(10 -8.534751127e-16 4.305675642e-15)
)
;

boundaryField
{
    left
    {
        type            dirichlet;
        value           uniform (4 0 0);
    }
    right
    {
        type            dirichlet;
        value           uniform (4 0 0);
    }
    sides
    {
        type            empty;
    }
}


// ************************************************************************* //
