/*--------------------------------*- C++ -*----------------------------------*\
| =========                 |                                                 |
| \\      /  F ield         | foam-extend: Open Source CFD                    |
|  \\    /   O peration     | Version:     4.1                                |
|   \\  /    A nd           | Web:         http://www.foam-extend.org         |
|    \\/     M anipulation  |                                                 |
\*---------------------------------------------------------------------------*/
FoamFile
{
    version     2.0;
    format      ascii;
    class       cellScalarField;
    location    "25.3";
    object      T;
}
// * * * * * * * * * * * * * * * * * * * * * * * * * * * * * * * * * * * * * //

dimensions      [0 0 0 0 1 0 0];

internalField   nonuniform 
100
(
(4 -5.703630593e-17 1.624202108e-17)
(4 -2.166671181e-16 -7.837056033e-17)
(4 3.385055483e-17 3.74132508e-18)
(4 -2.489522494e-16 4.341928298e-17)
(4 -6.270984175e-17 2.883818137e-17)
(4 -4.793960343e-16 1.054090744e-16)
(4 3.19925665e-16 -1.203643414e-16)
(4 -4.106254106e-16 -5.031305298e-18)
(4 9.313727266e-16 -2.313734765e-17)
(4 -1.234680122e-15 -3.066104376e-16)
(4 3.496196738e-16 -2.602708335e-16)
(4 1.398544196e-15 9.549853551e-17)
(4 -1.48016934e-15 -3.35041515e-17)
(4 5.312983122e-16 -1.001426173e-16)
(4 6.125012335e-17 1.305870821e-16)
(4 -1.448474633e-16 3.64404306e-17)
(4 1.948762211e-16 -1.702389281e-16)
(4 -5.714056135e-17 1.352906763e-16)
(4 -9.928178191e-17 -9.769921643e-17)
(4 2.844355281e-18 3.421696728e-17)
(4 -7.974997585e-17 -3.279657426e-17)
(4 7.164548898e-17 -1.885866088e-16)
(4 1.978877612e-16 1.121076176e-16)
(4 -4.251375322e-16 -1.79000212e-16)
(4 9.056222999e-16 1.079462609e-16)
(4 -9.679639988e-16 -3.076390038e-17)
(4 7.817983289e-16 -1.307221747e-16)
(4 4.370410216e-15 2.744304213e-15)
(4 5.994495677e-14 3.205660468e-14)
(4 7.281770366e-13 3.928190148e-13)
(4 8.559799957e-12 4.450188396e-12)
(4 9.276500553e-11 4.628838595e-11)
(4.000000001 9.238685807e-10 4.398958826e-10)
(4.000000008 8.386130667e-09 3.784603521e-09)
(4.000000072 6.886866396e-08 2.92588351e-08)
(4.000000551 5.074548409e-07 2.008964226e-07)
(4.000003781 3.312167369e-06 1.204738432e-06)
(4.000022896 1.887185414e-05 6.212385592e-06)
(4.000121151 9.282565964e-05 2.728195256e-05)
(4.000556739 0.0003920740772 0.0001016830149)
(4.00221938 0.001421791957 0.0003219071504)
(4.007694247 0.004440771519 0.0008681559613)
(4.023311495 0.01200640158 0.002001435423)
(4.062105424 0.02826289893 0.003955026881)
(4.146495348 0.05827270068 0.006705406243)
(4.30816287 0.1058507562 0.009730439883)
(4.582390398 0.1703395361 0.01198178648)
(4.996372159 0.2441151064 0.01224472114)
(5.555257316 0.3130736237 0.00978224561)
(6.233039102 0.3609467619 0.004865032355)
(6.974540124 0.3756867753 -0.001220110442)
(7.709225861 0.3544198579 -0.006742713538)
(8.370938381 0.3041849176 -0.01032175256)
(8.914604682 0.238346886 -0.01145049565)
(9.323418807 0.1710705347 -0.01050589934)
(9.605654238 0.1128243455 -0.008360395574)
(9.785080314 0.06857950293 -0.005908435069)
(9.890418393 0.03852942413 -0.003761104909)
(9.947684195 0.02006256942 -0.002177298734)
(9.976587766 0.009707708953 -0.001154406606)
(9.990166073 0.004376012004 -0.0005637240541)
(9.996117605 0.001842152626 -0.0002547130478)
(9.998557177 0.0007258935937 -0.000106914409)
(9.999494475 0.0002683483044 -4.183498959e-05)
(9.999832745 9.327104721e-05 -1.530824462e-05)
(9.999947662 3.054410384e-05 -5.253365206e-06)
(9.999984485 9.443197973e-06 -1.695212886e-06)
(9.999995636 2.761658432e-06 -5.156485759e-07)
(9.999998834 7.654174134e-07 -1.481929067e-07)
(9.999999703 2.014159328e-07 -4.03262412e-08)
(9.999999928 5.041015741e-08 -1.041180433e-08)
(9.999999983 1.202003437e-08 -2.555567192e-09)
(9.999999996 2.735044225e-09 -5.974150908e-10)
(9.999999999 5.948074577e-10 -1.332448902e-10)
(10 1.238193718e-10 -2.840162419e-11)
(10 2.470681545e-11 -5.794333441e-12)
(10 4.732239947e-12 -1.133741576e-12)
(10 8.69939068e-13 -2.134305708e-13)
(10 1.521096161e-13 -3.639395746e-14)
(10 2.960278641e-14 -6.884978546e-15)
(10 5.119861123e-15 -1.119524669e-15)
(10 -1.170656101e-15 7.006286484e-16)
(10 1.050591167e-16 -3.59836161e-16)
(10 4.051266415e-16 -7.588093362e-16)
(10 -3.059874254e-18 -6.313329098e-16)
(10 2.255729166e-16 -7.567989643e-17)
(10 1.558022077e-16 -2.470263949e-16)
(10 -4.892823998e-16 -2.954116884e-16)
(10 6.270979592e-17 -3.579758685e-16)
(10 1.881404296e-16 3.359943757e-16)
(10 -1.859681249e-16 1.77367676e-16)
(10 -7.602971749e-17 3.251053932e-16)
(10 -2.818932033e-16 -3.098484601e-16)
(10 -2.175892538e-16 1.474495804e-16)
(10 -1.995748994e-16 -2.956751529e-16)
(10 3.846626947e-16 -5.930197108e-16)
(10 2.673354549e-16 2.225253592e-16)
(10 -1.380117846e-16 2.790068523e-16)
(10 4.924244315e-17 1.472406868e-16)
(10 2.295084894e-17 2.930740725e-15)
)
;

boundaryField
{
    left
    {
        type            dirichlet;
        value           uniform (4 0 0);
    }
    right
    {
        type            dirichlet;
        value           uniform (4 0 0);
    }
    sides
    {
        type            empty;
    }
}


// ************************************************************************* //
