/*--------------------------------*- C++ -*----------------------------------*\
| =========                 |                                                 |
| \\      /  F ield         | foam-extend: Open Source CFD                    |
|  \\    /   O peration     | Version:     4.1                                |
|   \\  /    A nd           | Web:         http://www.foam-extend.org         |
|    \\/     M anipulation  |                                                 |
\*---------------------------------------------------------------------------*/
FoamFile
{
    version     2.0;
    format      ascii;
    class       cellScalarField;
    location    "0.4";
    object      T;
}
// * * * * * * * * * * * * * * * * * * * * * * * * * * * * * * * * * * * * * //

dimensions      [0 0 0 0 1 0 0];

internalField   nonuniform 
100
(
(5.70349205 2.429073923 0.24762276)
(9.517542936 0.6907094098 -0.2790774977)
(9.979671421 0.03067773477 -0.01270612714)
(9.999314944 0.001039409873 -0.0004233384815)
(9.999979254 3.111539648e-05 -1.222233415e-05)
(9.999999412 8.611846712e-07 -3.19765013e-07)
(9.999999984 2.241230778e-08 -7.63633052e-09)
(10 5.504027501e-10 -1.629989046e-10)
(10 1.266082856e-11 -2.874009548e-12)
(10 2.658001337e-13 -2.832137485e-14)
(10 4.714490239e-15 8.716508055e-16)
(10 1.410698172e-15 -6.89930668e-16)
(10 -1.468019327e-16 8.652302183e-17)
(10 -6.210509087e-18 3.737005434e-18)
(10 -3.039717619e-19 1.82652816e-19)
(10 -1.483936309e-20 8.820707856e-21)
(10 -6.771235109e-22 3.981507091e-22)
(10 -2.869609101e-23 1.67263491e-23)
(10 -1.140655857e-24 6.603718156e-25)
(10 -4.301888864e-26 2.477449824e-26)
(10 -1.554475903e-27 8.915048594e-28)
(10 -5.423544986e-29 3.100071749e-29)
(10 -1.838077277e-30 1.047769399e-30)
(10 -6.07936133e-32 3.457596873e-32)
(10 -1.96954651e-33 1.118027608e-33)
(10 -6.268509087e-35 3.552570243e-35)
(10 -1.964633268e-36 1.111858888e-36)
(10 -6.075174334e-38 3.4339643e-38)
(10 -1.856480629e-39 1.048241098e-39)
(10 -5.613787403e-41 3.166753659e-41)
(10 -1.681680342e-42 9.47838724e-43)
(10 -4.995369032e-44 2.813386733e-44)
(10 -1.472595569e-45 8.28798159e-46)
(10 -4.311193595e-47 2.424902319e-47)
(10 -1.254225693e-48 7.050632811e-49)
(10 -3.627858926e-50 2.038353968e-50)
(10 -1.043820443e-51 5.862061022e-52)
(10 -2.988699412e-53 1.677715883e-53)
(10 -8.518825649e-55 4.780155223e-55)
(10 -2.418025695e-56 1.356319887e-56)
(10 -6.836809157e-58 3.833585132e-58)
(10 -1.926070097e-59 1.079653723e-59)
(10 -5.407795554e-61 3.030419042e-61)
(10 -1.513531976e-62 8.479152227e-63)
(10 -4.22348618e-64 2.365472597e-64)
(10 -1.175265711e-65 6.580756704e-66)
(10 -3.261799081e-67 1.825980796e-67)
(10 -9.030237376e-69 5.054092217e-69)
(10 -2.494142684e-70 1.395646951e-70)
(10 -6.873503911e-72 3.845453808e-72)
(10 -1.89025401e-73 1.057326692e-73)
(10 -5.18792574e-75 2.901392753e-75)
(10 -1.421156762e-76 7.946617704e-77)
(10 -3.886017989e-78 2.172582347e-78)
(10 -1.060765346e-79 5.929596699e-80)
(10 -2.890813536e-81 1.615709817e-81)
(10 -7.865734538e-83 4.395647634e-83)
(10 -2.137012296e-84 1.194080395e-84)
(10 -5.797642361e-86 3.23909299e-86)
(10 -1.57072024e-87 8.774423861e-88)
(10 -4.249853852e-89 2.373797793e-89)
(10 -1.148418297e-90 6.41389483e-91)
(10 -3.099552504e-92 1.730910682e-92)
(10 -8.355861542e-94 4.665762594e-94)
(10 -2.250070862e-95 1.25627595e-95)
(10 -6.052463359e-97 3.378936868e-97)
(10 -1.626359064e-98 9.078726265e-99)
(10 -4.365815063e-100 2.436889512e-100)
(10 -1.170831351e-101 6.534738657e-102)
(10 -3.137026023e-103 1.750719896e-103)
(10 -8.397510945e-105 4.686137331e-105)
(10 -2.245975009e-106 1.253246209e-106)
(10 -6.001968236e-108 3.348831693e-108)
(10 -1.60261363e-109 8.941238021e-110)
(10 -4.275842479e-111 2.385397247e-111)
(10 -1.139942932e-112 6.359065048e-113)
(10 -3.036850316e-114 1.69396951e-114)
(10 -8.084485175e-116 4.50928287e-116)
(10 -2.150698116e-117 1.199522218e-117)
(10 -5.717598061e-119 3.188724373e-119)
(10 -1.519019867e-120 8.471144357e-121)
(10 -4.033083033e-122 2.249012038e-122)
(10 -1.070144963e-123 5.967245477e-124)
(10 -2.837836231e-125 1.582325971e-125)
(10 -7.521051013e-127 4.193388767e-127)
(10 -1.99215511e-128 1.11067837e-128)
(10 -5.27385055e-130 2.940167923e-130)
(10 -1.395400644e-131 7.778985196e-132)
(10 -3.69013775e-133 2.057059479e-133)
(10 -9.753594277e-135 5.436879611e-135)
(10 -2.576741822e-136 1.436273643e-136)
(10 -6.804037339e-138 3.79240493e-138)
(10 -1.795797148e-139 1.000892603e-139)
(10 -4.737483676e-141 2.640344269e-141)
(10 -1.249231432e-142 6.96207644e-143)
(10 -3.292664634e-144 1.834961035e-144)
(10 -8.674931227e-146 4.834251555e-146)
(10 -2.284561708e-147 1.273064292e-147)
(10 -6.013984047e-149 3.351153502e-149)
(10 1.614156265e-16 3.762948124e-15)
)
;

boundaryField
{
    left
    {
        type            dirichlet;
        value           uniform (4 0 0);
    }
    right
    {
        type            dirichlet;
        value           uniform (4 0 0);
    }
    sides
    {
        type            empty;
    }
}


// ************************************************************************* //
