/*--------------------------------*- C++ -*----------------------------------*\
| =========                 |                                                 |
| \\      /  F ield         | foam-extend: Open Source CFD                    |
|  \\    /   O peration     | Version:     4.1                                |
|   \\  /    A nd           | Web:         http://www.foam-extend.org         |
|    \\/     M anipulation  |                                                 |
\*---------------------------------------------------------------------------*/
FoamFile
{
    version     2.0;
    format      ascii;
    class       cellScalarField;
    location    "47.9";
    object      T;
}
// * * * * * * * * * * * * * * * * * * * * * * * * * * * * * * * * * * * * * //

dimensions      [0 0 0 0 1 0 0];

internalField   nonuniform 
100
(
(4 -5.703630593e-17 1.624202108e-17)
(4 -2.016115001e-17 8.274895195e-17)
(4 -4.063709065e-17 1.933158604e-17)
(4 -1.865994572e-17 1.005189943e-16)
(4 -1.860803217e-16 2.700314883e-17)
(4 -2.264141242e-16 1.255784017e-16)
(4 3.420867882e-16 4.673307565e-17)
(4 -2.68318081e-16 -1.120907407e-16)
(4 7.467748874e-16 1.082449597e-16)
(4 -1.348011676e-15 6.80398216e-17)
(4 1.159470861e-16 2.63790287e-17)
(4 3.110886664e-16 -4.103503329e-17)
(4 6.970641025e-16 1.510425766e-16)
(4 -4.462579986e-16 -1.569477602e-16)
(4 5.94879417e-16 -1.25029706e-16)
(4 -7.29446195e-17 3.517940783e-17)
(4 -2.797141602e-17 -6.118055965e-17)
(4 -4.094351754e-18 -1.042567647e-16)
(4 8.204781493e-17 -9.910025829e-17)
(4 -4.482690145e-17 1.645905388e-16)
(4 -1.165314017e-16 -1.851725596e-16)
(4 -9.016040199e-17 5.875919594e-17)
(4 -1.237214435e-17 1.831591438e-17)
(4 -1.017509644e-16 2.272076012e-16)
(4 3.033953069e-18 1.202666929e-16)
(4 2.489286712e-17 8.817360808e-17)
(4 5.909600912e-17 2.935328728e-16)
(4 -1.563345031e-16 2.111567738e-16)
(4 -6.224082049e-16 -2.884086207e-17)
(4 3.404571647e-16 9.836995346e-17)
(4 -2.068907337e-16 -7.060683366e-17)
(4 5.367695995e-17 -1.331993673e-16)
(4 -2.367742663e-17 -5.494393798e-17)
(4 -3.499564956e-16 8.304794257e-17)
(4 3.3392301e-16 -8.917348916e-17)
(4 -9.207373257e-17 8.595237025e-17)
(4 5.537026809e-16 1.931175816e-16)
(4 -7.101818453e-16 1.03588526e-16)
(4 4.061804152e-16 2.046618002e-18)
(4 -1.957827426e-16 7.988335913e-17)
(4 2.263690548e-16 -1.286180762e-16)
(4 -3.693322333e-17 -5.510820233e-17)
(4 -6.338559514e-17 1.088907631e-16)
(4 -7.384103069e-17 7.023884329e-17)
(4 -2.79823967e-16 -2.016493009e-17)
(4 7.965335514e-16 -1.012754951e-17)
(4 -9.123310766e-16 1.552725328e-16)
(4 9.057340029e-16 -7.88106167e-17)
(4 -7.674494577e-16 1.673807667e-16)
(4 4.457318494e-16 -4.848655638e-17)
(4 -8.01417535e-17 -5.247403741e-17)
(4 -6.169995286e-17 9.533225183e-17)
(4 8.630210918e-17 -4.571391848e-17)
(4 5.634206266e-17 -4.996298271e-17)
(4 -1.049022347e-16 -5.925548425e-17)
(4 2.723760386e-16 -1.567200016e-16)
(4 8.213829724e-17 -2.210837887e-17)
(4 -1.126928666e-16 -5.007562867e-17)
(4 -1.232047039e-16 8.064923423e-17)
(4 -2.495360428e-16 -3.765084208e-17)
(4 4.413317092e-17 1.784782966e-16)
(4 -2.154013405e-17 1.336724794e-16)
(4 -1.134838096e-16 2.394061772e-16)
(4 2.431925689e-16 6.654686415e-16)
(4 7.329124354e-15 3.138229623e-15)
(4 6.400784789e-14 2.640728834e-14)
(4 4.607143354e-13 1.846776493e-13)
(4 3.171112803e-12 1.226081329e-12)
(4 2.047830032e-11 7.588122058e-12)
(4 1.23669323e-10 4.377700142e-11)
(4.000000001 6.967402406e-10 2.347894001e-10)
(4.000000005 3.652429595e-09 1.167457501e-09)
(4.000000023 1.777589452e-08 5.370067198e-09)
(4.00000011 8.018177693e-08 2.281310228e-08)
(4.000000482 3.348279981e-07 8.941415859e-08)
(4.000001958 1.293683581e-06 3.231790884e-07)
(4.000007373 4.624698635e-06 1.077219158e-06)
(4.000025783 1.530288388e-05 3.312565378e-06)
(4.000083789 4.690732694e-05 9.404182983e-06)
(4.000253333 0.0001333363363 2.466881218e-05)
(4.000713555 0.0003519215258 5.984930774e-05)
(4.001875283 0.0008636541687 0.0001344222375)
(4.004606164 0.001973666843 0.0002797524303)
(4.010593031 0.004206393053 0.0005398805951)
(4.022851708 0.008373677256 0.0009666714266)
(4.046330948 0.01559402852 0.00160626184)
(4.088458332 0.0272077218 0.00247635209)
(4.159369929 0.04454101171 0.003539018627)
(4.27150987 0.06851534117 0.00467961916)
(4.4383479 0.09917063425 0.005705417138)
(4.672180566 0.135249168 0.006374138035)
(4.981321287 0.1740251094 0.006451885621)
(5.367328517 0.211526899 0.005785406153)
(5.823105283 0.2431799201 0.00436293455)
(6.332598425 0.2647356368 0.002337769496)
(6.872418487 0.2732226636 1.241030768e-06)
(7.415122781 0.2676217241 -0.002288257256)
(7.933379345 0.2490528746 -0.004195690658)
(8.403969604 0.2204336384 -0.00548788781)
(8.810687379 0.18574495 -0.006075552473)
)
;

boundaryField
{
    left
    {
        type            dirichlet;
        value           uniform (4 0 0);
    }
    right
    {
        type            dirichlet;
        value           uniform (4 0 0);
    }
    sides
    {
        type            empty;
    }
}


// ************************************************************************* //
