/*--------------------------------*- C++ -*----------------------------------*\
| =========                 |                                                 |
| \\      /  F ield         | foam-extend: Open Source CFD                    |
|  \\    /   O peration     | Version:     4.1                                |
|   \\  /    A nd           | Web:         http://www.foam-extend.org         |
|    \\/     M anipulation  |                                                 |
\*---------------------------------------------------------------------------*/
FoamFile
{
    version     2.0;
    format      ascii;
    class       cellScalarField;
    location    "35.3";
    object      T;
}
// * * * * * * * * * * * * * * * * * * * * * * * * * * * * * * * * * * * * * //

dimensions      [0 0 0 0 1 0 0];

internalField   nonuniform 
100
(
(4 -5.703630593e-17 1.624202108e-17)
(4 -2.483818416e-16 1.561567537e-17)
(4 8.256228949e-18 -3.91842649e-17)
(4 -6.5188721e-18 -8.412650619e-17)
(4 -3.579330662e-17 7.523937564e-17)
(4 -3.808911469e-16 1.283851675e-16)
(4 3.488571391e-16 7.112496693e-17)
(4 -3.525633771e-16 -1.018616944e-16)
(4 8.640717709e-16 2.340138811e-17)
(4 -1.433695321e-15 -4.081610119e-18)
(4 3.480472469e-16 -6.532391693e-17)
(4 -2.081570683e-16 2.69476173e-16)
(4 8.267688396e-16 5.245379725e-17)
(4 2.512625187e-17 -1.652459482e-16)
(4 1.749628096e-16 -1.093270267e-16)
(4 -2.031811145e-16 2.518549325e-16)
(4 5.213463642e-16 2.156051899e-17)
(4 -8.617034794e-16 1.184942305e-16)
(4 8.242332375e-16 9.829770609e-18)
(4 -8.183439693e-16 -2.216604278e-16)
(4 8.793087332e-16 -6.698672706e-17)
(4 -9.006593003e-16 1.906852233e-16)
(4 9.440703541e-16 -1.337100036e-16)
(4 -8.351249735e-16 3.325956572e-16)
(4 6.784790912e-16 -1.182418409e-16)
(4 -3.966689277e-16 1.62918294e-16)
(4 7.093757337e-17 2.495786423e-16)
(4 1.174937329e-16 -1.120854564e-16)
(4 -5.986915838e-16 6.251936212e-17)
(4 5.146440696e-16 1.91688898e-17)
(4 4.454458203e-17 8.320252855e-17)
(4 -2.296474534e-16 -1.25209926e-16)
(4 1.369358855e-16 -1.222674081e-16)
(4 -7.253481933e-16 7.842115261e-17)
(4 9.24907202e-16 9.495682066e-17)
(4 -8.981360833e-16 -2.104907061e-17)
(4 4.395056748e-16 4.36012588e-17)
(4 -3.791719026e-16 2.561616742e-16)
(4 2.234081481e-16 5.304070884e-17)
(4 1.884447969e-16 1.422362429e-17)
(4 7.422634506e-17 -1.323396934e-16)
(4 -3.307822545e-17 -3.748762604e-17)
(4 5.076423803e-17 -1.279338065e-16)
(4 3.284249018e-15 1.832091141e-15)
(4 4.421619836e-14 2.255412658e-14)
(4 4.367154839e-13 2.039598093e-13)
(4 3.902331958e-12 1.767238674e-12)
(4 3.266133951e-11 1.417024729e-11)
(4 2.534454092e-10 1.049969535e-10)
(4.000000002 1.815172928e-09 7.142584562e-10)
(4.000000014 1.193137714e-08 4.432711944e-09)
(4.000000085 7.155342372e-08 2.493091016e-08)
(4.000000484 3.892632454e-07 1.263111649e-07)
(4.000002505 1.911896992e-06 5.73829895e-07)
(4.000011738 8.450922548e-06 2.331012006e-06)
(4.000049713 3.356684033e-05 8.457515452e-06)
(4.000190272 0.000119808365 2.741391531e-05)
(4.000658781 0.0003847197708 7.947088188e-05)
(4.002067383 0.001113640054 0.0002063680771)
(4.005895933 0.002913209094 0.0004808683475)
(4.015327256 0.006906073726 0.001007046269)
(4.036442563 0.01487934073 0.001897689519)
(4.079527888 0.02922117774 0.003219273462)
(4.159877236 0.05245921839 0.004913163812)
(4.297200106 0.08633116225 0.006729089635)
(4.512854523 0.1305872208 0.00822428699)
(4.82483771 0.182027417 0.008866137942)
(5.241626902 0.2343910094 0.008223006659)
(5.757000283 0.2794656723 0.006164826559)
(6.348166935 0.3092198252 0.002967926552)
(6.978541905 0.3181858692 -0.0007438957559)
(7.604675472 0.3051061237 -0.004205018445)
(8.185110944 0.2731622603 -0.006764830812)
(8.688222852 0.2287693851 -0.008078695303)
(9.09670323 0.1795384479 -0.00816069844)
(9.407886345 0.1322647469 -0.007302071009)
(9.630685563 0.09161671239 -0.005918198926)
(9.780845174 0.05976410712 -0.004401097941)
(9.876256474 0.03677127459 -0.003028373359)
(9.933496144 0.02137099543 -0.001939660374)
(9.965965081 0.01174933761 -0.001161647329)
(9.983403883 0.006118995262 -0.0006528632783)
(9.992284209 0.003022821295 -0.0003453585751)
(9.99657734 0.001418342141 -0.0001723980507)
(9.998550244 0.0006329074817 -8.1392922e-05)
(9.999413149 0.0002689239146 -3.641739023e-05)
(9.99977279 0.0001089364845 -1.547017611e-05)
(9.999915789 4.211947011e-05 -6.249988441e-06)
(9.999970096 1.556164801e-05 -2.405152281e-06)
(9.999989817 5.5001699e-06 -8.829264763e-07)
(9.999996672 1.861730057e-06 -3.096193662e-07)
(9.999998955 6.041400387e-07 -1.038544577e-07)
(9.999999685 1.881426924e-07 -3.336262437e-08)
(9.999999908 5.628634716e-08 -1.027669951e-08)
(9.999999974 1.619238207e-08 -3.038812707e-09)
(9.999999993 4.483586937e-09 -8.635556814e-10)
(9.999999998 1.196056636e-09 -2.360879849e-10)
(10 3.076690199e-10 -6.215665535e-11)
(10 7.638702668e-11 -1.577693307e-11)
(10 1.831194724e-11 -3.858265803e-12)
)
;

boundaryField
{
    left
    {
        type            dirichlet;
        value           uniform (4 0 0);
    }
    right
    {
        type            dirichlet;
        value           uniform (4 0 0);
    }
    sides
    {
        type            empty;
    }
}


// ************************************************************************* //
