/*--------------------------------*- C++ -*----------------------------------*\
| =========                 |                                                 |
| \\      /  F ield         | foam-extend: Open Source CFD                    |
|  \\    /   O peration     | Version:     4.1                                |
|   \\  /    A nd           | Web:         http://www.foam-extend.org         |
|    \\/     M anipulation  |                                                 |
\*---------------------------------------------------------------------------*/
FoamFile
{
    version     2.0;
    format      ascii;
    class       cellScalarField;
    location    "24.8";
    object      T;
}
// * * * * * * * * * * * * * * * * * * * * * * * * * * * * * * * * * * * * * //

dimensions      [0 0 0 0 1 0 0];

internalField   nonuniform 
100
(
(4 -5.703630593e-17 1.624202108e-17)
(4 -2.198541517e-16 -1.384950125e-16)
(4 2.329620439e-17 -6.412204982e-17)
(4 -3.537166665e-17 8.968431218e-18)
(4 -6.929613784e-17 -1.059516811e-16)
(4 -3.046424224e-16 1.582287055e-16)
(4 4.709685061e-16 5.913131555e-17)
(4 -3.172740239e-16 -2.039437161e-16)
(4 8.513124105e-16 -9.782225825e-19)
(4 -1.034352676e-15 -1.100012201e-16)
(4 5.874918271e-17 -4.722315979e-17)
(4 1.27345505e-15 -5.573145187e-17)
(4 -6.955806415e-16 4.935013579e-17)
(4 2.751052248e-16 1.985945882e-17)
(4 2.478767153e-17 -9.636880174e-20)
(4 -3.071429459e-16 -1.80146665e-17)
(4 1.348988175e-17 -3.835855361e-17)
(4 -6.238826012e-17 -1.60666727e-16)
(4 1.460334664e-16 -1.460070681e-16)
(4 -1.86909093e-16 -6.146666841e-16)
(4 8.307253472e-16 1.293932839e-16)
(4 -8.925377287e-16 -1.331061979e-16)
(4 8.980091534e-16 -2.297771427e-17)
(4 -8.86131949e-16 1.589544649e-17)
(4 7.377796131e-16 9.243974766e-17)
(4 -4.980447355e-16 2.08234228e-16)
(4 2.965481188e-15 1.196187034e-15)
(4 3.478735758e-14 1.923447046e-14)
(4 4.371107906e-13 2.394185546e-13)
(4 5.313060984e-12 2.807589307e-12)
(4 5.950467848e-11 3.019548595e-11)
(4.000000001 6.128804086e-10 2.972581589e-10)
(4.000000006 5.760112518e-09 2.651017344e-09)
(4.00000005 4.89976709e-08 2.126013666e-08)
(4.000000401 3.744228042e-07 1.517569536e-07)
(4.000002852 2.539426436e-06 9.481040623e-07)
(4.000017926 1.504958972e-05 5.094243399e-06)
(4.000098406 7.692136943e-05 2.326313555e-05)
(4.000468231 0.0003367146016 8.984549096e-05)
(4.001926765 0.001260857828 0.0002935212184)
(4.006870654 0.004050302122 0.000813441495)
(4.021331996 0.01121777229 0.001919196868)
(4.058031356 0.02694787489 0.003866573732)
(4.139305597 0.05650039724 0.006660135433)
(4.29729942 0.1040267769 0.009787744773)
(4.568431683 0.1691744038 0.01217008669)
(4.981389739 0.2443388925 0.01252505062)
(5.542436061 0.3150148579 0.0100521756)
(6.22556118 0.36425823 0.005010952782)
(6.97427644 0.3794435461 -0.0012567493)
(7.715982052 0.3575513201 -0.006934163264)
(8.382663667 0.3059604365 -0.0105778066)
(8.928362577 0.2386223691 -0.01167414912)
(9.3365166 0.1702047838 -0.01063955733)
(9.61637792 0.1113948425 -0.00839820324)
(9.792840247 0.06710266657 -0.0058793167)
(9.89546031 0.03731490351 -0.00370282477)
(9.950656471 0.01920980705 -0.002118399986)
(9.978189657 0.009179962881 -0.001108837998)
(9.990960026 0.004082894719 -0.0005340458492)
(9.99648125 0.001694311646 -0.0002377844913)
(9.99871173 0.0006576034455 -9.827412722e-05)
(9.999555649 0.0002392709601 -3.783505964e-05)
(9.999855368 8.179826641e-05 -1.361264201e-05)
(9.999955502 2.633084017e-05 -4.590448089e-06)
(9.999987038 7.997546833e-06 -1.454810912e-06)
(9.999996419 2.296640912e-06 -4.34400158e-07)
(9.99999906 6.247629485e-07 -1.224981792e-07)
(9.999999765 1.613001386e-07 -3.269565284e-08)
(9.999999944 3.959438779e-08 -8.277185618e-09)
(9.999999987 9.25689596e-09 -1.991458975e-09)
(9.999999997 2.064696457e-09 -4.562245278e-10)
(9.999999999 4.400513126e-10 -9.969671223e-11)
(10 8.975719444e-11 -2.081799057e-11)
(10 1.754611524e-11 -4.159168261e-12)
(10 3.294605709e-12 -7.980024578e-13)
(10 5.921986267e-13 -1.471435606e-13)
(10 1.003658041e-13 -2.393862701e-14)
(10 2.084733295e-14 -4.232380981e-15)
(10 2.605289619e-15 -1.275492411e-15)
(10 9.630595486e-17 -1.725021172e-16)
(10 -1.202409284e-16 1.98332034e-16)
(10 -9.452987443e-17 3.827515391e-16)
(10 -2.542153276e-16 -1.48137199e-16)
(10 3.490694215e-16 -4.816120537e-16)
(10 5.792153495e-17 9.504311505e-18)
(10 2.024728513e-16 1.672296046e-16)
(10 -5.810543775e-17 -9.534513497e-17)
(10 -1.734230363e-16 -1.310743296e-16)
(10 -2.200491445e-17 6.478824149e-17)
(10 -5.952612423e-16 -1.891273014e-16)
(10 4.761678931e-16 -4.992360459e-16)
(10 -2.807857617e-16 -4.136461078e-16)
(10 -2.823279947e-16 -2.097445074e-16)
(10 2.20601138e-16 -3.72971203e-16)
(10 2.259939538e-16 -1.276607519e-16)
(10 -1.810402171e-16 2.281764703e-16)
(10 -9.972305175e-17 1.951956464e-16)
(10 -3.31703305e-17 -3.915381271e-16)
(10 2.257063237e-16 3.473515182e-15)
)
;

boundaryField
{
    left
    {
        type            dirichlet;
        value           uniform (4 0 0);
    }
    right
    {
        type            dirichlet;
        value           uniform (4 0 0);
    }
    sides
    {
        type            empty;
    }
}


// ************************************************************************* //
