/*--------------------------------*- C++ -*----------------------------------*\
| =========                 |                                                 |
| \\      /  F ield         | foam-extend: Open Source CFD                    |
|  \\    /   O peration     | Version:     4.1                                |
|   \\  /    A nd           | Web:         http://www.foam-extend.org         |
|    \\/     M anipulation  |                                                 |
\*---------------------------------------------------------------------------*/
FoamFile
{
    version     2.0;
    format      ascii;
    class       cellScalarField;
    location    "42.2";
    object      T;
}
// * * * * * * * * * * * * * * * * * * * * * * * * * * * * * * * * * * * * * //

dimensions      [0 0 0 0 1 0 0];

internalField   nonuniform 
100
(
(4 -5.703630593e-17 1.624202108e-17)
(4 -1.638808467e-16 1.359933539e-17)
(4 -1.437092622e-16 -9.513498798e-17)
(4 4.194096287e-17 1.067038076e-16)
(4 1.370830666e-16 -3.832074636e-17)
(4 -5.010038785e-16 3.325096683e-16)
(4 3.58525971e-16 -1.615729013e-16)
(4 -5.103428674e-16 -1.617577741e-16)
(4 1.322931367e-15 -3.576549264e-17)
(4 -1.353468856e-15 1.84369136e-16)
(4 2.863025719e-16 1.740255729e-16)
(4 -3.715347269e-16 9.251171814e-17)
(4 8.020940182e-16 -4.226779677e-17)
(4 -4.144679375e-16 7.577091816e-17)
(4 5.877047562e-17 -2.904505974e-16)
(4 -6.095134056e-17 -4.092280464e-17)
(4 -4.194026298e-17 2.505193344e-16)
(4 6.869154161e-17 1.304617266e-16)
(4 1.184471324e-17 2.953051472e-16)
(4 1.733233445e-16 -6.577058084e-17)
(4 4.022689653e-16 3.262349236e-16)
(4 -9.237493391e-16 -1.69995486e-16)
(4 8.60776776e-16 -5.536006743e-17)
(4 -8.825576037e-16 3.190753793e-17)
(4 7.593862703e-16 -2.327043678e-16)
(4 -5.891390465e-16 5.18798328e-16)
(4 2.698796887e-17 -2.452871493e-16)
(4 1.801268415e-17 9.358207387e-17)
(4 -5.922585433e-16 2.429067606e-16)
(4 4.696629319e-16 4.855486002e-18)
(4 -5.778901209e-17 1.270507847e-17)
(4 7.794898664e-17 -2.032189708e-16)
(4 7.225821079e-17 2.728273204e-17)
(4 -5.254473529e-16 2.101473882e-16)
(4 2.827351694e-16 -5.568367159e-17)
(4 -3.357005532e-16 -2.284033095e-16)
(4 8.339944302e-16 1.208099593e-19)
(4 -7.85918247e-16 2.406551213e-16)
(4 5.152218823e-16 4.189370275e-17)
(4 7.640386518e-17 2.511353762e-17)
(4 -1.019732006e-16 -2.493067248e-17)
(4 7.079148063e-18 -6.409846823e-18)
(4 -7.449637209e-17 5.054519157e-17)
(4 -1.746792285e-18 -5.010949122e-17)
(4 -4.037095739e-16 2.333985778e-16)
(4 7.60708741e-16 1.583772563e-16)
(4 -6.989933641e-16 2.28064813e-16)
(4 4.865434163e-16 -1.029768579e-16)
(4 -5.814357614e-16 5.529021687e-17)
(4 -3.546084934e-16 2.426024842e-17)
(4 6.624948503e-16 -3.030036815e-16)
(4 -6.448973117e-17 -2.187711949e-17)
(4 2.32315857e-16 -7.653480406e-17)
(4 2.114644079e-16 2.267734613e-16)
(4 2.443456672e-15 7.773605497e-16)
(4 1.941098109e-14 1.02703387e-14)
(4 1.803238857e-13 7.823178516e-14)
(4 1.429145644e-12 6.022973767e-13)
(4 1.059504943e-11 4.2823276e-12)
(4 7.326443784e-11 2.832387469e-11)
(4.000000001 4.71109727e-10 1.734760949e-10)
(4.000000003 2.806080244e-09 9.79765943e-10)
(4.000000019 1.542406779e-08 5.08257992e-09)
(4.000000101 7.79809961e-08 2.413708081e-08)
(4.00000049 3.617037539e-07 1.046786141e-07)
(4.000002189 1.536583615e-06 4.139495476e-07)
(4.00000899 5.973827279e-06 1.491691518e-06)
(4.000033931 2.125437377e-05 4.898857723e-06)
(4.000117749 6.925283923e-05 1.467140195e-05)
(4.000376157 0.0002068874766 4.01088624e-05)
(4.001107956 0.0005675542844 0.0001002106292)
(4.003014776 0.001432282867 0.0002290992475)
(4.007594548 0.003331432062 0.0004798048026)
(4.017752801 0.007156106236 0.0009213822696)
(4.038601407 0.01422451745 0.001623309664)
(4.078271239 0.02621669332 0.002624053628)
(4.148384467 0.04488962745 0.003888982294)
(4.263705385 0.07154299779 0.005274083999)
(4.440542587 0.1063261951 0.006519339493)
(4.693798531 0.1476169558 0.007290994861)
(5.033112885 0.1917773112 0.007272539621)
(5.45911368 0.233526968 0.006277225808)
(5.961070819 0.266957426 0.004335953325)
(6.517010542 0.2869274375 0.001717415279)
(7.096607251 0.2903769887 -0.001135463501)
(7.666207682 0.2770918076 -0.003730911543)
(8.194589742 0.2496581171 -0.005665939411)
(8.657850763 0.2126652709 -0.006723927361)
(9.042221837 0.1714846495 -0.006901832431)
(9.344392379 0.1310576745 -0.00636928473)
(9.569734501 0.09504339357 -0.005387546944)
(9.729329029 0.0654789217 -0.004224548011)
(9.836792456 0.04290265346 -0.00309362353)
(9.905663752 0.02676324751 -0.002126781396)
(9.947717573 0.01591187405 -0.001378016119)
(9.972208473 0.009025581608 -0.0008441326144)
(9.98582502 0.004889137042 -0.0004901168161)
(9.99305958 0.002531705189 -0.0002703083733)
(9.996736207 0.00125437745 -0.0001418749984)
(9.998525077 0.0005952204379 -7.098426711e-05)
)
;

boundaryField
{
    left
    {
        type            dirichlet;
        value           uniform (4 0 0);
    }
    right
    {
        type            dirichlet;
        value           uniform (4 0 0);
    }
    sides
    {
        type            empty;
    }
}


// ************************************************************************* //
