/*--------------------------------*- C++ -*----------------------------------*\
| =========                 |                                                 |
| \\      /  F ield         | foam-extend: Open Source CFD                    |
|  \\    /   O peration     | Version:     4.1                                |
|   \\  /    A nd           | Web:         http://www.foam-extend.org         |
|    \\/     M anipulation  |                                                 |
\*---------------------------------------------------------------------------*/
FoamFile
{
    version     2.0;
    format      ascii;
    class       cellScalarField;
    location    "21.3";
    object      T;
}
// * * * * * * * * * * * * * * * * * * * * * * * * * * * * * * * * * * * * * //

dimensions      [0 0 0 0 1 0 0];

internalField   nonuniform 
100
(
(4 -5.703630593e-17 1.624202108e-17)
(4 4.504880718e-17 1.242022266e-16)
(4 -1.58462546e-16 2.832034508e-17)
(4 7.886376759e-18 1.491451088e-16)
(4 8.810789811e-17 1.76990106e-16)
(4 -6.078674456e-16 1.730484847e-16)
(4 4.826924912e-16 -1.791806535e-16)
(4 -4.750565356e-16 8.400436906e-18)
(4 9.81124187e-16 1.982919254e-17)
(4 -1.293302685e-15 9.047972925e-17)
(4 4.367492988e-17 -7.611607821e-17)
(4 7.466917085e-16 2.009297938e-16)
(4 -4.203647615e-16 7.321473031e-18)
(4 4.099660478e-16 -1.457947159e-16)
(4 3.614089197e-16 -6.486306866e-18)
(4 -2.627094671e-16 -1.867022357e-16)
(4 5.832225254e-16 1.511178354e-17)
(4 -1.147039382e-16 2.498777704e-18)
(4 8.548424412e-17 -1.021698946e-16)
(4 2.414401823e-15 -2.830569691e-17)
(4 2.095804132e-15 -4.988577622e-16)
(4 4.895415747e-15 4.926051499e-15)
(4 1.229994981e-13 7.339376725e-14)
(4 1.790607192e-12 1.026440784e-12)
(4 2.375173908e-11 1.302109794e-11)
(4 2.867969977e-10 1.510695188e-10)
(4.000000003 3.172659697e-09 1.593659111e-09)
(4.000000031 3.167279619e-08 1.500658796e-08)
(4.000000286 2.824975004e-07 1.256062725e-07)
(4.000002364 2.238384489e-06 9.231176366e-07)
(4.000017227 1.547063665e-05 5.792331238e-06)
(4.000108645 9.098535767e-05 3.022957775e-05)
(4.000582975 0.0004475123381 0.0001294707652)
(4.002640928 0.001830037951 0.000453998144)
(4.010105745 0.006237156341 0.001307891942)
(4.032856562 0.01783638185 0.003111234219)
(4.091546492 0.04315912888 0.006136049491)
(4.220738967 0.08913886315 0.01004081404)
(4.465368194 0.158464202 0.01355452503)
(4.866869523 0.2443774985 0.01480190401)
(5.442111665 0.329295263 0.01234498567)
(6.166280757 0.3902796198 0.006275061758)
(6.972167905 0.4093293281 -0.001574185718)
(7.769381659 0.3820441806 -0.008572496674)
(8.474057175 0.3189764925 -0.01270529559)
(9.033317113 0.239395572 -0.01343892465)
(9.433642625 0.1622413964 -0.01159235269)
(9.693202975 0.09971398387 -0.008561243359)
(9.84625506 0.05580319153 -0.005548508426)
(9.92864568 0.02854571372 -0.003203719843)
(9.969284094 0.01339651677 -0.001665436946)
(9.9877142 0.005788014564 -0.0007856834807)
(9.995424968 0.002309963393 -0.0003385265496)
(9.998410575 0.0008542943972 -0.0001339384556)
(9.999483731 0.0002936758631 -4.889026209e-05)
(9.999842873 9.411602404e-05 -1.653323308e-05)
(9.999955093 2.819795149e-05 -5.19941136e-06)
(9.999987922 7.919614232e-06 -1.525870433e-06)
(9.999996936 2.090491295e-06 -4.192197983e-07)
(9.999999265 5.199111426e-07 -1.081495247e-07)
(9.999999833 1.221179574e-07 -2.627127922e-08)
(9.999999964 2.715118499e-08 -6.024946571e-09)
(9.999999993 5.726688879e-09 -1.307722826e-09)
(9.999999999 1.148231639e-09 -2.692672521e-10)
(10 2.192978823e-10 -5.271370905e-11)
(10 3.997199282e-11 -9.831051219e-12)
(10 6.961734294e-12 -1.750914612e-12)
(10 1.157533165e-12 -2.978749646e-13)
(10 1.828001944e-13 -4.74651494e-14)
(10 3.051158264e-14 -8.202226305e-15)
(10 6.965030584e-15 -3.031902179e-15)
(10 -4.021273129e-16 -3.950935732e-18)
(10 4.564966142e-16 -2.43521403e-16)
(10 6.881096727e-17 -4.865219712e-16)
(10 3.883429785e-16 -5.126900468e-16)
(10 1.941096539e-16 -2.543375183e-16)
(10 1.350432847e-16 -3.009612408e-16)
(10 1.195217924e-17 3.396066764e-16)
(10 4.422844368e-17 -5.00052122e-16)
(10 -1.817998647e-16 2.054685094e-16)
(10 1.3583037e-16 -1.515152048e-17)
(10 1.123027248e-16 -3.403476379e-16)
(10 -7.344533581e-17 3.361532684e-16)
(10 -9.598712769e-17 4.386202118e-16)
(10 -4.389237238e-17 2.590528201e-16)
(10 5.221335731e-17 -2.97831141e-16)
(10 3.998753847e-16 -2.883777575e-16)
(10 7.523241018e-17 1.900284774e-16)
(10 5.696245524e-16 3.878916556e-16)
(10 2.214738107e-16 2.53896338e-16)
(10 -6.506407311e-16 3.240794527e-17)
(10 1.043311835e-16 6.1956672e-16)
(10 -5.129401646e-16 2.548240863e-16)
(10 -3.796923379e-16 -6.548362986e-17)
(10 3.057789804e-18 -1.510693284e-16)
(10 -1.329873479e-16 -2.516951491e-16)
(10 1.281587382e-16 -4.557632772e-16)
(10 1.103206459e-16 -2.197515926e-16)
(10 -5.865436727e-16 -3.389544068e-17)
(10 -3.04379717e-17 3.383124772e-15)
)
;

boundaryField
{
    left
    {
        type            dirichlet;
        value           uniform (4 0 0);
    }
    right
    {
        type            dirichlet;
        value           uniform (4 0 0);
    }
    sides
    {
        type            empty;
    }
}


// ************************************************************************* //
