/*--------------------------------*- C++ -*----------------------------------*\
| =========                 |                                                 |
| \\      /  F ield         | foam-extend: Open Source CFD                    |
|  \\    /   O peration     | Version:     4.1                                |
|   \\  /    A nd           | Web:         http://www.foam-extend.org         |
|    \\/     M anipulation  |                                                 |
\*---------------------------------------------------------------------------*/
FoamFile
{
    version     2.0;
    format      ascii;
    class       cellScalarField;
    location    "15.6";
    object      T;
}
// * * * * * * * * * * * * * * * * * * * * * * * * * * * * * * * * * * * * * //

dimensions      [0 0 0 0 1 0 0];

internalField   nonuniform 
100
(
(4 -5.703630593e-17 1.624202108e-17)
(4 -6.603060673e-17 1.324304999e-16)
(4 -4.713177332e-17 2.827157524e-16)
(4 -1.138107544e-16 2.326740749e-16)
(4 -2.434588608e-16 1.760424664e-17)
(4 -3.384124025e-16 2.837664665e-17)
(4 2.027335731e-16 -2.816411961e-18)
(4 -1.885821271e-16 6.209551333e-17)
(4 6.412612308e-16 -1.612400489e-16)
(4 -1.330951168e-15 -2.180019671e-16)
(4 2.674105841e-16 -9.225440762e-17)
(4 1.635971287e-15 -3.99148605e-18)
(4 8.195851903e-16 1.741426773e-15)
(4 6.371145542e-14 4.08089172e-14)
(4 1.064164902e-12 6.809234588e-13)
(4 2.031354173e-11 1.312183803e-11)
(4 3.294964238e-10 1.905525506e-10)
(4.000000004 4.576911381e-09 2.624831895e-09)
(4.000000054 6.011049465e-08 3.249989084e-08)
(4.000000639 6.767140129e-07 3.370710425e-07)
(4.000006485 6.59622325e-06 3.086917921e-06)
(4.000057901 5.644712693e-05 2.404529293e-05)
(4.000439419 0.0003986324354 0.000146376991)
(4.002696877 0.002197663242 0.000669190529)
(4.013089351 0.00931846904 0.002293113671)
(4.050382394 0.03065917698 0.005952055147)
(4.156072182 0.07958524683 0.01181110905)
(4.396417251 0.1658700725 0.01791879985)
(4.841805986 0.2820914561 0.02034423239)
(5.52389001 0.3971347734 0.01586135656)
(6.397994343 0.4687247854 0.0051094575)
(7.345879179 0.4690448185 -0.00725157547)
(8.224410721 0.4019787095 -0.01588208406)
(8.926677918 0.2977470974 -0.01832334873)
(9.414869195 0.1922098207 -0.01572042703)
(9.71227157 0.1089778833 -0.01094665995)
(9.872175949 0.05465819217 -0.006432454326)
(9.948566146 0.02441445444 -0.003262665649)
(9.981195381 0.009773729455 -0.00145064635)
(9.993731074 0.003527650323 -0.0005720054364)
(9.998087248 0.001154435803 -0.0002019199226)
(9.999463804 0.0003443709118 -6.432237745e-05)
(9.999861371 9.411143647e-05 -1.861966298e-05)
(9.999966819 2.367465691e-05 -4.928344909e-06)
(9.99999262 5.50681575e-06 -1.199448925e-06)
(9.999998469 1.189410537e-06 -2.697929307e-07)
(9.999999703 2.39502028e-07 -5.6348333e-08)
(9.999999946 4.512964101e-08 -1.097505966e-08)
(9.999999991 7.985845614e-09 -2.001426779e-09)
(9.999999998 1.331446652e-09 -3.429920271e-10)
(10 2.098072991e-10 -5.542698871e-11)
(10 3.133864602e-11 -8.473488975e-12)
(10 4.447782625e-12 -1.230121095e-12)
(10 6.020593733e-13 -1.696990007e-13)
(10 7.870460364e-14 -2.299243825e-14)
(10 6.20286996e-15 -2.79370888e-15)
(10 -8.055971622e-16 7.720093565e-16)
(10 -2.2010543e-16 -8.548907237e-17)
(10 -1.317567266e-16 -2.985554015e-17)
(10 5.342597008e-16 5.012394833e-17)
(10 -4.040643434e-16 -3.374693966e-16)
(10 5.341895118e-16 1.015930935e-16)
(10 2.445337958e-16 -1.561634982e-16)
(10 3.44835048e-16 -3.888159595e-16)
(10 1.201760443e-16 -7.056399205e-17)
(10 2.778930071e-16 -4.176633647e-17)
(10 -4.100687044e-16 3.095349009e-16)
(10 2.141458191e-16 -5.808434524e-16)
(10 1.343290921e-16 4.864558137e-16)
(10 5.525871382e-17 -7.760577535e-16)
(10 3.603050491e-16 -1.423042748e-16)
(10 2.215879144e-17 5.44344135e-16)
(10 -3.233895067e-16 -6.588162849e-17)
(10 1.192514423e-16 -7.102223173e-16)
(10 2.461323856e-16 -3.490913578e-16)
(10 6.144214862e-16 6.597349409e-17)
(10 7.560489032e-17 3.171131017e-16)
(10 4.477026384e-17 1.471509735e-16)
(10 -2.217841103e-17 2.223424045e-16)
(10 -7.400390826e-17 -1.76701146e-16)
(10 1.663754386e-16 -3.055124102e-16)
(10 6.440172938e-17 4.427463226e-16)
(10 1.555439548e-16 3.223034224e-18)
(10 1.202520733e-16 -4.395447214e-16)
(10 1.628227103e-16 3.708145444e-16)
(10 3.788436471e-16 -4.650017954e-17)
(10 3.015225214e-17 -8.147279033e-17)
(10 1.286679985e-16 1.077622404e-17)
(10 -2.691645209e-17 -5.854811743e-17)
(10 1.898504132e-16 -6.55872821e-16)
(10 4.816035518e-16 -1.75797243e-16)
(10 -4.065099774e-16 2.980217965e-16)
(10 2.853602937e-18 -4.855215569e-16)
(10 2.13202944e-16 2.452825559e-16)
(10 -7.18949638e-17 -1.256996462e-16)
(10 1.348108715e-16 3.738728363e-16)
(10 -9.434025365e-17 6.267913041e-17)
(10 -4.797432528e-16 -2.435551232e-16)
(10 -1.568710675e-16 5.217290864e-16)
(10 -1.017147638e-15 2.95742154e-15)
)
;

boundaryField
{
    left
    {
        type            dirichlet;
        value           uniform (4 0 0);
    }
    right
    {
        type            dirichlet;
        value           uniform (4 0 0);
    }
    sides
    {
        type            empty;
    }
}


// ************************************************************************* //
