/*--------------------------------*- C++ -*----------------------------------*\
| =========                 |                                                 |
| \\      /  F ield         | foam-extend: Open Source CFD                    |
|  \\    /   O peration     | Version:     4.1                                |
|   \\  /    A nd           | Web:         http://www.foam-extend.org         |
|    \\/     M anipulation  |                                                 |
\*---------------------------------------------------------------------------*/
FoamFile
{
    version     2.0;
    format      ascii;
    class       cellScalarField;
    location    "8.5";
    object      T;
}
// * * * * * * * * * * * * * * * * * * * * * * * * * * * * * * * * * * * * * //

dimensions      [0 0 0 0 1 0 0];

internalField   nonuniform 
100
(
(4 -5.703630593e-17 1.624202108e-17)
(4 3.538657057e-16 2.071403234e-16)
(4 -2.344305635e-16 -1.145266984e-14)
(4 7.215595193e-14 4.109906515e-13)
(4 6.010119828e-12 -3.644365798e-12)
(4 1.907680102e-11 1.633705511e-10)
(4.000000004 5.54436523e-09 2.17311888e-09)
(4.000000051 4.710927408e-08 4.330757727e-08)
(4.000001279 1.724268906e-06 1.139912655e-06)
(4.000021577 2.350773375e-05 1.185496887e-05)
(4.00025744 0.0002797158561 0.0001633612077)
(4.00309725 0.003362325533 0.001577551186)
(4.026564019 0.02439802768 0.007962903085)
(4.143287969 0.1033343681 0.02237116425)
(4.51018452 0.276160655 0.03652986539)
(5.285212042 0.4981776566 0.03249676111)
(6.441313144 0.6381941243 0.006463202828)
(7.707359172 0.6038354271 -0.02184893595)
(8.757758818 0.4356407285 -0.03297486933)
(9.435810993 0.2462255528 -0.02702013893)
(9.784375478 0.1116451014 -0.01554901097)
(9.930084426 0.04148412181 -0.006845635791)
(9.980566411 0.01287714602 -0.002415115387)
(9.995316938 0.003398139717 -0.0007045747038)
(9.999010433 0.0007744949786 -0.0001740974148)
(9.999814614 0.0001546482703 -3.715108159e-05)
(9.999968889 2.7401401e-05 -6.95866228e-06)
(9.999995278 4.357683214e-06 -1.160027254e-06)
(9.999999346 6.283450338e-07 -1.741689436e-07)
(9.999999917 8.289100789e-08 -2.379637348e-08)
(9.99999999 1.008429499e-08 -2.98526701e-09)
(9.999999999 1.139411372e-09 -3.465688087e-10)
(10 1.203196514e-10 -3.749022932e-11)
(10 1.194154787e-11 -3.802081356e-12)
(10 1.119912583e-12 -3.627142262e-13)
(10 9.976163521e-14 -3.385886785e-14)
(10 6.238337624e-15 -2.923535303e-15)
(10 -9.255250563e-16 7.340127942e-16)
(10 4.920051635e-16 5.121480426e-16)
(10 -8.862362605e-16 -1.532643701e-16)
(10 4.049333554e-16 -2.292841651e-17)
(10 1.737443749e-17 -2.511058204e-16)
(10 -1.092421704e-16 -1.070928081e-16)
(10 3.848552562e-16 2.098919177e-16)
(10 -6.095820554e-16 4.794583305e-17)
(10 1.527235048e-16 -1.848674896e-16)
(10 -2.574409797e-16 1.459518023e-16)
(10 4.12961983e-16 -1.737452617e-16)
(10 -8.113572472e-16 -7.581417852e-16)
(10 1.490922688e-15 -1.423046435e-16)
(10 -1.199635855e-15 8.205280099e-16)
(10 -2.892608572e-16 5.495760652e-16)
(10 -1.967107921e-16 3.891593945e-16)
(10 -1.971412363e-16 2.590532989e-16)
(10 -6.27692371e-17 -7.472310361e-17)
(10 2.183152747e-16 -3.790701029e-16)
(10 3.250599156e-16 -4.999327914e-16)
(10 -4.261344718e-17 -4.953359706e-16)
(10 1.902847451e-16 2.220259313e-16)
(10 2.271864537e-16 3.746754099e-16)
(10 1.828016777e-16 3.197042925e-16)
(10 -1.827590103e-16 -2.767136206e-16)
(10 1.565929189e-16 6.160375975e-17)
(10 -3.11927045e-16 2.379022741e-16)
(10 4.59398859e-16 3.832337893e-16)
(10 -3.817954572e-16 -3.411569133e-16)
(10 -3.764792699e-17 1.252183377e-16)
(10 -1.557991588e-16 6.354682182e-16)
(10 -6.271847207e-16 2.798971551e-16)
(10 3.013673652e-17 -1.418887296e-16)
(10 3.376524337e-16 -6.385584562e-17)
(10 -1.71184421e-16 2.263353132e-16)
(10 -2.523298774e-16 -1.508225036e-16)
(10 -2.922187995e-16 -7.778029022e-17)
(10 1.808607958e-16 3.070162787e-16)
(10 -2.49318926e-16 3.164087687e-16)
(10 -1.918092485e-16 5.745622757e-16)
(10 -1.639458028e-16 1.420049572e-16)
(10 -1.300682109e-16 2.757501344e-16)
(10 -2.409990997e-16 1.553484204e-17)
(10 -3.093905255e-16 6.489192761e-17)
(10 3.124138406e-16 -3.661027567e-16)
(10 3.185463172e-17 4.968406569e-17)
(10 -1.456091117e-16 -3.763257675e-16)
(10 4.130560516e-17 4.553089121e-16)
(10 -1.080810088e-16 -2.660973724e-18)
(10 4.231710706e-16 5.910967819e-16)
(10 -2.706746476e-16 1.292976294e-16)
(10 2.353702228e-16 1.995407413e-16)
(10 -2.666489959e-16 -2.68807183e-17)
(10 1.364853921e-16 1.749757891e-17)
(10 -2.188385902e-16 5.564619917e-16)
(10 -1.000862169e-15 5.078880463e-16)
(10 1.354184939e-16 -7.673887637e-17)
(10 4.236895964e-18 -2.400961834e-18)
(10 1.325615644e-19 -7.511991314e-20)
(10 4.147509994e-21 -2.350308642e-21)
(10 1.297649075e-22 -7.353510517e-23)
(10 4.060009799e-24 -2.300724081e-24)
(10 -1.274234464e-15 3.729468666e-15)
)
;

boundaryField
{
    left
    {
        type            dirichlet;
        value           uniform (4 0 0);
    }
    right
    {
        type            dirichlet;
        value           uniform (4 0 0);
    }
    sides
    {
        type            empty;
    }
}


// ************************************************************************* //
