/*--------------------------------*- C++ -*----------------------------------*\
| =========                 |                                                 |
| \\      /  F ield         | foam-extend: Open Source CFD                    |
|  \\    /   O peration     | Version:     4.1                                |
|   \\  /    A nd           | Web:         http://www.foam-extend.org         |
|    \\/     M anipulation  |                                                 |
\*---------------------------------------------------------------------------*/
FoamFile
{
    version     2.0;
    format      ascii;
    class       cellScalarField;
    location    "42.4";
    object      T;
}
// * * * * * * * * * * * * * * * * * * * * * * * * * * * * * * * * * * * * * //

dimensions      [0 0 0 0 1 0 0];

internalField   nonuniform 
100
(
(4 -5.703630593e-17 1.624202108e-17)
(4 -1.022293235e-16 4.435991778e-17)
(4 -1.3559235e-16 -2.161310773e-16)
(4 -3.574083631e-17 1.555092247e-16)
(4 1.435173833e-16 -1.177290979e-16)
(4 -2.926759959e-16 1.767282564e-16)
(4 2.870407939e-16 5.287129067e-18)
(4 -3.900876386e-16 -1.481995459e-16)
(4 9.489730808e-16 4.692535883e-17)
(4 -1.166636277e-15 -7.772575952e-18)
(4 1.393670288e-16 2.133720331e-16)
(4 -3.649212028e-16 1.539739866e-16)
(4 8.506765308e-16 -1.361947212e-16)
(4 -3.01148155e-16 -1.519421265e-16)
(4 3.76920361e-16 -2.115881572e-16)
(4 1.838969186e-16 -9.321027355e-17)
(4 -1.730838728e-16 -1.4393465e-16)
(4 1.772096622e-16 1.625714755e-16)
(4 -2.810295554e-17 -4.33440474e-17)
(4 1.572372352e-18 3.442771149e-17)
(4 1.403622111e-16 -1.59993023e-17)
(4 3.672100189e-17 -1.431485139e-16)
(4 6.329774196e-16 9.373849201e-17)
(4 -9.75167142e-16 7.462651442e-17)
(4 8.390645982e-16 -1.073935293e-16)
(4 -6.523746002e-16 -9.405167281e-18)
(4 4.311974602e-16 -2.254313056e-16)
(4 2.710639784e-16 -3.34489824e-17)
(4 -5.633808658e-16 -3.882648858e-17)
(4 3.117023518e-16 1.001777578e-16)
(4 -7.042128717e-17 -3.934038743e-17)
(4 2.785279614e-17 -1.802446227e-16)
(4 1.288879481e-16 1.07312849e-16)
(4 -5.205570386e-16 6.426423501e-17)
(4 1.531015245e-16 -6.540641759e-18)
(4 -3.681017256e-16 -2.112481005e-16)
(4 1.039075929e-15 -1.597706598e-16)
(4 -9.220305129e-16 -2.346293727e-16)
(4 5.362051249e-16 1.485664078e-16)
(4 3.285318267e-17 4.34138113e-17)
(4 -2.05485903e-16 -1.422667828e-16)
(4 1.042532288e-16 -4.484487508e-17)
(4 -1.893516192e-16 4.070856518e-17)
(4 6.85664549e-17 -1.222392458e-16)
(4 -3.21021632e-16 -8.70842698e-17)
(4 8.398747727e-16 -2.129972484e-16)
(4 -5.581976069e-16 -2.451202221e-16)
(4 5.867844171e-16 -1.168022867e-16)
(4 -6.576801529e-16 7.386200974e-17)
(4 -8.031976449e-17 -6.682601026e-17)
(4 7.496682782e-16 -1.266496795e-17)
(4 -6.822905362e-16 3.293816307e-16)
(4 3.129041736e-16 1.172126802e-16)
(4 -5.120709555e-19 -1.359651229e-17)
(4 2.202438464e-15 5.184541185e-16)
(4 8.320449062e-15 4.741960622e-15)
(4 8.938366819e-14 3.968114859e-14)
(4 7.213211641e-13 3.067350327e-13)
(4 5.446726685e-12 2.22728414e-12)
(4 3.840350247e-11 1.503880374e-11)
(4 2.521498763e-10 9.418403508e-11)
(4.000000002 1.535779869e-09 5.448033361e-10)
(4.000000011 8.644684895e-09 2.898999412e-09)
(4.000000057 4.481611759e-08 1.414116436e-08)
(4.000000285 2.133912996e-07 6.306347645e-08)
(4.000001306 9.313870228e-07 2.566564938e-07)
(4.000005505 3.722501034e-06 9.524104677e-07)
(4.000021334 1.362047613e-05 3.222136471e-06)
(4.00007603 4.564671352e-05 9.943043599e-06)
(4.000249417 0.0001402592054 2.801143588e-05)
(4.000754272 0.0003957087283 7.212408314e-05)
(4.002106583 0.001026779368 0.0001699343557)
(4.005444699 0.002454954438 0.0003668150111)
(4.013052287 0.005419026891 0.0007261328386)
(4.029090043 0.01106553704 0.001319165589)
(4.06042483 0.02094386591 0.002199951875)
(4.117274045 0.03681467262 0.003366541528)
(4.213224845 0.06021307602 0.00472060958)
(4.364159624 0.09180526504 0.00604703331)
(4.585832268 0.1307149207 0.007035743498)
(4.890310407 0.1741042174 0.007354454454)
(5.282082804 0.2172889333 0.006755861914)
(5.755050286 0.2545073208 0.005179342201)
(6.291598588 0.2801954188 0.002800715073)
(6.864397521 0.2903744471 1.724041868e-06)
(7.440664515 0.2836658695 -0.002733941108)
(7.987760696 0.2615768945 -0.004957897774)
(8.47854586 0.2279851294 -0.0063741572)
(8.895086001 0.1880529052 -0.006895445509)
(9.229967823 0.1469782487 -0.006627971818)
(9.485302635 0.1089786585 -0.005803534659)
(9.670148889 0.07674409389 -0.004693415274)
(9.797345881 0.05138640466 -0.003536146707)
(9.880633014 0.03275078816 -0.002496884187)
(9.932581147 0.01988944768 -0.001659552684)
(9.963476744 0.0115211494 -0.001041788057)
(9.981015134 0.0063719723 -0.0006193746079)
(9.990527098 0.003368050864 -0.0003495498753)
(9.995460521 0.001703025765 -0.0001876305993)
(9.997909722 0.0008245228099 -9.596017768e-05)
)
;

boundaryField
{
    left
    {
        type            dirichlet;
        value           uniform (4 0 0);
    }
    right
    {
        type            dirichlet;
        value           uniform (4 0 0);
    }
    sides
    {
        type            empty;
    }
}


// ************************************************************************* //
