/*--------------------------------*- C++ -*----------------------------------*\
| =========                 |                                                 |
| \\      /  F ield         | foam-extend: Open Source CFD                    |
|  \\    /   O peration     | Version:     4.1                                |
|   \\  /    A nd           | Web:         http://www.foam-extend.org         |
|    \\/     M anipulation  |                                                 |
\*---------------------------------------------------------------------------*/
FoamFile
{
    version     2.0;
    format      ascii;
    class       cellScalarField;
    location    "3.7";
    object      T;
}
// * * * * * * * * * * * * * * * * * * * * * * * * * * * * * * * * * * * * * //

dimensions      [0 0 0 0 1 0 0];

internalField   nonuniform 
100
(
(4.00000006 8.257416392e-08 -4.979994397e-08)
(3.999999097 -1.273258765e-06 3.593150231e-06)
(4.0000952 0.0001367877693 2.652066229e-05)
(4.000690228 0.0003625075678 0.000883953551)
(4.025457339 0.03740649618 0.02316339553)
(4.328228685 0.3136086833 0.07999455201)
(5.459338376 0.8159200054 0.06206816749)
(7.307510814 0.949455472 -0.03762903378)
(8.885101779 0.5913470318 -0.07197391541)
(9.675591015 0.2231829538 -0.04056984554)
(9.930959654 0.05646747668 -0.01277504962)
(9.988700825 0.01041837297 -0.002704535022)
(9.99850914 0.001498896332 -0.0004274271454)
(9.999835034 0.0001769775296 -5.402401602e-05)
(9.999984205 1.781980183e-05 -5.72814937e-06)
(9.999998659 1.574951784e-06 -5.272610746e-07)
(9.999999897 1.24900859e-07 -4.321159642e-08)
(9.999999993 9.04042593e-09 -3.213976081e-09)
(10 6.052711652e-10 -2.201779374e-10)
(10 3.788661358e-11 -1.405620604e-11)
(10 2.235991851e-12 -8.450551487e-13)
(10 1.235638117e-13 -4.721363799e-14)
(10 5.980690154e-15 -2.744093625e-15)
(10 1.086228196e-15 -5.63820695e-16)
(10 -3.720734666e-16 2.379982157e-16)
(10 3.402832023e-16 -1.377602594e-16)
(10 -6.408351049e-16 -1.537328106e-16)
(10 2.791861791e-16 -4.408036379e-16)
(10 -1.093910202e-16 -1.926616325e-16)
(10 2.701056698e-16 -2.304780892e-16)
(10 2.27450413e-16 3.428112367e-16)
(10 -3.942104677e-16 8.726060039e-17)
(10 -3.065461864e-16 6.25638167e-17)
(10 3.128866949e-16 -3.66383634e-16)
(10 3.18768934e-17 4.967172065e-17)
(10 -1.456085177e-16 -3.7632606e-16)
(10 4.13056024e-17 4.553089167e-16)
(10 -1.080810104e-16 -2.660972689e-18)
(10 4.231710705e-16 5.91096782e-16)
(10 -2.706746476e-16 1.292976294e-16)
(10 2.353702228e-16 1.995407413e-16)
(10 -2.666489959e-16 -2.68807183e-17)
(10 1.364853921e-16 1.749757891e-17)
(10 -2.188385902e-16 5.564619917e-16)
(10 -1.000862169e-15 5.078880463e-16)
(10 1.354184939e-16 -7.673887637e-17)
(10 4.236895964e-18 -2.400961834e-18)
(10 1.325615644e-19 -7.511991314e-20)
(10 4.147509994e-21 -2.350308642e-21)
(10 1.297649075e-22 -7.353510517e-23)
(10 4.060009799e-24 -2.300724081e-24)
(10 1.270272517e-25 -7.198373192e-26)
(10 3.974355599e-27 -2.252185607e-27)
(10 1.243473524e-28 -7.046508805e-29)
(10 3.890508449e-30 -2.204671151e-30)
(10 1.217239909e-31 -6.897848307e-32)
(10 3.808430225e-33 -2.158159109e-33)
(10 1.191559747e-34 -6.752324105e-35)
(10 3.728083609e-36 -2.112628333e-36)
(10 1.16642136e-37 -6.609870033e-38)
(10 3.649432069e-39 -2.068058123e-39)
(10 1.141813318e-40 -6.470421321e-41)
(10 3.572439844e-42 -2.024428212e-42)
(10 1.117724433e-43 -6.333914564e-44)
(10 3.497071927e-45 -1.981718763e-45)
(10 1.094143753e-46 -6.200287697e-47)
(10 3.42329405e-48 -1.939910357e-48)
(10 1.071060555e-49 -6.069479961e-50)
(10 3.351072669e-51 -1.898983985e-51)
(10 1.048464345e-52 -5.941431881e-53)
(10 3.280374945e-54 -1.858921038e-54)
(10 1.026344847e-55 -5.816085238e-56)
(10 3.211168734e-57 -1.819703301e-57)
(10 1.004692006e-58 -5.693383038e-59)
(10 3.143422569e-60 -1.781312942e-60)
(10 9.834959755e-62 -5.573269491e-62)
(10 3.077105648e-63 -1.743732506e-63)
(10 9.627471186e-65 -5.455689984e-65)
(10 3.012187817e-66 -1.706944906e-66)
(10 9.424360009e-68 -5.340591056e-68)
(10 2.948639559e-69 -1.670933415e-69)
(10 9.225533873e-71 -5.227920372e-71)
(10 2.88643198e-72 -1.635681659e-72)
(10 9.030902367e-74 -5.117626699e-74)
(10 2.82553679e-75 -1.601173606e-75)
(10 8.840376982e-77 -5.009659878e-77)
(10 2.765926295e-78 -1.567393564e-78)
(10 8.653871056e-80 -4.903970802e-80)
(10 2.707573377e-81 -1.534326164e-81)
(10 8.471299733e-83 -4.80051138e-83)
(10 2.650451481e-84 -1.501956357e-84)
(10 8.292579904e-86 -4.699234518e-86)
(10 2.594534598e-87 -1.470269405e-87)
(10 8.117630177e-89 -4.60009409e-89)
(10 2.539797259e-90 -1.439250875e-90)
(10 7.946370869e-92 -4.503044944e-92)
(10 2.486214542e-93 -1.408886646e-93)
(10 7.778724084e-95 -4.408042947e-95)
(10 2.433762122e-96 -1.379162939e-96)
(10 -1.907771866e-15 3.965819027e-15)
)
;

boundaryField
{
    left
    {
        type            dirichlet;
        value           uniform (4 0 0);
    }
    right
    {
        type            dirichlet;
        value           uniform (4 0 0);
    }
    sides
    {
        type            empty;
    }
}


// ************************************************************************* //
