/*--------------------------------*- C++ -*----------------------------------*\
| =========                 |                                                 |
| \\      /  F ield         | foam-extend: Open Source CFD                    |
|  \\    /   O peration     | Version:     4.1                                |
|   \\  /    A nd           | Web:         http://www.foam-extend.org         |
|    \\/     M anipulation  |                                                 |
\*---------------------------------------------------------------------------*/
FoamFile
{
    version     2.0;
    format      ascii;
    class       cellScalarField;
    location    "38.6";
    object      T;
}
// * * * * * * * * * * * * * * * * * * * * * * * * * * * * * * * * * * * * * //

dimensions      [0 0 0 0 1 0 0];

internalField   nonuniform 
100
(
(4 -5.703630593e-17 1.624202108e-17)
(4 -2.223069693e-16 2.222546066e-16)
(4 -1.987383026e-16 1.977794529e-16)
(4 1.41308211e-16 -1.519921692e-16)
(4 7.067469393e-17 -9.029566233e-17)
(4 -2.23022053e-16 1.936927395e-16)
(4 1.730779362e-16 7.706891923e-17)
(4 -1.473103859e-16 6.78160354e-17)
(4 8.237275476e-16 1.247937796e-16)
(4 -1.583588868e-15 -7.162774303e-17)
(4 2.511102111e-16 -1.653826326e-16)
(4 3.68203718e-16 6.922961941e-18)
(4 6.133145588e-16 1.1218714e-16)
(4 -1.498213267e-16 2.931205841e-18)
(4 2.889285732e-16 -1.546392587e-17)
(4 -1.343175436e-16 -2.128522231e-17)
(4 3.288297352e-16 6.116582681e-17)
(4 -1.964048414e-16 -1.30315984e-16)
(4 1.270340828e-16 -6.971769183e-17)
(4 -4.868406792e-17 1.08771462e-17)
(4 -5.698394907e-17 -1.337841367e-16)
(4 -1.121620306e-16 1.967691869e-16)
(4 1.364187104e-16 -1.270484849e-16)
(4 -8.391815398e-17 -5.741057254e-17)
(4 4.369262528e-16 2.958842892e-16)
(4 -7.34203557e-16 9.673012659e-17)
(4 7.217372635e-16 -1.064571609e-16)
(4 -9.469894295e-16 2.441525642e-16)
(4 4.600529269e-16 -7.982622569e-17)
(4 -3.199370019e-16 -9.048786008e-17)
(4 7.485830293e-16 -3.08781476e-17)
(4 -8.618226377e-16 -1.287843454e-16)
(4 9.758637973e-16 -1.629089246e-16)
(4 -1.58667472e-15 -8.693038552e-17)
(4 1.261598925e-15 9.049818628e-17)
(4 -8.340366994e-16 9.536048253e-17)
(4 1.167556549e-15 -8.594668539e-17)
(4 -1.011056203e-15 2.397701136e-16)
(4 6.830799247e-16 1.377556309e-16)
(4 -1.32976175e-16 2.4775189e-16)
(4 1.047024924e-16 1.351992755e-16)
(4 4.994506342e-17 3.091445549e-18)
(4 -5.142515806e-17 -8.233883676e-18)
(4 -1.118010935e-16 1.424551226e-17)
(4 -4.642870394e-16 2.266637783e-16)
(4 8.899356492e-16 4.571056677e-22)
(4 -8.331367846e-16 -8.635737444e-17)
(4 8.304403788e-16 -2.413124606e-16)
(4 -9.350031736e-16 1.060314288e-15)
(4 1.795542203e-14 8.985848805e-15)
(4 1.660379771e-13 7.648908564e-14)
(4 1.432361931e-12 6.314594175e-13)
(4 1.146234735e-11 4.851447301e-12)
(4 8.545291237e-11 3.460291564e-11)
(4.000000001 5.909165469e-10 2.278525902e-10)
(4.000000004 3.771920031e-09 1.377868682e-09)
(4.000000027 2.211863673e-08 7.612173766e-09)
(4.000000149 1.186180564e-07 3.823945627e-08)
(4.000000762 5.79570479e-07 1.740285968e-07)
(4.000003568 2.573214828e-06 7.158060891e-07)
(4.000015236 1.036690364e-05 2.657921416e-06)
(4.000059305 3.788901741e-05 8.908887601e-06)
(4.000210543 0.0001257089808 2.697345404e-05)
(4.000682661 0.000379149575 7.3856869e-05)
(4.002025486 0.001041497196 0.0001831472363)
(4.005512286 0.002611272548 0.0004118996044)
(4.013796065 0.005989751933 0.0008412431811)
(4.031843862 0.01260012593 0.001561706717)
(4.067987255 0.02436687003 0.002636274233)
(4.13467564 0.04342270326 0.004044699827)
(4.248300898 0.07147140064 0.005629808477)
(4.42746904 0.1088975905 0.007080361992)
(4.689487729 0.1539252771 0.007981501854)
(5.04559281 0.2022573862 0.007935930515)
(5.496255413 0.2475488927 0.006717304233)
(6.028327217 0.2827500249 0.004387370241)
(6.615435902 0.3019378561 0.001314080492)
(7.221960498 0.3019681766 -0.001928189626)
(7.809560698 0.2833076245 -0.004737038319)
(8.344263901 0.2497497271 -0.00666222017)
(8.801992843 0.2071910887 -0.007515113844)
(9.171150268 0.1619949008 -0.007375136023)
(9.452044379 0.119541266 -0.006510183938)
(9.653974183 0.08337221019 -0.005259603102)
(9.791303814 0.05502913129 -0.003930186977)
(9.879773614 0.03441869094 -0.002735475156)
(9.933828705 0.02042545001 -0.001782479747)
(9.96519164 0.01151472653 -0.001091658887)
(9.982491717 0.006173824866 -0.0006303546123)
(9.991574716 0.003151906906 -0.0003440780659)
(9.996118792 0.001533900183 -0.0001779429621)
(9.998287342 0.0007123590253 -8.736068544e-05)
(9.999275581 0.0003160386532 -4.078803783e-05)
(9.99970608 0.0001340820519 -1.813976822e-05)
(9.999885527 5.445388887e-05 -7.69587313e-06)
(9.999957172 2.119058453e-05 -3.118970308e-06)
(9.999984596 7.909161766e-06 -1.209077574e-06)
(9.99999467 2.833996088e-06 -4.488666797e-07)
(9.999998224 9.757700233e-07 -1.597733318e-07)
(9.99999943 3.231200976e-07 -5.458767448e-08)
)
;

boundaryField
{
    left
    {
        type            dirichlet;
        value           uniform (4 0 0);
    }
    right
    {
        type            dirichlet;
        value           uniform (4 0 0);
    }
    sides
    {
        type            empty;
    }
}


// ************************************************************************* //
