/*--------------------------------*- C++ -*----------------------------------*\
| =========                 |                                                 |
| \\      /  F ield         | foam-extend: Open Source CFD                    |
|  \\    /   O peration     | Version:     4.1                                |
|   \\  /    A nd           | Web:         http://www.foam-extend.org         |
|    \\/     M anipulation  |                                                 |
\*---------------------------------------------------------------------------*/
FoamFile
{
    version     2.0;
    format      ascii;
    class       cellScalarField;
    location    "22.8";
    object      T;
}
// * * * * * * * * * * * * * * * * * * * * * * * * * * * * * * * * * * * * * //

dimensions      [0 0 0 0 1 0 0];

internalField   nonuniform 
100
(
(4 -5.703630593e-17 1.624202108e-17)
(4 -8.158721319e-17 -1.453424885e-16)
(4 -4.00263449e-17 -2.246042633e-16)
(4 1.937643285e-17 -7.785264732e-17)
(4 -1.023481483e-16 -3.483602306e-18)
(4 -3.06866084e-16 -3.381315837e-17)
(4 3.246414194e-16 -1.028017077e-16)
(4 -1.96630622e-16 -7.73501523e-17)
(4 8.154802218e-16 3.272965418e-17)
(4 -1.361256331e-15 -2.463600027e-16)
(4 4.990559703e-16 -1.310691345e-16)
(4 5.091471308e-16 -2.398758555e-17)
(4 -8.373053356e-17 -5.578884631e-17)
(4 -3.908128387e-16 -9.574594598e-17)
(4 9.246577752e-16 7.001288425e-17)
(4 -9.397400634e-16 1.81916909e-16)
(4 1.055445897e-15 4.023996754e-17)
(4 -7.731280152e-16 -1.216833692e-16)
(4 6.346014979e-16 -2.484011495e-16)
(4 -5.757552297e-16 2.549527822e-16)
(4 2.406118315e-18 -9.988789986e-17)
(4 1.190832837e-16 7.338992795e-17)
(4 1.422991253e-15 2.923621923e-16)
(4 3.961496438e-15 1.640164107e-15)
(4 4.779143938e-14 2.859020275e-14)
(4 6.82082569e-13 3.861052553e-13)
(4 8.813209239e-12 4.780214043e-12)
(4 1.040943176e-10 5.422380671e-11)
(4.000000001 1.12844232e-09 5.618486296e-10)
(4.000000011 1.111820837e-08 5.242213712e-09)
(4.0000001 9.855619892e-08 4.373219053e-08)
(4.000000825 7.808861865e-07 3.230264001e-07)
(4.00000605 5.454928795e-06 2.068565519e-06)
(4.000038876 3.292999967e-05 1.122550642e-05)
(4.000215561 0.0001689719216 5.088469558e-05)
(4.001022197 0.0007311785178 0.0001917294269)
(4.004137828 0.002667427211 0.0006012647531)
(4.014346683 0.00824000842 0.001575581397)
(4.042881436 0.02169770543 0.003464494988)
(4.111377867 0.04906561671 0.006409540001)
(4.253583569 0.09599598472 0.009970504348)
(4.510686951 0.1636561902 0.01294951379)
(4.918130124 0.2447399135 0.01375349873)
(5.487550007 0.323032737 0.0112661059)
(6.193303481 0.3784695746 0.005674719318)
(6.973133183 0.3956825406 -0.001423424314)
(7.745075223 0.3709532778 -0.007798845462)
(8.432741889 0.3132773645 -0.01171456231)
(8.986379008 0.2393489696 -0.01263763293)
(9.39082694 0.1661009181 -0.01118258015)
(9.65993726 0.1050990825 -0.008516818633)
(9.823612756 0.06085206048 -0.005719988817)
(9.9149194 0.0323510264 -0.003437796925)
(9.961789811 0.01584366938 -0.001867756347)
(9.983998548 0.007170258277 -0.0009242866251)
(9.993741106 0.003007630902 -0.0004191502213)
(9.99770927 0.001172658455 -0.0001750692421)
(9.999214037 0.0004261602123 -6.764429677e-05)
(9.999746712 0.0001447368182 -2.427294207e-05)
(9.999923184 4.60570237e-05 -8.117247584e-06)
(9.999978034 1.376533745e-05 -2.537970611e-06)
(9.999994066 3.873240511e-06 -7.44126733e-07)
(9.999998483 1.028351488e-06 -2.051599291e-07)
(9.999999632 2.581860563e-07 -5.332738474e-08)
(9.999999915 6.142646079e-08 -1.310027025e-08)
(9.999999981 1.387653617e-08 -3.048476375e-09)
(9.999999996 2.982263129e-09 -6.734491361e-10)
(9.999999999 6.108721146e-10 -1.415274143e-10)
(10 1.194712546e-10 -2.835044334e-11)
(10 2.234623155e-11 -5.422035052e-12)
(10 4.003532861e-12 -9.935135498e-13)
(10 6.855709849e-13 -1.741109568e-13)
(10 1.119383164e-13 -2.896876996e-14)
(10 1.984787232e-14 -4.512137597e-15)
(10 3.815194545e-15 -1.874899457e-15)
(10 -8.595327338e-16 9.599474797e-16)
(10 5.799096404e-19 -2.653251259e-16)
(10 -3.773690792e-18 6.230251956e-17)
(10 2.543990051e-16 -3.048796798e-16)
(10 -1.509552585e-16 5.33073123e-16)
(10 1.761923519e-16 2.877483752e-16)
(10 -3.886129625e-16 1.07248749e-16)
(10 -3.503738915e-16 6.798738948e-17)
(10 5.596062345e-17 -6.570828082e-16)
(10 1.522580086e-16 3.164694526e-17)
(10 -3.173573141e-16 5.072761024e-17)
(10 -1.634349076e-17 -2.054619691e-16)
(10 1.21917547e-16 2.332573724e-17)
(10 1.248163425e-16 -1.389230337e-16)
(10 9.304790411e-17 -1.062018208e-16)
(10 -2.436390392e-16 -3.42309969e-16)
(10 1.274293247e-16 7.077237425e-17)
(10 2.035271058e-17 -3.310560161e-16)
(10 -2.292961892e-16 -1.039581987e-16)
(10 8.939678087e-17 -5.288013927e-16)
(10 5.165965493e-16 5.842460902e-17)
(10 5.424016571e-16 1.260728729e-16)
(10 3.694584353e-18 8.29707634e-17)
(10 -9.395064071e-17 -8.160573065e-17)
(10 -3.707738987e-16 3.73059853e-15)
)
;

boundaryField
{
    left
    {
        type            dirichlet;
        value           uniform (4 0 0);
    }
    right
    {
        type            dirichlet;
        value           uniform (4 0 0);
    }
    sides
    {
        type            empty;
    }
}


// ************************************************************************* //
