/*--------------------------------*- C++ -*----------------------------------*\
| =========                 |                                                 |
| \\      /  F ield         | foam-extend: Open Source CFD                    |
|  \\    /   O peration     | Version:     4.1                                |
|   \\  /    A nd           | Web:         http://www.foam-extend.org         |
|    \\/     M anipulation  |                                                 |
\*---------------------------------------------------------------------------*/
FoamFile
{
    version     2.0;
    format      ascii;
    class       cellScalarField;
    location    "46.3";
    object      T;
}
// * * * * * * * * * * * * * * * * * * * * * * * * * * * * * * * * * * * * * //

dimensions      [0 0 0 0 1 0 0];

internalField   nonuniform 
100
(
(4 -5.703630593e-17 1.624202108e-17)
(4 -6.840842871e-17 -1.108635414e-16)
(4 -2.4006226e-16 -1.486915144e-16)
(4 -1.417698057e-16 2.320658955e-16)
(4 -1.601593354e-16 8.890777911e-17)
(4 -2.52357199e-16 2.05467297e-16)
(4 4.783589193e-16 1.182723054e-18)
(4 -4.025523878e-16 7.809441352e-17)
(4 7.369739938e-16 1.827649973e-16)
(4 -1.48899145e-15 3.99442967e-17)
(4 5.62749457e-16 -1.769651021e-16)
(4 2.791141649e-17 4.266350817e-17)
(4 6.284218009e-16 1.217646023e-16)
(4 1.170867328e-16 2.026753217e-16)
(4 1.911309903e-16 1.217777559e-16)
(4 8.628043806e-17 -1.410615669e-17)
(4 -6.27247534e-17 9.56113175e-17)
(4 -1.547513544e-16 1.029029959e-16)
(4 -1.098643345e-16 2.068452753e-17)
(4 3.769864075e-17 6.27766416e-17)
(4 1.65184487e-16 -1.357163051e-16)
(4 -3.854979317e-17 4.418611199e-17)
(4 2.509718629e-17 -5.877801085e-17)
(4 2.095547729e-17 8.840212497e-17)
(4 -5.753130259e-17 -6.533691609e-18)
(4 -1.197179986e-17 -1.221603208e-16)
(4 1.383383316e-16 -1.929859755e-16)
(4 -6.060408294e-17 2.153654866e-16)
(4 -4.485043195e-16 9.63610611e-17)
(4 2.400129735e-16 5.366850106e-17)
(4 1.151236605e-16 6.504660654e-17)
(4 -3.692756268e-17 1.715038651e-16)
(4 -1.255697341e-16 9.256042061e-17)
(4 -2.346717724e-16 -1.921543549e-19)
(4 2.61541008e-16 1.308552788e-16)
(4 -3.580227794e-16 3.314919087e-17)
(4 6.768227394e-16 8.687472827e-17)
(4 -7.210633395e-16 -2.027000464e-16)
(4 4.811395919e-16 -6.292860874e-17)
(4 4.917341332e-17 1.022319229e-16)
(4 -3.445929732e-17 1.407256919e-16)
(4 1.061414848e-16 -3.948814906e-17)
(4 -1.792297327e-16 -1.42900331e-16)
(4 -2.420959192e-17 2.492217714e-16)
(4 -3.28982914e-16 -2.081648247e-16)
(4 9.704021073e-16 -1.284644943e-16)
(4 -8.942226397e-16 3.10869979e-16)
(4 5.618388431e-16 1.138663269e-16)
(4 -1.160622062e-15 1.563316089e-18)
(4 8.166983892e-16 -2.644452259e-16)
(4 -2.187347545e-17 -7.213271874e-17)
(4 7.877300592e-18 -6.557977699e-17)
(4 -1.553435182e-16 -1.248561429e-16)
(4 -4.961801012e-17 -6.238837913e-17)
(4 1.74211775e-17 -4.169475758e-18)
(4 1.886120832e-17 -7.765194433e-17)
(4 -1.980922181e-16 5.085484617e-17)
(4 -7.54758618e-18 -5.036460202e-17)
(4 1.385182127e-17 2.771842159e-17)
(4 -3.055927378e-16 -1.528908096e-17)
(4 5.375579093e-16 4.892807891e-16)
(4 3.433699814e-15 1.336382299e-15)
(4 3.049180171e-14 1.424553709e-14)
(4 2.481081755e-13 1.027429097e-13)
(4 1.795131176e-12 7.161526119e-13)
(4 1.216947819e-11 4.655734391e-12)
(4 7.718191564e-11 2.823156424e-11)
(4.000000001 4.564373066e-10 1.590524542e-10)
(4.000000003 2.509501404e-09 8.29877005e-10)
(4.000000016 1.279272365e-08 3.999179862e-09)
(4.000000081 6.033337467e-08 1.776166222e-08)
(4.000000369 2.628378251e-07 7.259655627e-08)
(4.000001558 1.056709918e-06 2.728484573e-07)
(4.000006091 3.919544793e-06 9.427800962e-07)
(4.000022041 1.341651847e-05 2.995722306e-06)
(4.000073912 4.241065709e-05 8.759282832e-06)
(4.000229911 0.0001239358079 2.358782253e-05)
(4.000664303 0.000335250092 5.855875922e-05)
(4.001785803 0.0008406755984 0.0001341613583)
(4.004474348 0.001957304786 0.0002839346113)
(4.010468335 0.004238057431 0.0005555572253)
(4.022916006 0.008548121625 0.001005598159)
(4.047033452 0.01608737419 0.001684319769)
(4.090698752 0.02829538647 0.002609974136)
(4.164690397 0.04658568681 0.003738136962)
(4.282216234 0.07190646197 0.004938582485)
(4.457456316 0.1042110654 0.005995584931)
(4.703101521 0.1420107063 0.006642963183)
(5.027264154 0.1822213129 0.006631873909)
(5.430521463 0.2204633921 0.005812285356)
(5.904033596 0.2518261884 0.004197402714)
(6.429512384 0.2719195824 0.001982148872)
(6.981312281 0.2778973912 -0.0004965891358)
(7.530245944 0.2691188468 -0.00284621566)
(8.048165907 0.2472371349 -0.004720125177)
(8.512132629 0.2157106077 -0.005898814588)
(8.907184654 0.178928979 -0.006325375519)
(9.227230957 0.1412505696 -0.006090526143)
(9.474174054 0.1062271833 -0.005381266791)
(9.655821165 0.07617984208 -0.004416865228)
)
;

boundaryField
{
    left
    {
        type            dirichlet;
        value           uniform (4 0 0);
    }
    right
    {
        type            dirichlet;
        value           uniform (4 0 0);
    }
    sides
    {
        type            empty;
    }
}


// ************************************************************************* //
