/*--------------------------------*- C++ -*----------------------------------*\
| =========                 |                                                 |
| \\      /  F ield         | foam-extend: Open Source CFD                    |
|  \\    /   O peration     | Version:     4.1                                |
|   \\  /    A nd           | Web:         http://www.foam-extend.org         |
|    \\/     M anipulation  |                                                 |
\*---------------------------------------------------------------------------*/
FoamFile
{
    version     2.0;
    format      ascii;
    class       cellScalarField;
    location    "22.4";
    object      T;
}
// * * * * * * * * * * * * * * * * * * * * * * * * * * * * * * * * * * * * * //

dimensions      [0 0 0 0 1 0 0];

internalField   nonuniform 
100
(
(4 -5.703630593e-17 1.624202108e-17)
(4 1.215093347e-17 7.739920347e-17)
(4 5.37022905e-18 2.028908487e-16)
(4 1.739561465e-17 1.328513452e-16)
(4 -1.158197582e-16 1.124182025e-16)
(4 -3.87679113e-16 -2.198527184e-16)
(4 2.894867133e-16 -6.813626415e-17)
(4 -3.011944753e-16 -2.678195798e-18)
(4 8.80873824e-16 2.646234931e-17)
(4 -1.223050431e-15 7.804980887e-18)
(4 1.910592975e-16 8.807710894e-17)
(4 4.64504767e-16 -1.479642658e-16)
(4 -3.194808593e-17 6.528583562e-17)
(4 -4.338402765e-16 -3.359387702e-17)
(4 8.968001883e-16 8.601908944e-17)
(4 -1.096848697e-15 5.251744004e-18)
(4 1.057773568e-15 -6.487004046e-17)
(4 -6.261312097e-16 6.984257682e-18)
(4 1.032691536e-16 -1.24778239e-16)
(4 -7.459975055e-17 -1.291268074e-17)
(4 1.700773114e-17 -7.125124313e-17)
(4 1.537320268e-15 3.28540752e-16)
(4 2.127675347e-15 -1.504527926e-16)
(4 1.651190082e-14 1.075169132e-14)
(4 2.587282701e-13 1.497890823e-13)
(4 3.510682515e-12 1.947556429e-12)
(4 4.345199232e-11 2.312737661e-11)
(4 4.931645984e-10 2.517435349e-10)
(4.000000005 5.111030353e-09 2.478451768e-09)
(4.000000048 4.774692497e-08 2.183042808e-08)
(4.000000414 3.993919916e-07 1.709883612e-07)
(4.000003208 2.962000626e-06 1.170347141e-06)
(4.000021902 1.910080756e-05 6.826631511e-06)
(4.000129448 0.0001049785939 3.328646473e-05)
(4.000654134 0.000485906242 0.0001345160585)
(4.002813323 0.001888638693 0.0004503075736)
(4.010317073 0.006184204384 0.001253157549)
(4.032449549 0.01716791851 0.002912232305)
(4.088228947 0.04071409843 0.005671078629)
(4.209226133 0.08312823315 0.009258875253)
(4.436771883 0.1472282282 0.01260969035)
(4.810311281 0.2277876129 0.01408803706)
(5.349032945 0.3098826395 0.01232223147)
(6.035685196 0.372911076 0.00716375236)
(6.813447537 0.3991783025 9.940614579e-06)
(7.600339529 0.3820472763 -0.006849918408)
(8.314850257 0.3284996127 -0.01142203974)
(8.899721789 0.2548961267 -0.01289734505)
(9.333118086 0.1792365808 -0.01174016393)
(9.6249915 0.114668908 -0.009122323024)
(9.804303473 0.06699608456 -0.006218760197)
(9.905152041 0.03587449421 -0.003779986204)
(9.957252825 0.01766566076 -0.002071091982)
(9.98205766 0.008025847853 -0.001031188252)
(9.992974334 0.003374564714 -0.0004695515696)
(9.997428805 0.00131705358 -0.0001965824649)
(9.999118829 0.0004785075954 -7.601719355e-05)
(9.99971665 0.0001622802224 -2.726109201e-05)
(9.999914338 5.150846224e-05 -9.099630266e-06)
(9.999975604 1.534008944e-05 -2.836621332e-06)
(9.999993442 4.29705112e-06 -8.283484225e-07)
(9.999998333 1.134806637e-06 -2.272493906e-07)
(9.999999598 2.831763874e-07 -5.872654503e-08)
(9.999999908 6.691323969e-08 -1.43318475e-08)
(9.99999998 1.500324359e-08 -3.310834899e-09)
(9.999999996 3.198436117e-09 -7.256284724e-10)
(9.999999999 6.495230372e-10 -1.512021027e-10)
(10 1.258773998e-10 -3.001623185e-11)
(10 2.33183923e-11 -5.686562678e-12)
(10 4.136444598e-12 -1.030107754e-12)
(10 7.029517476e-13 -1.798506212e-13)
(10 1.127720165e-13 -2.853158919e-14)
(10 1.920311485e-14 -3.589970992e-15)
(10 2.338228121e-15 -1.963226002e-15)
(10 -7.638041883e-17 -3.136338255e-16)
(10 5.315069596e-16 8.089238578e-17)
(10 2.403748372e-17 6.09513745e-16)
(10 -6.051806316e-16 3.529253052e-16)
(10 4.976046351e-16 -4.033638624e-16)
(10 -2.929405419e-17 1.536926098e-16)
(10 -4.49511279e-16 1.323821747e-16)
(10 4.162440409e-16 -1.655682917e-16)
(10 -2.832431612e-16 -2.896554578e-17)
(10 1.181939015e-17 4.565455288e-16)
(10 -4.671210759e-16 3.572557703e-16)
(10 -2.395688978e-16 -1.952393812e-17)
(10 -4.274392662e-16 2.170619886e-16)
(10 -7.341675505e-17 5.327044446e-16)
(10 4.898217877e-17 -1.282349932e-17)
(10 2.722339015e-16 -2.732654141e-16)
(10 -8.449244665e-17 -1.286249216e-17)
(10 -3.709008297e-16 -9.785064061e-17)
(10 -1.755406897e-16 -2.055451721e-16)
(10 4.251635224e-16 4.752854955e-16)
(10 3.407813861e-17 3.381997748e-16)
(10 -3.730597572e-16 8.124689304e-16)
(10 8.544043294e-17 3.263565521e-16)
(10 -3.356587383e-16 -1.524869576e-16)
(10 2.299571213e-16 -2.868034349e-16)
(10 -1.554815697e-15 3.0826816e-15)
)
;

boundaryField
{
    left
    {
        type            dirichlet;
        value           uniform (4 0 0);
    }
    right
    {
        type            dirichlet;
        value           uniform (4 0 0);
    }
    sides
    {
        type            empty;
    }
}


// ************************************************************************* //
