/*--------------------------------*- C++ -*----------------------------------*\
| =========                 |                                                 |
| \\      /  F ield         | foam-extend: Open Source CFD                    |
|  \\    /   O peration     | Version:     4.1                                |
|   \\  /    A nd           | Web:         http://www.foam-extend.org         |
|    \\/     M anipulation  |                                                 |
\*---------------------------------------------------------------------------*/
FoamFile
{
    version     2.0;
    format      ascii;
    class       cellScalarField;
    location    "18.1";
    object      T;
}
// * * * * * * * * * * * * * * * * * * * * * * * * * * * * * * * * * * * * * //

dimensions      [0 0 0 0 1 0 0];

internalField   nonuniform 
100
(
(4 -5.703630593e-17 1.624202108e-17)
(4 -1.484117982e-16 5.347868685e-17)
(4 -3.991832431e-17 6.366983667e-17)
(4 -1.363924473e-16 -6.892004946e-17)
(4 4.091624202e-17 1.074354542e-20)
(4 -5.273539375e-16 1.526878543e-16)
(4 5.707374163e-16 -2.369664616e-17)
(4 -5.360956086e-16 3.519215655e-16)
(4 1.095796145e-15 -2.813783606e-16)
(4 -1.46325361e-15 -9.857607006e-17)
(4 2.566610928e-16 2.983323417e-16)
(4 1.304042277e-15 1.591144151e-16)
(4 -6.340151132e-16 1.332331163e-16)
(4 2.305600141e-15 -5.538941541e-16)
(4 -4.796915948e-17 -8.815878157e-18)
(4 -1.044973e-16 2.964608644e-16)
(4 5.52901345e-15 4.159476719e-15)
(4 1.075203474e-13 6.5491054e-14)
(4 1.773358819e-12 1.10065047e-12)
(4 2.792622578e-11 1.630085461e-11)
(4 3.822879298e-10 2.129430301e-10)
(4.000000004 4.793705248e-09 2.574914901e-09)
(4.000000051 5.436495406e-08 2.739041067e-08)
(4.000000529 5.407302592e-07 2.548144986e-07)
(4.000004831 4.747119376e-06 2.082705165e-06)
(4.00003875 3.619974703e-05 1.435486198e-05)
(4.000265087 0.000229983728 7.957763516e-05)
(4.001502214 0.001180827693 0.0003470726274)
(4.006963949 0.004858172442 0.001188822093)
(4.026461424 0.01610216987 0.003218942461)
(4.083228699 0.04347542511 0.006939380862)
(4.21954898 0.09682616576 0.01194877751)
(4.492669912 0.1800577492 0.01633784874)
(4.954191594 0.2827226868 0.01727808423)
(5.618524331 0.3786446804 0.01291467013)
(6.440482239 0.4365001394 0.004089230559)
(7.321807846 0.4367169756 -0.005848826287)
(8.146868975 0.3820686241 -0.01314729479)
(8.825875073 0.2943084146 -0.01585745714)
(9.320242789 0.2008876485 -0.01445653527)
(9.640557646 0.122228341 -0.01085335267)
(9.826275981 0.06666146446 -0.006965708814)
(9.923135874 0.03275948393 -0.00390354182)
(9.968800873 0.01457837792 -0.001937094652)
(9.988353418 0.005902426005 -0.0008601099786)
(9.995990637 0.002183930213 -0.0003445520314)
(9.998723517 0.0007416131859 -0.000125386498)
(9.999623047 0.0002320609156 -4.169999129e-05)
(9.999896446 6.71713606e-05 -1.274121241e-05)
(9.999973459 1.805159563e-05 -3.593768639e-06)
(9.999993635 4.519716548e-06 -9.398277536e-07)
(9.999998568 1.057819778e-06 -2.287963693e-07)
(9.999999697 2.321593799e-07 -5.204366826e-08)
(9.999999939 4.792201267e-08 -1.109959047e-08)
(9.999999989 9.330215495e-09 -2.226733506e-09)
(9.999999998 1.718007769e-09 -4.214648786e-10)
(10 2.999507353e-10 -7.547766334e-11)
(10 4.977471854e-11 -1.282304885e-11)
(10 7.871015905e-12 -2.072795144e-12)
(10 1.187447016e-12 -3.201890977e-13)
(10 1.675384355e-13 -4.663555325e-14)
(10 2.213389597e-14 -5.609046727e-15)
(10 4.536052064e-15 -1.649314346e-15)
(10 -6.893576829e-16 2.839240041e-16)
(10 2.74199852e-16 -1.980706565e-16)
(10 4.222537439e-17 -9.727359221e-17)
(10 9.839565817e-17 -4.904287297e-16)
(10 -8.031459627e-17 4.668160616e-16)
(10 4.646435328e-16 6.561352829e-17)
(10 -4.178091059e-16 -1.725403295e-16)
(10 -7.541353087e-18 4.911577668e-17)
(10 -4.257908122e-16 2.453331854e-16)
(10 5.062322737e-17 -4.811788095e-17)
(10 -1.406912407e-16 -5.167881338e-16)
(10 5.246521183e-16 -1.796470032e-16)
(10 3.812735585e-16 -3.017029552e-16)
(10 -3.499344077e-16 -5.168767026e-16)
(10 -1.603403353e-16 -5.009485009e-16)
(10 4.956919931e-16 -8.258138876e-17)
(10 -1.535909134e-16 1.049876815e-16)
(10 -1.349917958e-16 -6.023281907e-17)
(10 2.866518576e-16 3.545892276e-16)
(10 -1.367632092e-16 5.015320441e-16)
(10 -2.797147706e-16 -8.850317665e-17)
(10 7.974940581e-17 5.250239698e-16)
(10 -2.686274807e-16 3.342907381e-16)
(10 -1.705247278e-16 1.292128352e-16)
(10 3.407439882e-16 3.112030221e-16)
(10 1.719973781e-16 1.753140845e-16)
(10 -1.601536948e-16 5.096893658e-16)
(10 -3.219524321e-16 4.395145558e-16)
(10 5.071401646e-17 -8.214833511e-17)
(10 3.661080787e-16 -4.993401599e-17)
(10 1.625324538e-18 4.801467695e-16)
(10 1.622954462e-16 -3.138747643e-16)
(10 2.680783112e-16 -2.702198239e-17)
(10 -2.583143215e-16 3.23523716e-16)
(10 -3.160295089e-17 2.951299483e-16)
(10 1.262073252e-16 -1.754898443e-16)
(10 -6.747840159e-16 3.670555786e-15)
)
;

boundaryField
{
    left
    {
        type            dirichlet;
        value           uniform (4 0 0);
    }
    right
    {
        type            dirichlet;
        value           uniform (4 0 0);
    }
    sides
    {
        type            empty;
    }
}


// ************************************************************************* //
