/*--------------------------------*- C++ -*----------------------------------*\
| =========                 |                                                 |
| \\      /  F ield         | foam-extend: Open Source CFD                    |
|  \\    /   O peration     | Version:     4.1                                |
|   \\  /    A nd           | Web:         http://www.foam-extend.org         |
|    \\/     M anipulation  |                                                 |
\*---------------------------------------------------------------------------*/
FoamFile
{
    version     2.0;
    format      ascii;
    class       cellScalarField;
    location    "0.7";
    object      T;
}
// * * * * * * * * * * * * * * * * * * * * * * * * * * * * * * * * * * * * * //

dimensions      [0 0 0 0 1 0 0];

internalField   nonuniform 
100
(
(4.323867326 0.6691664552 0.4197422785)
(7.553871236 1.972142079 -0.2804518031)
(9.738077989 0.3258572585 -0.1122855926)
(9.984892836 0.0207744263 -0.007970836711)
(9.999318599 0.0009832641269 -0.000396637155)
(9.999973035 4.015121586e-05 -1.676261781e-05)
(9.999999015 1.502683063e-06 -6.454302084e-07)
(9.999999966 5.314198627e-08 -2.342107375e-08)
(9.999999999 1.807294766e-09 -8.161608459e-10)
(10 5.975660138e-11 -2.762346568e-11)
(10 1.934849158e-12 -9.151836111e-13)
(10 6.397943853e-14 -3.028402736e-14)
(10 1.726001843e-15 -9.919888943e-16)
(10 -1.04810663e-16 4.955298353e-16)
(10 -9.98859192e-16 5.072106606e-16)
(10 1.352517982e-16 -7.661996964e-17)
(10 4.218335927e-18 -2.390146939e-18)
(10 1.3173865e-19 -7.472175725e-20)
(10 4.151151737e-21 -2.3601141e-21)
(10 1.335866912e-22 -7.624530912e-23)
(10 4.448598863e-24 -2.551688753e-24)
(10 1.546228567e-25 -8.913772981e-26)
(10 5.606073559e-27 -3.244706754e-27)
(10 2.100181424e-28 -1.218358348e-28)
(10 8.018082295e-30 -4.654463377e-30)
(10 3.078736969e-31 -1.786094625e-31)
(10 1.177151986e-32 -6.819499728e-33)
(10 4.453154658e-34 -2.575105657e-34)
(10 1.660859916e-35 -9.585102034e-36)
(10 6.097163058e-37 -3.511745631e-37)
(10 2.202301182e-38 -1.266002219e-38)
(10 7.829029918e-40 -4.49238286e-40)
(10 2.741023552e-41 -1.570174794e-41)
(10 9.459324162e-43 -5.410259047e-43)
(10 3.220674043e-44 -1.839422835e-44)
(10 1.082852335e-45 -6.176342907e-46)
(10 3.598392291e-47 -2.049955203e-47)
(10 1.182830829e-48 -6.730917991e-49)
(10 3.848962491e-50 -2.188009432e-50)
(10 1.240729702e-51 -7.046457431e-52)
(10 3.964633166e-53 -2.249653834e-53)
(10 1.256541762e-54 -7.12420614e-55)
(10 3.952140929e-56 -2.23905076e-56)
(10 1.234191801e-57 -6.987290777e-58)
(10 3.828444453e-59 -2.166026056e-59)
(10 1.180129217e-60 -6.672747137e-61)
(10 3.616323997e-62 -2.043587006e-62)
(10 1.102009084e-63 -6.224107357e-64)
(10 3.340568748e-65 -1.885786313e-65)
(10 1.007626081e-66 -5.685445437e-67)
(10 3.025091948e-68 -1.706115785e-68)
(10 9.041603476e-70 -5.097192547e-70)
(10 2.69103564e-71 -1.516458983e-71)
(10 7.977239868e-73 -4.493644441e-73)
(10 2.35575711e-74 -1.326538638e-74)
(10 6.931583176e-76 -3.901872217e-76)
(10 2.032508409e-77 -1.143750943e-77)
(10 5.940173771e-79 -3.341669976e-79)
(10 1.730601838e-80 -9.7326963e-81)
(10 5.026741137e-82 -2.826181302e-82)
(10 1.455873126e-83 -8.183140448e-84)
(10 4.204951225e-85 -2.362901124e-85)
(10 1.211290627e-86 -6.804964426e-87)
(10 3.480424895e-88 -1.954821871e-88)
(10 9.976001255e-90 -5.601870523e-90)
(10 2.852740752e-91 -1.601564745e-91)
(10 8.139329191e-93 -4.568568793e-93)
(10 2.317246076e-94 -1.300398903e-94)
(10 6.583360714e-96 -3.693756788e-96)
(10 1.866585759e-97 -1.047099459e-97)
(10 5.282069953e-99 -2.962555142e-99)
(10 1.491920682e-100 -8.366294349e-101)
(10 4.206304181e-102 -2.358391219e-102)
(10 1.183846872e-103 -6.636528898e-104)
(10 3.326255002e-105 -1.864376732e-105)
(10 9.330495617e-107 -5.228989744e-107)
(10 2.613159403e-108 -1.464252853e-108)
(10 7.307366358e-110 -4.094022343e-110)
(10 2.040376944e-111 -1.142985808e-111)
(10 5.688978414e-113 -3.186454198e-113)
(10 1.583986319e-114 -8.870938295e-115)
(10 4.404330441e-116 -2.466291794e-116)
(10 1.223029595e-117 -6.84777648e-118)
(10 3.391869743e-119 -1.898896817e-119)
(10 9.395119615e-121 -5.259150297e-121)
(10 2.599211171e-122 -1.454813472e-122)
(10 7.182430707e-124 -4.019675803e-124)
(10 1.982466622e-125 -1.109380674e-125)
(10 5.465856814e-127 -3.058365133e-127)
(10 1.505363491e-128 -8.422286778e-129)
(10 4.141594728e-130 -2.316940874e-130)
(10 1.1382791e-131 -6.367308871e-132)
(10 3.125332748e-133 -1.748091966e-133)
(10 8.572767918e-135 -4.794584236e-135)
(10 2.349274301e-136 -1.313791542e-136)
(10 6.431975937e-138 -3.596672794e-138)
(10 1.7593932e-139 -9.837485747e-140)
(10 4.808378673e-141 -2.688347635e-141)
(10 1.312988053e-142 -7.340302119e-143)
(10 -1.053830322e-15 4.557183715e-15)
)
;

boundaryField
{
    left
    {
        type            dirichlet;
        value           uniform (4 0 0);
    }
    right
    {
        type            dirichlet;
        value           uniform (4 0 0);
    }
    sides
    {
        type            empty;
    }
}


// ************************************************************************* //
