/*--------------------------------*- C++ -*----------------------------------*\
| =========                 |                                                 |
| \\      /  F ield         | foam-extend: Open Source CFD                    |
|  \\    /   O peration     | Version:     4.1                                |
|   \\  /    A nd           | Web:         http://www.foam-extend.org         |
|    \\/     M anipulation  |                                                 |
\*---------------------------------------------------------------------------*/
FoamFile
{
    version     2.0;
    format      ascii;
    class       cellScalarField;
    location    "47.6";
    object      T;
}
// * * * * * * * * * * * * * * * * * * * * * * * * * * * * * * * * * * * * * //

dimensions      [0 0 0 0 1 0 0];

internalField   nonuniform 
100
(
(4 -5.703630593e-17 1.624202108e-17)
(4 -2.227551532e-16 1.701601597e-16)
(4 9.456149667e-17 -2.04750807e-17)
(4 -9.387907185e-17 -1.226114845e-16)
(4 2.269231063e-17 -1.386136572e-16)
(4 -4.235306052e-16 -2.542050787e-17)
(4 4.501490555e-16 9.210039042e-17)
(4 -3.064758211e-16 4.017242256e-18)
(4 7.629494932e-16 6.294010182e-17)
(4 -1.438421859e-15 -2.75793507e-17)
(4 2.103371014e-16 1.048542217e-16)
(4 -1.806766381e-16 -2.056076059e-16)
(4 1.313105806e-15 -1.833827727e-16)
(4 -4.037446183e-16 9.514984678e-17)
(4 1.416275402e-16 2.39305255e-17)
(4 5.813347983e-18 -6.6522255e-18)
(4 1.125474463e-16 -1.185249139e-16)
(4 1.321676769e-17 1.974893236e-16)
(4 -1.038955736e-16 1.160127161e-16)
(4 8.87371746e-18 6.038223008e-17)
(4 -4.505679919e-17 -3.888260212e-17)
(4 -4.107794139e-17 6.15835904e-17)
(4 -9.58277377e-17 1.885963872e-17)
(4 -1.904922644e-16 1.112321421e-17)
(4 7.024561362e-17 -1.477867958e-17)
(4 7.017141022e-17 -1.375982595e-16)
(4 8.098957767e-17 4.48340078e-17)
(4 -2.392479494e-16 2.655035873e-16)
(4 -5.71534057e-16 1.99234114e-16)
(4 3.71291306e-16 1.156759032e-16)
(4 -4.079858432e-17 1.770019396e-16)
(4 5.555501058e-17 -4.792115444e-17)
(4 -1.520956804e-16 -1.663982601e-17)
(4 -4.005320936e-16 2.798152861e-16)
(4 4.217147839e-16 8.155866004e-17)
(4 -4.821049084e-16 7.542314604e-17)
(4 8.372998143e-16 -1.616757412e-17)
(4 -9.02159889e-16 2.722360947e-16)
(4 4.480444344e-16 -1.032521417e-16)
(4 -1.405198615e-16 -1.341426338e-17)
(4 6.125239759e-17 -9.332929629e-17)
(4 -5.334942486e-18 -2.509615098e-17)
(4 5.950079407e-18 3.688917488e-16)
(4 -2.559802352e-16 1.565326305e-17)
(4 -2.506127883e-16 1.200034771e-16)
(4 5.326335367e-16 2.861099926e-16)
(4 -1.006101508e-15 -1.711954276e-16)
(4 1.142829542e-15 -2.045767149e-16)
(4 -9.394359801e-16 -2.064176697e-16)
(4 5.29437824e-16 1.972595379e-17)
(4 1.567527886e-17 1.455487224e-16)
(4 -1.420256464e-16 4.351444578e-17)
(4 -5.163076392e-17 -2.212997453e-17)
(4 5.126828628e-17 -1.79726892e-16)
(4 -5.81979146e-17 1.943113586e-16)
(4 -1.154738414e-16 -1.494450101e-16)
(4 9.364648655e-17 2.799316568e-16)
(4 -3.294074394e-17 -3.29287088e-17)
(4 -1.832160273e-16 -1.49595861e-16)
(4 1.147429598e-16 -1.87421483e-16)
(4 1.615628769e-16 1.173756668e-16)
(4 -7.966443077e-18 5.786090017e-17)
(4 1.634291641e-17 4.051097946e-16)
(4 2.320464032e-15 1.161304911e-15)
(4 2.102803761e-14 1.038952042e-14)
(4 1.746633719e-13 7.067917615e-14)
(4 1.23342309e-12 4.881753613e-13)
(4 8.267958711e-12 3.141782674e-12)
(4 5.190852383e-11 1.886686991e-11)
(4 3.042811675e-10 1.054654696e-10)
(4.000000002 1.661303524e-09 5.470965769e-10)
(4.000000011 8.42674627e-09 2.62704176e-09)
(4.000000053 3.963029339e-08 1.165347992e-08)
(4.000000242 1.725486493e-07 4.769066531e-08)
(4.000001024 6.949173796e-07 1.79914279e-07)
(4.000004012 2.587982784e-06 6.255389868e-07)
(4.000014586 8.914261108e-06 2.004915111e-06)
(4.000049232 2.841684206e-05 5.926988421e-06)
(4.000154437 8.39160485e-05 1.617384454e-05)
(4.000450802 0.00022983158 4.077902692e-05)
(4.001226289 0.0005846006726 9.508877475e-05)
(4.003113761 0.001383026042 0.000205258906)
(4.00739313 0.003047799506 0.0004105079982)
(4.016444719 0.006266181235 0.0007611597822)
(4.034333229 0.01203806087 0.001308983456)
(4.067414586 0.0216429676 0.002087833774)
(4.124746757 0.03647045966 0.00308684371)
(4.217997491 0.05768615059 0.004224531274)
(4.360545684 0.08576925488 0.00533711627)
(4.565626931 0.120040081 0.006194021306)
(4.843678749 0.1583582817 0.006545459272)
(5.199410999 0.1971700499 0.00619293094)
(5.629404748 0.2319922441 0.005059757236)
(6.12106843 0.2582655636 0.003233479447)
(6.653482436 0.2723519107 0.0009597414672)
(7.200117853 0.2723695968 -0.00141421066)
(7.732825217 0.2585999086 -0.003527711704)
(8.226093137 0.2333466826 -0.005095434603)
(8.66052991 0.2003207686 -0.00596713549)
(9.024824412 0.1637703778 -0.00614252979)
)
;

boundaryField
{
    left
    {
        type            dirichlet;
        value           uniform (4 0 0);
    }
    right
    {
        type            dirichlet;
        value           uniform (4 0 0);
    }
    sides
    {
        type            empty;
    }
}


// ************************************************************************* //
