/*--------------------------------*- C++ -*----------------------------------*\
| =========                 |                                                 |
| \\      /  F ield         | foam-extend: Open Source CFD                    |
|  \\    /   O peration     | Version:     4.1                                |
|   \\  /    A nd           | Web:         http://www.foam-extend.org         |
|    \\/     M anipulation  |                                                 |
\*---------------------------------------------------------------------------*/
FoamFile
{
    version     2.0;
    format      ascii;
    class       volVectorField;
    location    "0";
    object      U;
}
// * * * * * * * * * * * * * * * * * * * * * * * * * * * * * * * * * * * * * //

dimensions      [0 1 -1 0 0 0 0];

internalField   nonuniform List<vector> 
2025
(
(-0.00977777777778 -0 -0)
(-0.00977777777778 -0 -0)
(-0.00977777777778 -0 -0)
(-0.00977777777778 -0 -0)
(-0.00977777777778 -0 -0)
(-0.00977777777778 -0 -0)
(-0.00977777777778 -0 -0)
(-0.00977777777778 -0 -0)
(-0.00977777777778 -0 -0)
(-0.00977777777778 -0 -0)
(-0.00977777777778 -0 -0)
(-0.00977777777778 -0 -0)
(-0.00977777777778 -0 -0)
(-0.00977777777778 -0 -0)
(-0.00977777777778 -0 -0)
(-0.00977777777778 -0 -0)
(-0.00977777777778 -0 -0)
(-0.00977777777778 -0 -0)
(-0.00977777777778 -0 -0)
(-0.00977777777778 -0 -0)
(-0.00977777777778 -0 -0)
(-0.00977777777778 -0 -0)
(-0.00977777777778 -0 -0)
(-0.00977777777778 -0 -0)
(-0.00977777777778 -0 -0)
(-0.00977777777778 -0 -0)
(-0.00977777777778 -0 -0)
(-0.00977777777778 -0 -0)
(-0.00977777777778 -0 -0)
(-0.00977777777778 -0 -0)
(-0.00977777777778 -0 -0)
(-0.00977777777778 -0 -0)
(-0.00977777777778 -0 -0)
(-0.00977777777778 -0 -0)
(-0.00977777777778 -0 -0)
(-0.00977777777778 -0 -0)
(-0.00977777777778 -0 -0)
(-0.00977777777778 -0 -0)
(-0.00977777777778 -0 -0)
(-0.00977777777778 -0 -0)
(-0.00977777777778 -0 -0)
(-0.00977777777778 -0 -0)
(-0.00977777777778 -0 -0)
(-0.00977777777778 -0 -0)
(-0.00977777777778 -0 -0)
(-0.00933333333334 -0 -0)
(-0.00933333333333 -0 -0)
(-0.00933333333334 -0 -0)
(-0.00933333333334 -0 -0)
(-0.00933333333333 -0 -0)
(-0.00933333333334 -0 -0)
(-0.00933333333334 -0 -0)
(-0.00933333333333 -0 -0)
(-0.00933333333334 -0 -0)
(-0.00933333333334 -0 -0)
(-0.00933333333334 -0 -0)
(-0.00933333333334 -0 -0)
(-0.00933333333333 -0 -0)
(-0.00933333333333 -0 -0)
(-0.00933333333334 -0 -0)
(-0.00933333333334 -0 -0)
(-0.00933333333333 -0 -0)
(-0.00933333333333 -0 -0)
(-0.00933333333334 -0 -0)
(-0.00933333333334 -0 -0)
(-0.00933333333333 -0 -0)
(-0.00933333333334 -0 -0)
(-0.00933333333334 -0 -0)
(-0.00933333333334 -0 -0)
(-0.00933333333333 -0 -0)
(-0.00933333333333 -0 -0)
(-0.00933333333333 -0 -0)
(-0.00933333333334 -0 -0)
(-0.00933333333334 -0 -0)
(-0.00933333333333 -0 -0)
(-0.00933333333334 -0 -0)
(-0.00933333333333 -0 -0)
(-0.00933333333333 -0 -0)
(-0.00933333333333 -0 -0)
(-0.00933333333334 -0 -0)
(-0.00933333333334 -0 -0)
(-0.00933333333334 -0 -0)
(-0.00933333333333 -0 -0)
(-0.00933333333334 -0 -0)
(-0.00933333333334 -0 -0)
(-0.00933333333333 -0 -0)
(-0.00933333333334 -0 -0)
(-0.00933333333334 -0 -0)
(-0.00933333333333 -0 -0)
(-0.00933333333333 -0 -0)
(-0.00888888888889 -0 -0)
(-0.00888888888889 -0 -0)
(-0.00888888888889 -0 -0)
(-0.00888888888889 -0 -0)
(-0.00888888888889 -0 -0)
(-0.00888888888889 -0 -0)
(-0.00888888888889 -0 -0)
(-0.00888888888889 -0 -0)
(-0.00888888888889 -0 -0)
(-0.00888888888889 -0 -0)
(-0.00888888888889 -0 -0)
(-0.00888888888889 -0 -0)
(-0.00888888888889 -0 -0)
(-0.00888888888889 -0 -0)
(-0.00888888888889 -0 -0)
(-0.00888888888889 -0 -0)
(-0.00888888888889 -0 -0)
(-0.00888888888889 -0 -0)
(-0.00888888888889 -0 -0)
(-0.00888888888889 -0 -0)
(-0.00888888888889 -0 -0)
(-0.00888888888889 -0 -0)
(-0.00888888888889 -0 -0)
(-0.00888888888889 -0 -0)
(-0.00888888888889 -0 -0)
(-0.00888888888889 -0 -0)
(-0.00888888888889 -0 -0)
(-0.00888888888889 -0 -0)
(-0.00888888888889 -0 -0)
(-0.00888888888889 -0 -0)
(-0.00888888888889 -0 -0)
(-0.00888888888889 -0 -0)
(-0.00888888888889 -0 -0)
(-0.00888888888889 -0 -0)
(-0.00888888888889 -0 -0)
(-0.00888888888889 -0 -0)
(-0.00888888888889 -0 -0)
(-0.00888888888889 -0 -0)
(-0.00888888888889 -0 -0)
(-0.00888888888889 -0 -0)
(-0.00888888888889 -0 -0)
(-0.00888888888889 -0 -0)
(-0.00888888888889 -0 -0)
(-0.00888888888889 -0 -0)
(-0.00888888888889 -0 -0)
(-0.00844444444445 -0 -0)
(-0.00844444444445 -0 -0)
(-0.00844444444445 -0 -0)
(-0.00844444444444 -0 -0)
(-0.00844444444445 -0 -0)
(-0.00844444444444 -0 -0)
(-0.00844444444445 -0 -0)
(-0.00844444444445 -0 -0)
(-0.00844444444445 -0 -0)
(-0.00844444444445 -0 -0)
(-0.00844444444445 -0 -0)
(-0.00844444444445 -0 -0)
(-0.00844444444445 -0 -0)
(-0.00844444444444 -0 -0)
(-0.00844444444445 -0 -0)
(-0.00844444444445 -0 -0)
(-0.00844444444444 -0 -0)
(-0.00844444444445 -0 -0)
(-0.00844444444444 -0 -0)
(-0.00844444444445 -0 -0)
(-0.00844444444445 -0 -0)
(-0.00844444444445 -0 -0)
(-0.00844444444445 -0 -0)
(-0.00844444444445 -0 -0)
(-0.00844444444445 -0 -0)
(-0.00844444444444 -0 -0)
(-0.00844444444445 -0 -0)
(-0.00844444444444 -0 -0)
(-0.00844444444445 -0 -0)
(-0.00844444444444 -0 -0)
(-0.00844444444444 -0 -0)
(-0.00844444444445 -0 -0)
(-0.00844444444444 -0 -0)
(-0.00844444444445 -0 -0)
(-0.00844444444445 -0 -0)
(-0.00844444444445 -0 -0)
(-0.00844444444445 -0 -0)
(-0.00844444444445 -0 -0)
(-0.00844444444445 -0 -0)
(-0.00844444444445 -0 -0)
(-0.00844444444445 -0 -0)
(-0.00844444444445 -0 -0)
(-0.00844444444445 -0 -0)
(-0.00844444444445 -0 -0)
(-0.00844444444445 -0 -0)
(-0.008 -0 -0)
(-0.008 -0 -0)
(-0.008 -0 -0)
(-0.008 -0 -0)
(-0.008 -0 -0)
(-0.008 -0 -0)
(-0.008 -0 -0)
(-0.008 -0 -0)
(-0.008 -0 -0)
(-0.008 -0 -0)
(-0.008 -0 -0)
(-0.008 -0 -0)
(-0.008 -0 -0)
(-0.008 -0 -0)
(-0.008 -0 -0)
(-0.008 -0 -0)
(-0.008 -0 -0)
(-0.008 -0 -0)
(-0.008 -0 -0)
(-0.008 -0 -0)
(-0.008 -0 -0)
(-0.008 -0 -0)
(-0.008 -0 -0)
(-0.008 -0 -0)
(-0.008 -0 -0)
(-0.008 -0 -0)
(-0.008 -0 -0)
(-0.008 -0 -0)
(-0.008 -0 -0)
(-0.008 -0 -0)
(-0.008 -0 -0)
(-0.008 -0 -0)
(-0.008 -0 -0)
(-0.008 -0 -0)
(-0.008 -0 -0)
(-0.008 -0 -0)
(-0.008 -0 -0)
(-0.008 -0 -0)
(-0.008 -0 -0)
(-0.008 -0 -0)
(-0.008 -0 -0)
(-0.008 -0 -0)
(-0.008 -0 -0)
(-0.008 -0 -0)
(-0.008 -0 -0)
(-0.00755555555555 -0 -0)
(-0.00755555555556 -0 -0)
(-0.00755555555556 -0 -0)
(-0.00755555555555 -0 -0)
(-0.00755555555555 -0 -0)
(-0.00755555555555 -0 -0)
(-0.00755555555555 -0 -0)
(-0.00755555555555 -0 -0)
(-0.00755555555555 -0 -0)
(-0.00755555555556 -0 -0)
(-0.00755555555556 -0 -0)
(-0.00755555555556 -0 -0)
(-0.00755555555555 -0 -0)
(-0.00755555555556 -0 -0)
(-0.00755555555556 -0 -0)
(-0.00755555555555 -0 -0)
(-0.00755555555555 -0 -0)
(-0.00755555555556 -0 -0)
(-0.00755555555556 -0 -0)
(-0.00755555555556 -0 -0)
(-0.00755555555555 -0 -0)
(-0.00755555555556 -0 -0)
(-0.00755555555556 -0 -0)
(-0.00755555555555 -0 -0)
(-0.00755555555555 -0 -0)
(-0.00755555555556 -0 -0)
(-0.00755555555556 -0 -0)
(-0.00755555555556 -0 -0)
(-0.00755555555555 -0 -0)
(-0.00755555555556 -0 -0)
(-0.00755555555555 -0 -0)
(-0.00755555555556 -0 -0)
(-0.00755555555555 -0 -0)
(-0.00755555555556 -0 -0)
(-0.00755555555556 -0 -0)
(-0.00755555555556 -0 -0)
(-0.00755555555556 -0 -0)
(-0.00755555555555 -0 -0)
(-0.00755555555555 -0 -0)
(-0.00755555555556 -0 -0)
(-0.00755555555556 -0 -0)
(-0.00755555555556 -0 -0)
(-0.00755555555556 -0 -0)
(-0.00755555555555 -0 -0)
(-0.00755555555555 -0 -0)
(-0.00711111111111 -0 -0)
(-0.00711111111111 -0 -0)
(-0.00711111111111 -0 -0)
(-0.00711111111111 -0 -0)
(-0.00711111111111 -0 -0)
(-0.00711111111111 -0 -0)
(-0.00711111111111 -0 -0)
(-0.00711111111111 -0 -0)
(-0.00711111111111 -0 -0)
(-0.00711111111111 -0 -0)
(-0.00711111111111 -0 -0)
(-0.00711111111111 -0 -0)
(-0.00711111111111 -0 -0)
(-0.00711111111111 -0 -0)
(-0.00711111111111 -0 -0)
(-0.00711111111111 -0 -0)
(-0.00711111111111 -0 -0)
(-0.00711111111111 -0 -0)
(-0.00711111111111 -0 -0)
(-0.00711111111111 -0 -0)
(-0.00711111111111 -0 -0)
(-0.00711111111111 -0 -0)
(-0.00711111111111 -0 -0)
(-0.00711111111111 -0 -0)
(-0.00711111111111 -0 -0)
(-0.00711111111111 -0 -0)
(-0.00711111111111 -0 -0)
(-0.00711111111111 -0 -0)
(-0.00711111111111 -0 -0)
(-0.00711111111111 -0 -0)
(-0.00711111111111 -0 -0)
(-0.00711111111111 -0 -0)
(-0.00711111111111 -0 -0)
(-0.00711111111111 -0 -0)
(-0.00711111111111 -0 -0)
(-0.00711111111111 -0 -0)
(-0.00711111111111 -0 -0)
(-0.00711111111111 -0 -0)
(-0.00711111111111 -0 -0)
(-0.00711111111111 -0 -0)
(-0.00711111111111 -0 -0)
(-0.00711111111111 -0 -0)
(-0.00711111111111 -0 -0)
(-0.00711111111111 -0 -0)
(-0.00711111111111 -0 -0)
(-0.00666666666667 -0 -0)
(-0.00666666666667 -0 -0)
(-0.00666666666667 -0 -0)
(-0.00666666666667 -0 -0)
(-0.00666666666667 -0 -0)
(-0.00666666666667 -0 -0)
(-0.00666666666667 -0 -0)
(-0.00666666666667 -0 -0)
(-0.00666666666667 -0 -0)
(-0.00666666666667 -0 -0)
(-0.00666666666667 -0 -0)
(-0.00666666666667 -0 -0)
(-0.00666666666666 -0 -0)
(-0.00666666666666 -0 -0)
(-0.00666666666667 -0 -0)
(-0.00666666666667 -0 -0)
(-0.00666666666666 -0 -0)
(-0.00666666666667 -0 -0)
(-0.00666666666666 -0 -0)
(-0.00666666666666 -0 -0)
(-0.00666666666666 -0 -0)
(-0.00666666666667 -0 -0)
(-0.00666666666667 -0 -0)
(-0.00666666666666 -0 -0)
(-0.00666666666666 -0 -0)
(-0.00666666666666 -0 -0)
(-0.00666666666666 -0 -0)
(-0.00666666666667 -0 -0)
(-0.00666666666666 -0 -0)
(-0.00666666666667 -0 -0)
(-0.00666666666667 -0 -0)
(-0.00666666666667 -0 -0)
(-0.00666666666667 -0 -0)
(-0.00666666666667 -0 -0)
(-0.00666666666667 -0 -0)
(-0.00666666666667 -0 -0)
(-0.00666666666667 -0 -0)
(-0.00666666666667 -0 -0)
(-0.00666666666667 -0 -0)
(-0.00666666666667 -0 -0)
(-0.00666666666667 -0 -0)
(-0.00666666666667 -0 -0)
(-0.00666666666667 -0 -0)
(-0.00666666666667 -0 -0)
(-0.00666666666667 -0 -0)
(-0.00622222222222 -0 -0)
(-0.00622222222222 -0 -0)
(-0.00622222222222 -0 -0)
(-0.00622222222222 -0 -0)
(-0.00622222222222 -0 -0)
(-0.00622222222222 -0 -0)
(-0.00622222222222 -0 -0)
(-0.00622222222222 -0 -0)
(-0.00622222222222 -0 -0)
(-0.00622222222222 -0 -0)
(-0.00622222222222 -0 -0)
(-0.00622222222222 -0 -0)
(-0.00622222222222 -0 -0)
(-0.00622222222222 -0 -0)
(-0.00622222222222 -0 -0)
(-0.00622222222222 -0 -0)
(-0.00622222222222 -0 -0)
(-0.00622222222222 -0 -0)
(-0.00622222222222 -0 -0)
(-0.00622222222222 -0 -0)
(-0.00622222222222 -0 -0)
(-0.00622222222222 -0 -0)
(-0.00622222222222 -0 -0)
(-0.00622222222222 -0 -0)
(-0.00622222222222 -0 -0)
(-0.00622222222222 -0 -0)
(-0.00622222222222 -0 -0)
(-0.00622222222222 -0 -0)
(-0.00622222222222 -0 -0)
(-0.00622222222222 -0 -0)
(-0.00622222222222 -0 -0)
(-0.00622222222222 -0 -0)
(-0.00622222222222 -0 -0)
(-0.00622222222222 -0 -0)
(-0.00622222222222 -0 -0)
(-0.00622222222222 -0 -0)
(-0.00622222222222 -0 -0)
(-0.00622222222222 -0 -0)
(-0.00622222222222 -0 -0)
(-0.00622222222222 -0 -0)
(-0.00622222222222 -0 -0)
(-0.00622222222222 -0 -0)
(-0.00622222222222 -0 -0)
(-0.00622222222222 -0 -0)
(-0.00622222222222 -0 -0)
(-0.00577777777778 -0 -0)
(-0.00577777777778 -0 -0)
(-0.00577777777778 -0 -0)
(-0.00577777777778 -0 -0)
(-0.00577777777778 -0 -0)
(-0.00577777777778 -0 -0)
(-0.00577777777778 -0 -0)
(-0.00577777777778 -0 -0)
(-0.00577777777778 -0 -0)
(-0.00577777777778 -0 -0)
(-0.00577777777778 -0 -0)
(-0.00577777777778 -0 -0)
(-0.00577777777778 -0 -0)
(-0.00577777777778 -0 -0)
(-0.00577777777778 -0 -0)
(-0.00577777777778 -0 -0)
(-0.00577777777778 -0 -0)
(-0.00577777777778 -0 -0)
(-0.00577777777778 -0 -0)
(-0.00577777777778 -0 -0)
(-0.00577777777778 -0 -0)
(-0.00577777777778 -0 -0)
(-0.00577777777778 -0 -0)
(-0.00577777777778 -0 -0)
(-0.00577777777778 -0 -0)
(-0.00577777777778 -0 -0)
(-0.00577777777778 -0 -0)
(-0.00577777777778 -0 -0)
(-0.00577777777778 -0 -0)
(-0.00577777777778 -0 -0)
(-0.00577777777778 -0 -0)
(-0.00577777777778 -0 -0)
(-0.00577777777778 -0 -0)
(-0.00577777777778 -0 -0)
(-0.00577777777778 -0 -0)
(-0.00577777777778 -0 -0)
(-0.00577777777778 -0 -0)
(-0.00577777777778 -0 -0)
(-0.00577777777778 -0 -0)
(-0.00577777777778 -0 -0)
(-0.00577777777778 -0 -0)
(-0.00577777777778 -0 -0)
(-0.00577777777778 -0 -0)
(-0.00577777777778 -0 -0)
(-0.00577777777778 -0 -0)
(-0.00533333333334 -0 -0)
(-0.00533333333334 -0 -0)
(-0.00533333333333 -0 -0)
(-0.00533333333334 -0 -0)
(-0.00533333333333 -0 -0)
(-0.00533333333334 -0 -0)
(-0.00533333333334 -0 -0)
(-0.00533333333334 -0 -0)
(-0.00533333333334 -0 -0)
(-0.00533333333334 -0 -0)
(-0.00533333333334 -0 -0)
(-0.00533333333334 -0 -0)
(-0.00533333333334 -0 -0)
(-0.00533333333334 -0 -0)
(-0.00533333333334 -0 -0)
(-0.00533333333333 -0 -0)
(-0.00533333333334 -0 -0)
(-0.00533333333334 -0 -0)
(-0.00533333333334 -0 -0)
(-0.00533333333334 -0 -0)
(-0.00533333333334 -0 -0)
(-0.00533333333334 -0 -0)
(-0.00533333333334 -0 -0)
(-0.00533333333334 -0 -0)
(-0.00533333333334 -0 -0)
(-0.00533333333334 -0 -0)
(-0.00533333333334 -0 -0)
(-0.00533333333334 -0 -0)
(-0.00533333333334 -0 -0)
(-0.00533333333334 -0 -0)
(-0.00533333333334 -0 -0)
(-0.00533333333334 -0 -0)
(-0.00533333333334 -0 -0)
(-0.00533333333334 -0 -0)
(-0.00533333333334 -0 -0)
(-0.00533333333334 -0 -0)
(-0.00533333333334 -0 -0)
(-0.00533333333334 -0 -0)
(-0.00533333333334 -0 -0)
(-0.00533333333334 -0 -0)
(-0.00533333333334 -0 -0)
(-0.00533333333334 -0 -0)
(-0.00533333333334 -0 -0)
(-0.00533333333334 -0 -0)
(-0.00533333333333 -0 -0)
(-0.00488888888889 -0 -0)
(-0.00488888888889 -0 -0)
(-0.00488888888889 -0 -0)
(-0.00488888888889 -0 -0)
(-0.00488888888889 -0 -0)
(-0.00488888888889 -0 -0)
(-0.00488888888889 -0 -0)
(-0.00488888888889 -0 -0)
(-0.00488888888889 -0 -0)
(-0.00488888888889 -0 -0)
(-0.00488888888889 -0 -0)
(-0.00488888888889 -0 -0)
(-0.00488888888889 -0 -0)
(-0.00488888888889 -0 -0)
(-0.00488888888889 -0 -0)
(-0.00488888888889 -0 -0)
(-0.00488888888889 -0 -0)
(-0.00488888888889 -0 -0)
(-0.00488888888889 -0 -0)
(-0.00488888888889 -0 -0)
(-0.00488888888889 -0 -0)
(-0.00488888888889 -0 -0)
(-0.00488888888889 -0 -0)
(-0.00488888888889 -0 -0)
(-0.00488888888889 -0 -0)
(-0.00488888888889 -0 -0)
(-0.00488888888889 -0 -0)
(-0.00488888888889 -0 -0)
(-0.00488888888889 -0 -0)
(-0.00488888888889 -0 -0)
(-0.00488888888889 -0 -0)
(-0.00488888888889 -0 -0)
(-0.00488888888889 -0 -0)
(-0.00488888888889 -0 -0)
(-0.00488888888889 -0 -0)
(-0.00488888888889 -0 -0)
(-0.00488888888889 -0 -0)
(-0.00488888888889 -0 -0)
(-0.00488888888889 -0 -0)
(-0.00488888888889 -0 -0)
(-0.00488888888889 -0 -0)
(-0.00488888888889 -0 -0)
(-0.00488888888889 -0 -0)
(-0.00488888888889 -0 -0)
(-0.00488888888889 -0 -0)
(-0.00444444444444 -0 -0)
(-0.00444444444444 -0 -0)
(-0.00444444444445 -0 -0)
(-0.00444444444444 -0 -0)
(-0.00444444444444 -0 -0)
(-0.00444444444444 -0 -0)
(-0.00444444444444 -0 -0)
(-0.00444444444445 -0 -0)
(-0.00444444444444 -0 -0)
(-0.00444444444444 -0 -0)
(-0.00444444444445 -0 -0)
(-0.00444444444444 -0 -0)
(-0.00444444444445 -0 -0)
(-0.00444444444444 -0 -0)
(-0.00444444444444 -0 -0)
(-0.00444444444445 -0 -0)
(-0.00444444444445 -0 -0)
(-0.00444444444444 -0 -0)
(-0.00444444444444 -0 -0)
(-0.00444444444445 -0 -0)
(-0.00444444444445 -0 -0)
(-0.00444444444444 -0 -0)
(-0.00444444444445 -0 -0)
(-0.00444444444445 -0 -0)
(-0.00444444444445 -0 -0)
(-0.00444444444445 -0 -0)
(-0.00444444444445 -0 -0)
(-0.00444444444444 -0 -0)
(-0.00444444444444 -0 -0)
(-0.00444444444444 -0 -0)
(-0.00444444444444 -0 -0)
(-0.00444444444445 -0 -0)
(-0.00444444444444 -0 -0)
(-0.00444444444445 -0 -0)
(-0.00444444444445 -0 -0)
(-0.00444444444444 -0 -0)
(-0.00444444444445 -0 -0)
(-0.00444444444445 -0 -0)
(-0.00444444444445 -0 -0)
(-0.00444444444444 -0 -0)
(-0.00444444444444 -0 -0)
(-0.00444444444445 -0 -0)
(-0.00444444444444 -0 -0)
(-0.00444444444444 -0 -0)
(-0.00444444444445 -0 -0)
(-0.004 -0 -0)
(-0.004 -0 -0)
(-0.004 -0 -0)
(-0.004 -0 -0)
(-0.004 -0 -0)
(-0.004 -0 -0)
(-0.004 -0 -0)
(-0.004 -0 -0)
(-0.004 -0 -0)
(-0.004 -0 -0)
(-0.004 -0 -0)
(-0.004 -0 -0)
(-0.004 -0 -0)
(-0.004 -0 -0)
(-0.004 -0 -0)
(-0.004 -0 -0)
(-0.004 -0 -0)
(-0.004 -0 -0)
(-0.004 -0 -0)
(-0.004 -0 -0)
(-0.004 -0 -0)
(-0.004 -0 -0)
(-0.004 -0 -0)
(-0.004 -0 -0)
(-0.004 -0 -0)
(-0.004 -0 -0)
(-0.004 -0 -0)
(-0.004 -0 -0)
(-0.004 -0 -0)
(-0.004 -0 -0)
(-0.004 -0 -0)
(-0.004 -0 -0)
(-0.004 -0 -0)
(-0.004 -0 -0)
(-0.004 -0 -0)
(-0.004 -0 -0)
(-0.004 -0 -0)
(-0.004 -0 -0)
(-0.004 -0 -0)
(-0.004 -0 -0)
(-0.004 -0 -0)
(-0.004 -0 -0)
(-0.004 -0 -0)
(-0.004 -0 -0)
(-0.004 -0 -0)
(-0.00355555555556 -0 -0)
(-0.00355555555556 -0 -0)
(-0.00355555555555 -0 -0)
(-0.00355555555556 -0 -0)
(-0.00355555555555 -0 -0)
(-0.00355555555555 -0 -0)
(-0.00355555555556 -0 -0)
(-0.00355555555556 -0 -0)
(-0.00355555555556 -0 -0)
(-0.00355555555556 -0 -0)
(-0.00355555555556 -0 -0)
(-0.00355555555555 -0 -0)
(-0.00355555555556 -0 -0)
(-0.00355555555556 -0 -0)
(-0.00355555555556 -0 -0)
(-0.00355555555555 -0 -0)
(-0.00355555555556 -0 -0)
(-0.00355555555556 -0 -0)
(-0.00355555555555 -0 -0)
(-0.00355555555556 -0 -0)
(-0.00355555555556 -0 -0)
(-0.00355555555556 -0 -0)
(-0.00355555555556 -0 -0)
(-0.00355555555556 -0 -0)
(-0.00355555555556 -0 -0)
(-0.00355555555556 -0 -0)
(-0.00355555555555 -0 -0)
(-0.00355555555556 -0 -0)
(-0.00355555555556 -0 -0)
(-0.00355555555556 -0 -0)
(-0.00355555555556 -0 -0)
(-0.00355555555556 -0 -0)
(-0.00355555555555 -0 -0)
(-0.00355555555556 -0 -0)
(-0.00355555555556 -0 -0)
(-0.00355555555556 -0 -0)
(-0.00355555555556 -0 -0)
(-0.00355555555556 -0 -0)
(-0.00355555555556 -0 -0)
(-0.00355555555556 -0 -0)
(-0.00355555555556 -0 -0)
(-0.00355555555556 -0 -0)
(-0.00355555555556 -0 -0)
(-0.00355555555556 -0 -0)
(-0.00355555555556 -0 -0)
(-0.00311111111111 -0 -0)
(-0.00311111111111 -0 -0)
(-0.00311111111111 -0 -0)
(-0.00311111111111 -0 -0)
(-0.00311111111111 -0 -0)
(-0.00311111111111 -0 -0)
(-0.00311111111111 -0 -0)
(-0.00311111111111 -0 -0)
(-0.00311111111111 -0 -0)
(-0.00311111111111 -0 -0)
(-0.00311111111111 -0 -0)
(-0.00311111111111 -0 -0)
(-0.00311111111111 -0 -0)
(-0.00311111111111 -0 -0)
(-0.00311111111111 -0 -0)
(-0.00311111111111 -0 -0)
(-0.00311111111111 -0 -0)
(-0.00311111111111 -0 -0)
(-0.00311111111111 -0 -0)
(-0.00311111111111 -0 -0)
(-0.00311111111111 -0 -0)
(-0.00311111111111 -0 -0)
(-0.00311111111111 -0 -0)
(-0.00311111111111 -0 -0)
(-0.00311111111111 -0 -0)
(-0.00311111111111 -0 -0)
(-0.00311111111111 -0 -0)
(-0.00311111111111 -0 -0)
(-0.00311111111111 -0 -0)
(-0.00311111111111 -0 -0)
(-0.00311111111111 -0 -0)
(-0.00311111111111 -0 -0)
(-0.00311111111111 -0 -0)
(-0.00311111111111 -0 -0)
(-0.00311111111111 -0 -0)
(-0.00311111111111 -0 -0)
(-0.00311111111111 -0 -0)
(-0.00311111111111 -0 -0)
(-0.00311111111111 -0 -0)
(-0.00311111111111 -0 -0)
(-0.00311111111111 -0 -0)
(-0.00311111111111 -0 -0)
(-0.00311111111111 -0 -0)
(-0.00311111111111 -0 -0)
(-0.00311111111111 -0 -0)
(-0.00266666666666 -0 -0)
(-0.00266666666666 -0 -0)
(-0.00266666666667 -0 -0)
(-0.00266666666667 -0 -0)
(-0.00266666666666 -0 -0)
(-0.00266666666666 -0 -0)
(-0.00266666666666 -0 -0)
(-0.00266666666666 -0 -0)
(-0.00266666666666 -0 -0)
(-0.00266666666666 -0 -0)
(-0.00266666666667 -0 -0)
(-0.00266666666666 -0 -0)
(-0.00266666666666 -0 -0)
(-0.00266666666666 -0 -0)
(-0.00266666666666 -0 -0)
(-0.00266666666666 -0 -0)
(-0.00266666666666 -0 -0)
(-0.00266666666666 -0 -0)
(-0.00266666666667 -0 -0)
(-0.00266666666667 -0 -0)
(-0.00266666666667 -0 -0)
(-0.00266666666666 -0 -0)
(-0.00266666666667 -0 -0)
(-0.00266666666666 -0 -0)
(-0.00266666666667 -0 -0)
(-0.00266666666667 -0 -0)
(-0.00266666666667 -0 -0)
(-0.00266666666666 -0 -0)
(-0.00266666666667 -0 -0)
(-0.00266666666666 -0 -0)
(-0.00266666666666 -0 -0)
(-0.00266666666667 -0 -0)
(-0.00266666666666 -0 -0)
(-0.00266666666667 -0 -0)
(-0.00266666666666 -0 -0)
(-0.00266666666666 -0 -0)
(-0.00266666666666 -0 -0)
(-0.00266666666666 -0 -0)
(-0.00266666666666 -0 -0)
(-0.00266666666666 -0 -0)
(-0.00266666666667 -0 -0)
(-0.00266666666667 -0 -0)
(-0.00266666666666 -0 -0)
(-0.00266666666666 -0 -0)
(-0.00266666666666 -0 -0)
(-0.00222222222222 -0 -0)
(-0.00222222222222 -0 -0)
(-0.00222222222222 -0 -0)
(-0.00222222222222 -0 -0)
(-0.00222222222222 -0 -0)
(-0.00222222222222 -0 -0)
(-0.00222222222222 -0 -0)
(-0.00222222222222 -0 -0)
(-0.00222222222222 -0 -0)
(-0.00222222222222 -0 -0)
(-0.00222222222222 -0 -0)
(-0.00222222222222 -0 -0)
(-0.00222222222222 -0 -0)
(-0.00222222222222 -0 -0)
(-0.00222222222222 -0 -0)
(-0.00222222222222 -0 -0)
(-0.00222222222222 -0 -0)
(-0.00222222222222 -0 -0)
(-0.00222222222222 -0 -0)
(-0.00222222222222 -0 -0)
(-0.00222222222222 -0 -0)
(-0.00222222222222 -0 -0)
(-0.00222222222222 -0 -0)
(-0.00222222222222 -0 -0)
(-0.00222222222222 -0 -0)
(-0.00222222222222 -0 -0)
(-0.00222222222222 -0 -0)
(-0.00222222222222 -0 -0)
(-0.00222222222222 -0 -0)
(-0.00222222222222 -0 -0)
(-0.00222222222222 -0 -0)
(-0.00222222222222 -0 -0)
(-0.00222222222222 -0 -0)
(-0.00222222222222 -0 -0)
(-0.00222222222222 -0 -0)
(-0.00222222222222 -0 -0)
(-0.00222222222222 -0 -0)
(-0.00222222222222 -0 -0)
(-0.00222222222222 -0 -0)
(-0.00222222222222 -0 -0)
(-0.00222222222222 -0 -0)
(-0.00222222222222 -0 -0)
(-0.00222222222222 -0 -0)
(-0.00222222222222 -0 -0)
(-0.00222222222222 -0 -0)
(-0.00177777777778 -0 -0)
(-0.00177777777778 -0 -0)
(-0.00177777777778 -0 -0)
(-0.00177777777778 -0 -0)
(-0.00177777777778 -0 -0)
(-0.00177777777778 -0 -0)
(-0.00177777777778 -0 -0)
(-0.00177777777778 -0 -0)
(-0.00177777777778 -0 -0)
(-0.00177777777778 -0 -0)
(-0.00177777777778 -0 -0)
(-0.00177777777778 -0 -0)
(-0.00177777777778 -0 -0)
(-0.00177777777778 -0 -0)
(-0.00177777777778 -0 -0)
(-0.00177777777778 -0 -0)
(-0.00177777777778 -0 -0)
(-0.00177777777778 -0 -0)
(-0.00177777777778 -0 -0)
(-0.00177777777778 -0 -0)
(-0.00177777777778 -0 -0)
(-0.00177777777778 -0 -0)
(-0.00177777777778 -0 -0)
(-0.00177777777778 -0 -0)
(-0.00177777777778 -0 -0)
(-0.00177777777778 -0 -0)
(-0.00177777777778 -0 -0)
(-0.00177777777778 -0 -0)
(-0.00177777777778 -0 -0)
(-0.00177777777778 -0 -0)
(-0.00177777777778 -0 -0)
(-0.00177777777778 -0 -0)
(-0.00177777777778 -0 -0)
(-0.00177777777778 -0 -0)
(-0.00177777777778 -0 -0)
(-0.00177777777778 -0 -0)
(-0.00177777777778 -0 -0)
(-0.00177777777778 -0 -0)
(-0.00177777777778 -0 -0)
(-0.00177777777778 -0 -0)
(-0.00177777777778 -0 -0)
(-0.00177777777778 -0 -0)
(-0.00177777777778 -0 -0)
(-0.00177777777778 -0 -0)
(-0.00177777777778 -0 -0)
(-0.00133333333334 -0 -0)
(-0.00133333333334 -0 -0)
(-0.00133333333333 -0 -0)
(-0.00133333333334 -0 -0)
(-0.00133333333334 -0 -0)
(-0.00133333333334 -0 -0)
(-0.00133333333334 -0 -0)
(-0.00133333333333 -0 -0)
(-0.00133333333334 -0 -0)
(-0.00133333333334 -0 -0)
(-0.00133333333333 -0 -0)
(-0.00133333333334 -0 -0)
(-0.00133333333333 -0 -0)
(-0.00133333333334 -0 -0)
(-0.00133333333334 -0 -0)
(-0.00133333333334 -0 -0)
(-0.00133333333334 -0 -0)
(-0.00133333333334 -0 -0)
(-0.00133333333334 -0 -0)
(-0.00133333333334 -0 -0)
(-0.00133333333334 -0 -0)
(-0.00133333333333 -0 -0)
(-0.00133333333334 -0 -0)
(-0.00133333333333 -0 -0)
(-0.00133333333333 -0 -0)
(-0.00133333333334 -0 -0)
(-0.00133333333333 -0 -0)
(-0.00133333333333 -0 -0)
(-0.00133333333334 -0 -0)
(-0.00133333333334 -0 -0)
(-0.00133333333333 -0 -0)
(-0.00133333333334 -0 -0)
(-0.00133333333334 -0 -0)
(-0.00133333333334 -0 -0)
(-0.00133333333334 -0 -0)
(-0.00133333333333 -0 -0)
(-0.00133333333333 -0 -0)
(-0.00133333333334 -0 -0)
(-0.00133333333333 -0 -0)
(-0.00133333333334 -0 -0)
(-0.00133333333334 -0 -0)
(-0.00133333333334 -0 -0)
(-0.00133333333334 -0 -0)
(-0.00133333333334 -0 -0)
(-0.00133333333334 -0 -0)
(-0.000888888888889 -0 -0)
(-0.000888888888888 -0 -0)
(-0.000888888888889 -0 -0)
(-0.000888888888889 -0 -0)
(-0.000888888888888 -0 -0)
(-0.000888888888888 -0 -0)
(-0.000888888888888 -0 -0)
(-0.000888888888888 -0 -0)
(-0.000888888888888 -0 -0)
(-0.000888888888888 -0 -0)
(-0.000888888888888 -0 -0)
(-0.000888888888888 -0 -0)
(-0.000888888888888 -0 -0)
(-0.000888888888888 -0 -0)
(-0.000888888888889 -0 -0)
(-0.000888888888888 -0 -0)
(-0.000888888888889 -0 -0)
(-0.000888888888888 -0 -0)
(-0.000888888888889 -0 -0)
(-0.000888888888888 -0 -0)
(-0.000888888888888 -0 -0)
(-0.000888888888889 -0 -0)
(-0.000888888888889 -0 -0)
(-0.000888888888888 -0 -0)
(-0.000888888888888 -0 -0)
(-0.000888888888888 -0 -0)
(-0.000888888888888 -0 -0)
(-0.000888888888888 -0 -0)
(-0.000888888888888 -0 -0)
(-0.000888888888888 -0 -0)
(-0.000888888888888 -0 -0)
(-0.000888888888889 -0 -0)
(-0.000888888888888 -0 -0)
(-0.000888888888889 -0 -0)
(-0.000888888888888 -0 -0)
(-0.000888888888888 -0 -0)
(-0.000888888888888 -0 -0)
(-0.000888888888888 -0 -0)
(-0.000888888888888 -0 -0)
(-0.000888888888888 -0 -0)
(-0.000888888888888 -0 -0)
(-0.000888888888888 -0 -0)
(-0.000888888888889 -0 -0)
(-0.000888888888888 -0 -0)
(-0.000888888888889 -0 -0)
(-0.000444444444444 -0 -0)
(-0.000444444444445 -0 -0)
(-0.000444444444444 -0 -0)
(-0.000444444444445 -0 -0)
(-0.000444444444445 -0 -0)
(-0.000444444444444 -0 -0)
(-0.000444444444444 -0 -0)
(-0.000444444444444 -0 -0)
(-0.000444444444445 -0 -0)
(-0.000444444444444 -0 -0)
(-0.000444444444445 -0 -0)
(-0.000444444444444 -0 -0)
(-0.000444444444444 -0 -0)
(-0.000444444444444 -0 -0)
(-0.000444444444445 -0 -0)
(-0.000444444444445 -0 -0)
(-0.000444444444444 -0 -0)
(-0.000444444444445 -0 -0)
(-0.000444444444444 -0 -0)
(-0.000444444444444 -0 -0)
(-0.000444444444445 -0 -0)
(-0.000444444444444 -0 -0)
(-0.000444444444444 -0 -0)
(-0.000444444444444 -0 -0)
(-0.000444444444444 -0 -0)
(-0.000444444444445 -0 -0)
(-0.000444444444444 -0 -0)
(-0.000444444444444 -0 -0)
(-0.000444444444445 -0 -0)
(-0.000444444444445 -0 -0)
(-0.000444444444444 -0 -0)
(-0.000444444444444 -0 -0)
(-0.000444444444444 -0 -0)
(-0.000444444444445 -0 -0)
(-0.000444444444444 -0 -0)
(-0.000444444444444 -0 -0)
(-0.000444444444444 -0 -0)
(-0.000444444444445 -0 -0)
(-0.000444444444444 -0 -0)
(-0.000444444444445 -0 -0)
(-0.000444444444444 -0 -0)
(-0.000444444444444 -0 -0)
(-0.000444444444445 -0 -0)
(-0.000444444444445 -0 -0)
(-0.000444444444444 -0 -0)
(2.6800651847e-21 0 0)
(0 0 0)
(6.70016296175e-21 0 0)
(1.34003259232e-21 0 0)
(-1.34003259235e-21 -0 -0)
(1.34003259232e-21 0 0)
(2.6800651847e-21 0 0)
(0 0 0)
(2.6800651847e-21 0 0)
(6.70016296175e-21 0 0)
(2.68006518464e-21 0 0)
(-1.34003259235e-21 -0 -0)
(1.34003259232e-21 0 0)
(-1.34003259235e-21 -0 -0)
(-1.34003259232e-21 -0 -0)
(-2.6800651847e-21 -0 -0)
(1.34003259232e-21 0 0)
(5.3601303694e-21 0 0)
(-1.34003259235e-21 -0 -0)
(-2.68006518464e-21 -0 -0)
(1.34003259234e-21 0 0)
(1.34003259234e-21 0 0)
(0 0 0)
(0 0 0)
(0 0 0)
(-2.68006518464e-21 -0 -0)
(-2.6800651847e-21 -0 -0)
(4.02009777705e-21 0 0)
(0 0 0)
(-2.6800651847e-21 -0 -0)
(0 0 0)
(0 0 0)
(-2.68006518464e-21 -0 -0)
(-4.02009777705e-21 -0 -0)
(1.34003259232e-21 0 0)
(2.6800651847e-21 0 0)
(6.70016296175e-21 0 0)
(0 0 0)
(4.02009777705e-21 0 0)
(0 0 0)
(-2.6800651847e-21 -0 -0)
(0 0 0)
(2.6800651847e-21 0 0)
(0 0 0)
(1.34003259235e-21 0 0)
(0.000444444444444 0 0)
(0.000444444444444 0 0)
(0.000444444444444 0 0)
(0.000444444444445 0 0)
(0.000444444444445 0 0)
(0.000444444444444 0 0)
(0.000444444444445 0 0)
(0.000444444444445 0 0)
(0.000444444444445 0 0)
(0.000444444444444 0 0)
(0.000444444444445 0 0)
(0.000444444444445 0 0)
(0.000444444444444 0 0)
(0.000444444444444 0 0)
(0.000444444444445 0 0)
(0.000444444444445 0 0)
(0.000444444444445 0 0)
(0.000444444444445 0 0)
(0.000444444444444 0 0)
(0.000444444444444 0 0)
(0.000444444444445 0 0)
(0.000444444444444 0 0)
(0.000444444444444 0 0)
(0.000444444444444 0 0)
(0.000444444444445 0 0)
(0.000444444444444 0 0)
(0.000444444444445 0 0)
(0.000444444444444 0 0)
(0.000444444444444 0 0)
(0.000444444444445 0 0)
(0.000444444444444 0 0)
(0.000444444444444 0 0)
(0.000444444444444 0 0)
(0.000444444444444 0 0)
(0.000444444444445 0 0)
(0.000444444444444 0 0)
(0.000444444444444 0 0)
(0.000444444444445 0 0)
(0.000444444444445 0 0)
(0.000444444444444 0 0)
(0.000444444444444 0 0)
(0.000444444444445 0 0)
(0.000444444444444 0 0)
(0.000444444444444 0 0)
(0.000444444444444 0 0)
(0.000888888888889 0 0)
(0.000888888888888 0 0)
(0.000888888888889 0 0)
(0.000888888888889 0 0)
(0.000888888888888 0 0)
(0.000888888888889 0 0)
(0.000888888888888 0 0)
(0.000888888888888 0 0)
(0.000888888888888 0 0)
(0.000888888888889 0 0)
(0.000888888888888 0 0)
(0.000888888888888 0 0)
(0.000888888888888 0 0)
(0.000888888888888 0 0)
(0.000888888888889 0 0)
(0.000888888888888 0 0)
(0.000888888888888 0 0)
(0.000888888888889 0 0)
(0.000888888888889 0 0)
(0.000888888888889 0 0)
(0.000888888888888 0 0)
(0.000888888888888 0 0)
(0.000888888888889 0 0)
(0.000888888888889 0 0)
(0.000888888888888 0 0)
(0.000888888888889 0 0)
(0.000888888888889 0 0)
(0.000888888888889 0 0)
(0.000888888888888 0 0)
(0.000888888888888 0 0)
(0.000888888888889 0 0)
(0.000888888888888 0 0)
(0.000888888888889 0 0)
(0.000888888888888 0 0)
(0.000888888888888 0 0)
(0.000888888888888 0 0)
(0.000888888888889 0 0)
(0.000888888888888 0 0)
(0.000888888888888 0 0)
(0.000888888888888 0 0)
(0.000888888888888 0 0)
(0.000888888888888 0 0)
(0.000888888888888 0 0)
(0.000888888888888 0 0)
(0.000888888888889 0 0)
(0.00133333333334 0 0)
(0.00133333333334 0 0)
(0.00133333333334 0 0)
(0.00133333333334 0 0)
(0.00133333333334 0 0)
(0.00133333333334 0 0)
(0.00133333333334 0 0)
(0.00133333333334 0 0)
(0.00133333333334 0 0)
(0.00133333333334 0 0)
(0.00133333333334 0 0)
(0.00133333333334 0 0)
(0.00133333333333 0 0)
(0.00133333333334 0 0)
(0.00133333333333 0 0)
(0.00133333333334 0 0)
(0.00133333333334 0 0)
(0.00133333333334 0 0)
(0.00133333333334 0 0)
(0.00133333333334 0 0)
(0.00133333333334 0 0)
(0.00133333333334 0 0)
(0.00133333333334 0 0)
(0.00133333333334 0 0)
(0.00133333333334 0 0)
(0.00133333333334 0 0)
(0.00133333333333 0 0)
(0.00133333333333 0 0)
(0.00133333333334 0 0)
(0.00133333333333 0 0)
(0.00133333333333 0 0)
(0.00133333333334 0 0)
(0.00133333333334 0 0)
(0.00133333333334 0 0)
(0.00133333333334 0 0)
(0.00133333333334 0 0)
(0.00133333333334 0 0)
(0.00133333333334 0 0)
(0.00133333333334 0 0)
(0.00133333333334 0 0)
(0.00133333333334 0 0)
(0.00133333333334 0 0)
(0.00133333333334 0 0)
(0.00133333333334 0 0)
(0.00133333333334 0 0)
(0.00177777777778 0 0)
(0.00177777777778 0 0)
(0.00177777777778 0 0)
(0.00177777777778 0 0)
(0.00177777777778 0 0)
(0.00177777777778 0 0)
(0.00177777777778 0 0)
(0.00177777777778 0 0)
(0.00177777777778 0 0)
(0.00177777777778 0 0)
(0.00177777777778 0 0)
(0.00177777777778 0 0)
(0.00177777777778 0 0)
(0.00177777777778 0 0)
(0.00177777777778 0 0)
(0.00177777777778 0 0)
(0.00177777777778 0 0)
(0.00177777777778 0 0)
(0.00177777777778 0 0)
(0.00177777777778 0 0)
(0.00177777777778 0 0)
(0.00177777777778 0 0)
(0.00177777777778 0 0)
(0.00177777777778 0 0)
(0.00177777777778 0 0)
(0.00177777777778 0 0)
(0.00177777777778 0 0)
(0.00177777777778 0 0)
(0.00177777777778 0 0)
(0.00177777777778 0 0)
(0.00177777777778 0 0)
(0.00177777777778 0 0)
(0.00177777777778 0 0)
(0.00177777777778 0 0)
(0.00177777777778 0 0)
(0.00177777777778 0 0)
(0.00177777777778 0 0)
(0.00177777777778 0 0)
(0.00177777777778 0 0)
(0.00177777777778 0 0)
(0.00177777777778 0 0)
(0.00177777777778 0 0)
(0.00177777777778 0 0)
(0.00177777777778 0 0)
(0.00177777777778 0 0)
(0.00222222222222 0 0)
(0.00222222222222 0 0)
(0.00222222222222 0 0)
(0.00222222222222 0 0)
(0.00222222222222 0 0)
(0.00222222222222 0 0)
(0.00222222222222 0 0)
(0.00222222222222 0 0)
(0.00222222222222 0 0)
(0.00222222222222 0 0)
(0.00222222222222 0 0)
(0.00222222222222 0 0)
(0.00222222222222 0 0)
(0.00222222222222 0 0)
(0.00222222222222 0 0)
(0.00222222222222 0 0)
(0.00222222222222 0 0)
(0.00222222222222 0 0)
(0.00222222222222 0 0)
(0.00222222222222 0 0)
(0.00222222222222 0 0)
(0.00222222222222 0 0)
(0.00222222222222 0 0)
(0.00222222222222 0 0)
(0.00222222222222 0 0)
(0.00222222222222 0 0)
(0.00222222222222 0 0)
(0.00222222222222 0 0)
(0.00222222222222 0 0)
(0.00222222222222 0 0)
(0.00222222222222 0 0)
(0.00222222222222 0 0)
(0.00222222222222 0 0)
(0.00222222222222 0 0)
(0.00222222222222 0 0)
(0.00222222222222 0 0)
(0.00222222222222 0 0)
(0.00222222222222 0 0)
(0.00222222222222 0 0)
(0.00222222222222 0 0)
(0.00222222222222 0 0)
(0.00222222222222 0 0)
(0.00222222222222 0 0)
(0.00222222222222 0 0)
(0.00222222222222 0 0)
(0.00266666666666 0 0)
(0.00266666666666 0 0)
(0.00266666666667 0 0)
(0.00266666666667 0 0)
(0.00266666666666 0 0)
(0.00266666666667 0 0)
(0.00266666666666 0 0)
(0.00266666666667 0 0)
(0.00266666666666 0 0)
(0.00266666666667 0 0)
(0.00266666666667 0 0)
(0.00266666666666 0 0)
(0.00266666666667 0 0)
(0.00266666666666 0 0)
(0.00266666666667 0 0)
(0.00266666666667 0 0)
(0.00266666666666 0 0)
(0.00266666666667 0 0)
(0.00266666666667 0 0)
(0.00266666666667 0 0)
(0.00266666666667 0 0)
(0.00266666666667 0 0)
(0.00266666666667 0 0)
(0.00266666666667 0 0)
(0.00266666666667 0 0)
(0.00266666666667 0 0)
(0.00266666666667 0 0)
(0.00266666666666 0 0)
(0.00266666666667 0 0)
(0.00266666666667 0 0)
(0.00266666666667 0 0)
(0.00266666666666 0 0)
(0.00266666666666 0 0)
(0.00266666666666 0 0)
(0.00266666666667 0 0)
(0.00266666666667 0 0)
(0.00266666666667 0 0)
(0.00266666666667 0 0)
(0.00266666666667 0 0)
(0.00266666666667 0 0)
(0.00266666666667 0 0)
(0.00266666666667 0 0)
(0.00266666666667 0 0)
(0.00266666666667 0 0)
(0.00266666666666 0 0)
(0.00311111111111 0 0)
(0.00311111111111 0 0)
(0.00311111111111 0 0)
(0.00311111111111 0 0)
(0.00311111111111 0 0)
(0.00311111111111 0 0)
(0.00311111111111 0 0)
(0.00311111111111 0 0)
(0.00311111111111 0 0)
(0.00311111111111 0 0)
(0.00311111111111 0 0)
(0.00311111111111 0 0)
(0.00311111111111 0 0)
(0.00311111111111 0 0)
(0.00311111111111 0 0)
(0.00311111111111 0 0)
(0.00311111111111 0 0)
(0.00311111111111 0 0)
(0.00311111111111 0 0)
(0.00311111111111 0 0)
(0.00311111111111 0 0)
(0.00311111111111 0 0)
(0.00311111111111 0 0)
(0.00311111111111 0 0)
(0.00311111111111 0 0)
(0.00311111111111 0 0)
(0.00311111111111 0 0)
(0.00311111111111 0 0)
(0.00311111111111 0 0)
(0.00311111111111 0 0)
(0.00311111111111 0 0)
(0.00311111111111 0 0)
(0.00311111111111 0 0)
(0.00311111111111 0 0)
(0.00311111111111 0 0)
(0.00311111111111 0 0)
(0.00311111111111 0 0)
(0.00311111111111 0 0)
(0.00311111111111 0 0)
(0.00311111111111 0 0)
(0.00311111111111 0 0)
(0.00311111111111 0 0)
(0.00311111111111 0 0)
(0.00311111111111 0 0)
(0.00311111111111 0 0)
(0.00355555555556 0 0)
(0.00355555555556 0 0)
(0.00355555555556 0 0)
(0.00355555555555 0 0)
(0.00355555555555 0 0)
(0.00355555555555 0 0)
(0.00355555555556 0 0)
(0.00355555555556 0 0)
(0.00355555555556 0 0)
(0.00355555555556 0 0)
(0.00355555555556 0 0)
(0.00355555555556 0 0)
(0.00355555555556 0 0)
(0.00355555555556 0 0)
(0.00355555555556 0 0)
(0.00355555555556 0 0)
(0.00355555555556 0 0)
(0.00355555555556 0 0)
(0.00355555555556 0 0)
(0.00355555555556 0 0)
(0.00355555555556 0 0)
(0.00355555555555 0 0)
(0.00355555555555 0 0)
(0.00355555555555 0 0)
(0.00355555555556 0 0)
(0.00355555555555 0 0)
(0.00355555555555 0 0)
(0.00355555555556 0 0)
(0.00355555555555 0 0)
(0.00355555555556 0 0)
(0.00355555555555 0 0)
(0.00355555555556 0 0)
(0.00355555555555 0 0)
(0.00355555555556 0 0)
(0.00355555555556 0 0)
(0.00355555555556 0 0)
(0.00355555555556 0 0)
(0.00355555555556 0 0)
(0.00355555555556 0 0)
(0.00355555555556 0 0)
(0.00355555555556 0 0)
(0.00355555555556 0 0)
(0.00355555555556 0 0)
(0.00355555555556 0 0)
(0.00355555555556 0 0)
(0.004 0 0)
(0.004 0 0)
(0.004 0 0)
(0.004 0 0)
(0.004 0 0)
(0.004 0 0)
(0.004 0 0)
(0.004 0 0)
(0.004 0 0)
(0.004 0 0)
(0.004 0 0)
(0.004 0 0)
(0.004 0 0)
(0.004 0 0)
(0.004 0 0)
(0.004 0 0)
(0.004 0 0)
(0.004 0 0)
(0.004 0 0)
(0.004 0 0)
(0.004 0 0)
(0.004 0 0)
(0.004 0 0)
(0.004 0 0)
(0.004 0 0)
(0.004 0 0)
(0.004 0 0)
(0.004 0 0)
(0.004 0 0)
(0.004 0 0)
(0.004 0 0)
(0.004 0 0)
(0.004 0 0)
(0.004 0 0)
(0.004 0 0)
(0.004 0 0)
(0.004 0 0)
(0.004 0 0)
(0.004 0 0)
(0.004 0 0)
(0.004 0 0)
(0.004 0 0)
(0.004 0 0)
(0.004 0 0)
(0.004 0 0)
(0.00444444444444 0 0)
(0.00444444444444 0 0)
(0.00444444444445 0 0)
(0.00444444444445 0 0)
(0.00444444444444 0 0)
(0.00444444444445 0 0)
(0.00444444444444 0 0)
(0.00444444444444 0 0)
(0.00444444444444 0 0)
(0.00444444444444 0 0)
(0.00444444444445 0 0)
(0.00444444444444 0 0)
(0.00444444444445 0 0)
(0.00444444444444 0 0)
(0.00444444444444 0 0)
(0.00444444444444 0 0)
(0.00444444444445 0 0)
(0.00444444444444 0 0)
(0.00444444444445 0 0)
(0.00444444444444 0 0)
(0.00444444444444 0 0)
(0.00444444444444 0 0)
(0.00444444444444 0 0)
(0.00444444444445 0 0)
(0.00444444444445 0 0)
(0.00444444444445 0 0)
(0.00444444444445 0 0)
(0.00444444444445 0 0)
(0.00444444444445 0 0)
(0.00444444444444 0 0)
(0.00444444444444 0 0)
(0.00444444444444 0 0)
(0.00444444444444 0 0)
(0.00444444444444 0 0)
(0.00444444444444 0 0)
(0.00444444444444 0 0)
(0.00444444444445 0 0)
(0.00444444444444 0 0)
(0.00444444444444 0 0)
(0.00444444444444 0 0)
(0.00444444444444 0 0)
(0.00444444444445 0 0)
(0.00444444444444 0 0)
(0.00444444444445 0 0)
(0.00444444444444 0 0)
(0.00488888888889 0 0)
(0.00488888888889 0 0)
(0.00488888888889 0 0)
(0.00488888888889 0 0)
(0.00488888888889 0 0)
(0.00488888888889 0 0)
(0.00488888888889 0 0)
(0.00488888888889 0 0)
(0.00488888888889 0 0)
(0.00488888888889 0 0)
(0.00488888888889 0 0)
(0.00488888888889 0 0)
(0.00488888888889 0 0)
(0.00488888888889 0 0)
(0.00488888888889 0 0)
(0.00488888888889 0 0)
(0.00488888888889 0 0)
(0.00488888888889 0 0)
(0.00488888888889 0 0)
(0.00488888888889 0 0)
(0.00488888888889 0 0)
(0.00488888888889 0 0)
(0.00488888888889 0 0)
(0.00488888888889 0 0)
(0.00488888888889 0 0)
(0.00488888888889 0 0)
(0.00488888888889 0 0)
(0.00488888888889 0 0)
(0.00488888888889 0 0)
(0.00488888888889 0 0)
(0.00488888888889 0 0)
(0.00488888888889 0 0)
(0.00488888888889 0 0)
(0.00488888888889 0 0)
(0.00488888888889 0 0)
(0.00488888888889 0 0)
(0.00488888888889 0 0)
(0.00488888888889 0 0)
(0.00488888888889 0 0)
(0.00488888888889 0 0)
(0.00488888888889 0 0)
(0.00488888888889 0 0)
(0.00488888888889 0 0)
(0.00488888888889 0 0)
(0.00488888888889 0 0)
(0.00533333333334 0 0)
(0.00533333333334 0 0)
(0.00533333333334 0 0)
(0.00533333333334 0 0)
(0.00533333333333 0 0)
(0.00533333333333 0 0)
(0.00533333333334 0 0)
(0.00533333333334 0 0)
(0.00533333333334 0 0)
(0.00533333333334 0 0)
(0.00533333333334 0 0)
(0.00533333333334 0 0)
(0.00533333333334 0 0)
(0.00533333333334 0 0)
(0.00533333333334 0 0)
(0.00533333333333 0 0)
(0.00533333333333 0 0)
(0.00533333333334 0 0)
(0.00533333333333 0 0)
(0.00533333333334 0 0)
(0.00533333333334 0 0)
(0.00533333333334 0 0)
(0.00533333333333 0 0)
(0.00533333333334 0 0)
(0.00533333333334 0 0)
(0.00533333333334 0 0)
(0.00533333333334 0 0)
(0.00533333333334 0 0)
(0.00533333333334 0 0)
(0.00533333333334 0 0)
(0.00533333333334 0 0)
(0.00533333333334 0 0)
(0.00533333333334 0 0)
(0.00533333333334 0 0)
(0.00533333333334 0 0)
(0.00533333333334 0 0)
(0.00533333333334 0 0)
(0.00533333333334 0 0)
(0.00533333333334 0 0)
(0.00533333333334 0 0)
(0.00533333333334 0 0)
(0.00533333333334 0 0)
(0.00533333333334 0 0)
(0.00533333333334 0 0)
(0.00533333333333 0 0)
(0.00577777777778 0 0)
(0.00577777777778 0 0)
(0.00577777777778 0 0)
(0.00577777777778 0 0)
(0.00577777777778 0 0)
(0.00577777777778 0 0)
(0.00577777777778 0 0)
(0.00577777777778 0 0)
(0.00577777777778 0 0)
(0.00577777777778 0 0)
(0.00577777777778 0 0)
(0.00577777777778 0 0)
(0.00577777777778 0 0)
(0.00577777777778 0 0)
(0.00577777777778 0 0)
(0.00577777777778 0 0)
(0.00577777777778 0 0)
(0.00577777777778 0 0)
(0.00577777777778 0 0)
(0.00577777777778 0 0)
(0.00577777777778 0 0)
(0.00577777777778 0 0)
(0.00577777777778 0 0)
(0.00577777777778 0 0)
(0.00577777777778 0 0)
(0.00577777777778 0 0)
(0.00577777777778 0 0)
(0.00577777777778 0 0)
(0.00577777777778 0 0)
(0.00577777777778 0 0)
(0.00577777777778 0 0)
(0.00577777777778 0 0)
(0.00577777777778 0 0)
(0.00577777777778 0 0)
(0.00577777777778 0 0)
(0.00577777777778 0 0)
(0.00577777777778 0 0)
(0.00577777777778 0 0)
(0.00577777777778 0 0)
(0.00577777777778 0 0)
(0.00577777777778 0 0)
(0.00577777777778 0 0)
(0.00577777777778 0 0)
(0.00577777777778 0 0)
(0.00577777777778 0 0)
(0.00622222222222 0 0)
(0.00622222222222 0 0)
(0.00622222222222 0 0)
(0.00622222222222 0 0)
(0.00622222222222 0 0)
(0.00622222222222 0 0)
(0.00622222222222 0 0)
(0.00622222222222 0 0)
(0.00622222222222 0 0)
(0.00622222222222 0 0)
(0.00622222222222 0 0)
(0.00622222222222 0 0)
(0.00622222222222 0 0)
(0.00622222222222 0 0)
(0.00622222222222 0 0)
(0.00622222222222 0 0)
(0.00622222222222 0 0)
(0.00622222222222 0 0)
(0.00622222222222 0 0)
(0.00622222222222 0 0)
(0.00622222222222 0 0)
(0.00622222222222 0 0)
(0.00622222222222 0 0)
(0.00622222222222 0 0)
(0.00622222222222 0 0)
(0.00622222222222 0 0)
(0.00622222222222 0 0)
(0.00622222222222 0 0)
(0.00622222222222 0 0)
(0.00622222222222 0 0)
(0.00622222222222 0 0)
(0.00622222222222 0 0)
(0.00622222222222 0 0)
(0.00622222222222 0 0)
(0.00622222222222 0 0)
(0.00622222222222 0 0)
(0.00622222222222 0 0)
(0.00622222222222 0 0)
(0.00622222222222 0 0)
(0.00622222222222 0 0)
(0.00622222222222 0 0)
(0.00622222222222 0 0)
(0.00622222222222 0 0)
(0.00622222222222 0 0)
(0.00622222222222 0 0)
(0.00666666666667 0 0)
(0.00666666666667 0 0)
(0.00666666666667 0 0)
(0.00666666666667 0 0)
(0.00666666666666 0 0)
(0.00666666666667 0 0)
(0.00666666666666 0 0)
(0.00666666666667 0 0)
(0.00666666666667 0 0)
(0.00666666666667 0 0)
(0.00666666666667 0 0)
(0.00666666666666 0 0)
(0.00666666666667 0 0)
(0.00666666666666 0 0)
(0.00666666666667 0 0)
(0.00666666666666 0 0)
(0.00666666666666 0 0)
(0.00666666666666 0 0)
(0.00666666666666 0 0)
(0.00666666666667 0 0)
(0.00666666666666 0 0)
(0.00666666666667 0 0)
(0.00666666666667 0 0)
(0.00666666666666 0 0)
(0.00666666666666 0 0)
(0.00666666666667 0 0)
(0.00666666666667 0 0)
(0.00666666666667 0 0)
(0.00666666666667 0 0)
(0.00666666666666 0 0)
(0.00666666666667 0 0)
(0.00666666666667 0 0)
(0.00666666666667 0 0)
(0.00666666666667 0 0)
(0.00666666666667 0 0)
(0.00666666666667 0 0)
(0.00666666666667 0 0)
(0.00666666666667 0 0)
(0.00666666666667 0 0)
(0.00666666666667 0 0)
(0.00666666666667 0 0)
(0.00666666666667 0 0)
(0.00666666666667 0 0)
(0.00666666666667 0 0)
(0.00666666666667 0 0)
(0.00711111111111 0 0)
(0.00711111111111 0 0)
(0.00711111111111 0 0)
(0.00711111111111 0 0)
(0.00711111111111 0 0)
(0.00711111111111 0 0)
(0.00711111111111 0 0)
(0.00711111111111 0 0)
(0.00711111111111 0 0)
(0.00711111111111 0 0)
(0.00711111111111 0 0)
(0.00711111111111 0 0)
(0.00711111111111 0 0)
(0.00711111111111 0 0)
(0.00711111111111 0 0)
(0.00711111111111 0 0)
(0.00711111111111 0 0)
(0.00711111111111 0 0)
(0.00711111111111 0 0)
(0.00711111111111 0 0)
(0.00711111111111 0 0)
(0.00711111111111 0 0)
(0.00711111111111 0 0)
(0.00711111111111 0 0)
(0.00711111111111 0 0)
(0.00711111111111 0 0)
(0.00711111111111 0 0)
(0.00711111111111 0 0)
(0.00711111111111 0 0)
(0.00711111111111 0 0)
(0.00711111111111 0 0)
(0.00711111111111 0 0)
(0.00711111111111 0 0)
(0.00711111111111 0 0)
(0.00711111111111 0 0)
(0.00711111111111 0 0)
(0.00711111111111 0 0)
(0.00711111111111 0 0)
(0.00711111111111 0 0)
(0.00711111111111 0 0)
(0.00711111111111 0 0)
(0.00711111111111 0 0)
(0.00711111111111 0 0)
(0.00711111111111 0 0)
(0.00711111111111 0 0)
(0.00755555555555 0 0)
(0.00755555555556 0 0)
(0.00755555555555 0 0)
(0.00755555555555 0 0)
(0.00755555555555 0 0)
(0.00755555555555 0 0)
(0.00755555555555 0 0)
(0.00755555555556 0 0)
(0.00755555555555 0 0)
(0.00755555555556 0 0)
(0.00755555555556 0 0)
(0.00755555555556 0 0)
(0.00755555555556 0 0)
(0.00755555555556 0 0)
(0.00755555555556 0 0)
(0.00755555555556 0 0)
(0.00755555555555 0 0)
(0.00755555555555 0 0)
(0.00755555555555 0 0)
(0.00755555555556 0 0)
(0.00755555555556 0 0)
(0.00755555555556 0 0)
(0.00755555555556 0 0)
(0.00755555555556 0 0)
(0.00755555555556 0 0)
(0.00755555555556 0 0)
(0.00755555555556 0 0)
(0.00755555555555 0 0)
(0.00755555555556 0 0)
(0.00755555555556 0 0)
(0.00755555555555 0 0)
(0.00755555555556 0 0)
(0.00755555555555 0 0)
(0.00755555555556 0 0)
(0.00755555555556 0 0)
(0.00755555555556 0 0)
(0.00755555555555 0 0)
(0.00755555555556 0 0)
(0.00755555555555 0 0)
(0.00755555555556 0 0)
(0.00755555555556 0 0)
(0.00755555555556 0 0)
(0.00755555555555 0 0)
(0.00755555555556 0 0)
(0.00755555555555 0 0)
(0.008 0 0)
(0.008 0 0)
(0.008 0 0)
(0.008 0 0)
(0.008 0 0)
(0.008 0 0)
(0.008 0 0)
(0.008 0 0)
(0.008 0 0)
(0.008 0 0)
(0.008 0 0)
(0.008 0 0)
(0.008 0 0)
(0.008 0 0)
(0.008 0 0)
(0.008 0 0)
(0.008 0 0)
(0.008 0 0)
(0.008 0 0)
(0.008 0 0)
(0.008 0 0)
(0.008 0 0)
(0.008 0 0)
(0.008 0 0)
(0.008 0 0)
(0.008 0 0)
(0.008 0 0)
(0.008 0 0)
(0.008 0 0)
(0.008 0 0)
(0.008 0 0)
(0.008 0 0)
(0.008 0 0)
(0.008 0 0)
(0.008 0 0)
(0.008 0 0)
(0.008 0 0)
(0.008 0 0)
(0.008 0 0)
(0.008 0 0)
(0.008 0 0)
(0.008 0 0)
(0.008 0 0)
(0.008 0 0)
(0.008 0 0)
(0.00844444444445 0 0)
(0.00844444444444 0 0)
(0.00844444444444 0 0)
(0.00844444444445 0 0)
(0.00844444444445 0 0)
(0.00844444444445 0 0)
(0.00844444444445 0 0)
(0.00844444444444 0 0)
(0.00844444444445 0 0)
(0.00844444444444 0 0)
(0.00844444444445 0 0)
(0.00844444444445 0 0)
(0.00844444444445 0 0)
(0.00844444444445 0 0)
(0.00844444444445 0 0)
(0.00844444444445 0 0)
(0.00844444444444 0 0)
(0.00844444444445 0 0)
(0.00844444444445 0 0)
(0.00844444444445 0 0)
(0.00844444444444 0 0)
(0.00844444444445 0 0)
(0.00844444444445 0 0)
(0.00844444444444 0 0)
(0.00844444444444 0 0)
(0.00844444444444 0 0)
(0.00844444444445 0 0)
(0.00844444444445 0 0)
(0.00844444444445 0 0)
(0.00844444444445 0 0)
(0.00844444444445 0 0)
(0.00844444444445 0 0)
(0.00844444444444 0 0)
(0.00844444444445 0 0)
(0.00844444444445 0 0)
(0.00844444444444 0 0)
(0.00844444444444 0 0)
(0.00844444444444 0 0)
(0.00844444444445 0 0)
(0.00844444444445 0 0)
(0.00844444444444 0 0)
(0.00844444444445 0 0)
(0.00844444444444 0 0)
(0.00844444444444 0 0)
(0.00844444444444 0 0)
(0.00888888888889 0 0)
(0.00888888888889 0 0)
(0.00888888888889 0 0)
(0.00888888888889 0 0)
(0.00888888888889 0 0)
(0.00888888888889 0 0)
(0.00888888888889 0 0)
(0.00888888888889 0 0)
(0.00888888888889 0 0)
(0.00888888888889 0 0)
(0.00888888888889 0 0)
(0.00888888888889 0 0)
(0.00888888888889 0 0)
(0.00888888888889 0 0)
(0.00888888888889 0 0)
(0.00888888888889 0 0)
(0.00888888888889 0 0)
(0.00888888888889 0 0)
(0.00888888888889 0 0)
(0.00888888888889 0 0)
(0.00888888888889 0 0)
(0.00888888888889 0 0)
(0.00888888888889 0 0)
(0.00888888888889 0 0)
(0.00888888888889 0 0)
(0.00888888888889 0 0)
(0.00888888888889 0 0)
(0.00888888888889 0 0)
(0.00888888888889 0 0)
(0.00888888888889 0 0)
(0.00888888888889 0 0)
(0.00888888888889 0 0)
(0.00888888888889 0 0)
(0.00888888888889 0 0)
(0.00888888888889 0 0)
(0.00888888888889 0 0)
(0.00888888888889 0 0)
(0.00888888888889 0 0)
(0.00888888888889 0 0)
(0.00888888888889 0 0)
(0.00888888888889 0 0)
(0.00888888888889 0 0)
(0.00888888888889 0 0)
(0.00888888888889 0 0)
(0.00888888888889 0 0)
(0.00933333333334 0 0)
(0.00933333333333 0 0)
(0.00933333333334 0 0)
(0.00933333333333 0 0)
(0.00933333333333 0 0)
(0.00933333333334 0 0)
(0.00933333333334 0 0)
(0.00933333333334 0 0)
(0.00933333333334 0 0)
(0.00933333333333 0 0)
(0.00933333333334 0 0)
(0.00933333333333 0 0)
(0.00933333333334 0 0)
(0.00933333333333 0 0)
(0.00933333333334 0 0)
(0.00933333333333 0 0)
(0.00933333333333 0 0)
(0.00933333333334 0 0)
(0.00933333333333 0 0)
(0.00933333333333 0 0)
(0.00933333333333 0 0)
(0.00933333333334 0 0)
(0.00933333333333 0 0)
(0.00933333333334 0 0)
(0.00933333333333 0 0)
(0.00933333333333 0 0)
(0.00933333333333 0 0)
(0.00933333333334 0 0)
(0.00933333333334 0 0)
(0.00933333333333 0 0)
(0.00933333333333 0 0)
(0.00933333333333 0 0)
(0.00933333333333 0 0)
(0.00933333333333 0 0)
(0.00933333333334 0 0)
(0.00933333333333 0 0)
(0.00933333333334 0 0)
(0.00933333333334 0 0)
(0.00933333333334 0 0)
(0.00933333333334 0 0)
(0.00933333333333 0 0)
(0.00933333333334 0 0)
(0.00933333333333 0 0)
(0.00933333333333 0 0)
(0.00933333333333 0 0)
(0.00977777777778 0 0)
(0.00977777777778 0 0)
(0.00977777777778 0 0)
(0.00977777777778 0 0)
(0.00977777777778 0 0)
(0.00977777777778 0 0)
(0.00977777777778 0 0)
(0.00977777777778 0 0)
(0.00977777777778 0 0)
(0.00977777777778 0 0)
(0.00977777777778 0 0)
(0.00977777777778 0 0)
(0.00977777777778 0 0)
(0.00977777777778 0 0)
(0.00977777777778 0 0)
(0.00977777777778 0 0)
(0.00977777777778 0 0)
(0.00977777777778 0 0)
(0.00977777777778 0 0)
(0.00977777777778 0 0)
(0.00977777777778 0 0)
(0.00977777777778 0 0)
(0.00977777777778 0 0)
(0.00977777777778 0 0)
(0.00977777777778 0 0)
(0.00977777777778 0 0)
(0.00977777777778 0 0)
(0.00977777777778 0 0)
(0.00977777777778 0 0)
(0.00977777777778 0 0)
(0.00977777777778 0 0)
(0.00977777777778 0 0)
(0.00977777777778 0 0)
(0.00977777777778 0 0)
(0.00977777777778 0 0)
(0.00977777777778 0 0)
(0.00977777777778 0 0)
(0.00977777777778 0 0)
(0.00977777777778 0 0)
(0.00977777777778 0 0)
(0.00977777777778 0 0)
(0.00977777777778 0 0)
(0.00977777777778 0 0)
(0.00977777777778 0 0)
(0.00977777777778 0 0)
)
;

boundaryField
{
    top
    {
        type            fixedValue;
        value           uniform (0.00977777778 0 0);
    }
    bottom
    {
        type            fixedValue;
        value           uniform (-0.00977777778 0 0);
    }
    left
    {
        type            zeroGradient;
    }
    right
    {
        type            zeroGradient;
    }
    frontAndBack
    {
        type            zeroGradient;
    }
}


// ************************************************************************* //
