/*--------------------------------*- C++ -*----------------------------------*\
| =========                 |                                                 |
| \\      /  F ield         | foam-extend: Open Source CFD                    |
|  \\    /   O peration     | Version:     4.1                                |
|   \\  /    A nd           | Web:         http://www.foam-extend.org         |
|    \\/     M anipulation  |                                                 |
\*---------------------------------------------------------------------------*/
FoamFile
{
    version     2.0;
    format      ascii;
    class       cellScalarField;
    location    "46.1";
    object      T;
}
// * * * * * * * * * * * * * * * * * * * * * * * * * * * * * * * * * * * * * //

dimensions      [0 0 0 0 1 0 0];

internalField   nonuniform 
100
(
(4 -5.703630593e-17 1.624202108e-17)
(4 -4.184628451e-17 -3.747444565e-17)
(4 -1.223995519e-16 -1.093378289e-16)
(4 -6.541149299e-17 1.585085973e-16)
(4 -2.422512592e-16 1.242648568e-18)
(4 -2.996603543e-16 1.908383e-16)
(4 4.114349894e-16 6.51680998e-17)
(4 -4.559671785e-16 5.528604188e-18)
(4 7.506014359e-16 6.205789902e-17)
(4 -1.230362653e-15 7.923552331e-17)
(4 1.680595731e-16 -2.689414239e-16)
(4 1.899304434e-16 1.193625664e-17)
(4 7.216174868e-16 -3.171104863e-17)
(4 -2.386186276e-16 1.636680462e-16)
(4 1.534645053e-16 -1.04538558e-16)
(4 6.056879585e-17 3.353242696e-17)
(4 -1.329153149e-16 2.347364493e-17)
(4 -1.86809178e-16 1.994328572e-16)
(4 -2.495118146e-17 2.74080111e-17)
(4 -1.780217799e-16 2.576886212e-16)
(4 1.913003196e-16 -2.003558591e-16)
(4 1.320978735e-16 -1.849117107e-16)
(4 2.609950392e-16 1.082042865e-16)
(4 -1.572733322e-16 6.682151961e-17)
(4 1.864700305e-17 -1.499360137e-16)
(4 3.55434244e-17 1.480747653e-16)
(4 9.711447316e-17 -3.591795663e-17)
(4 -1.572685045e-16 1.097912847e-16)
(4 -2.818174852e-16 -2.196699995e-17)
(4 9.117087853e-17 1.824885118e-16)
(4 -1.921655037e-16 5.284211713e-17)
(4 -8.050780535e-17 2.082123708e-16)
(4 -1.783042778e-16 -1.582996581e-16)
(4 -3.65650031e-16 9.541215919e-17)
(4 4.918465051e-16 1.461689399e-16)
(4 -5.625244832e-16 3.004615567e-16)
(4 9.059398175e-16 8.984658442e-17)
(4 -8.434479675e-16 -9.591058483e-17)
(4 4.497242684e-16 -3.165877385e-17)
(4 2.671400422e-17 3.942414317e-17)
(4 -2.533351494e-16 -1.82884638e-16)
(4 6.548505531e-17 -4.28386372e-18)
(4 -3.313360367e-17 1.670202657e-16)
(4 -1.57384243e-16 1.523458252e-16)
(4 -3.244291285e-16 2.288997067e-16)
(4 4.082698311e-16 1.277141091e-16)
(4 -8.926086293e-16 3.180499754e-17)
(4 9.365630001e-16 -8.57770786e-18)
(4 -1.063874278e-15 -2.349117099e-16)
(4 4.632482678e-16 -9.908136936e-17)
(4 -5.437292961e-17 -7.029186668e-17)
(4 3.575950882e-17 -1.802921555e-16)
(4 -6.20579263e-17 -4.357534566e-17)
(4 -1.46673413e-17 -1.372532786e-16)
(4 2.656006719e-16 -2.184511394e-16)
(4 5.560128097e-17 -2.071870642e-17)
(4 -8.850853782e-17 7.25895538e-17)
(4 -1.390315488e-16 2.948592068e-16)
(4 -1.971946723e-16 -1.603589582e-16)
(4 -1.673259094e-17 -2.512298529e-16)
(4 1.496876836e-15 5.603121647e-16)
(4 6.319236975e-15 2.838474991e-15)
(4 6.339458907e-14 2.792004944e-14)
(4 4.854661203e-13 1.995952267e-13)
(4 3.452581627e-12 1.360833839e-12)
(4 2.297488166e-11 8.681899894e-12)
(4 1.428809787e-10 5.155930169e-11)
(4.000000001 8.275689808e-10 2.841142108e-10)
(4.000000006 4.451076613e-09 1.448159079e-09)
(4.000000029 2.217355645e-08 6.810064403e-09)
(4.000000139 1.021016482e-07 2.948816157e-08)
(4.000000618 4.33965872e-07 1.174238016e-07)
(4.000002549 1.701337688e-06 4.297468083e-07)
(4.000009725 6.15164636e-06 1.445438599e-06)
(4.000034347 2.052294852e-05 4.469855624e-06)
(4.000112403 6.322651383e-05 1.271773707e-05)
(4.000341253 0.0001800819219 3.332361702e-05)
(4.000962556 0.0004748426423 8.049441136e-05)
(4.002526712 0.001160912697 0.0001794308856)
(4.006183903 0.00263584401 0.0003694510228)
(4.014138118 0.005567103216 0.000703203972)
(4.030256886 0.01095600658 0.00123791595)
(4.060739551 0.02012368819 0.002015752847)
(4.114622839 0.03455428627 0.003034757525)
(4.203792088 0.05555529989 0.00421879839)
(4.342148273 0.08376239202 0.00540129613)
(4.543728492 0.1186103304 0.00633826543)
(4.819904704 0.1579698232 0.006757910877)
(5.176205046 0.1981575536 0.006438016396)
(5.609636067 0.2344323441 0.005285871777)
(6.107441625 0.2619146612 0.003388232275)
(6.647920177 0.2766831794 0.0010069423)
(7.203313566 0.2767023809 -0.001482891234)
(7.74410958 0.2622762447 -0.003691144619)
(8.243646042 0.2358918096 -0.005311606353)
(8.681850249 0.2015350961 -0.006187641604)
(9.047294754 0.1637320079 -0.006326836808)
(9.337328033 0.1266218593 -0.005868238363)
(9.556602754 0.0933060707 -0.005021939584)
(9.714678088 0.06557808421 -0.004005756782)
)
;

boundaryField
{
    left
    {
        type            dirichlet;
        value           uniform (4 0 0);
    }
    right
    {
        type            dirichlet;
        value           uniform (4 0 0);
    }
    sides
    {
        type            empty;
    }
}


// ************************************************************************* //
