/*--------------------------------*- C++ -*----------------------------------*\
| =========                 |                                                 |
| \\      /  F ield         | foam-extend: Open Source CFD                    |
|  \\    /   O peration     | Version:     4.1                                |
|   \\  /    A nd           | Web:         http://www.foam-extend.org         |
|    \\/     M anipulation  |                                                 |
\*---------------------------------------------------------------------------*/
FoamFile
{
    version     2.0;
    format      ascii;
    class       cellScalarField;
    location    "44.1";
    object      T;
}
// * * * * * * * * * * * * * * * * * * * * * * * * * * * * * * * * * * * * * //

dimensions      [0 0 0 0 1 0 0];

internalField   nonuniform 
100
(
(4 -5.703630593e-17 1.624202108e-17)
(4 -1.112354082e-16 -5.313507278e-17)
(4 -8.071028479e-17 -1.176412523e-16)
(4 3.015851866e-16 -1.371403904e-16)
(4 2.035436313e-16 -5.840298435e-17)
(4 -5.727942638e-16 6.923083514e-17)
(4 4.232635916e-16 -7.1375145e-17)
(4 -3.855646624e-16 2.682000865e-16)
(4 7.537191307e-16 6.994166064e-17)
(4 -1.437598423e-15 -4.681083608e-17)
(4 8.578499673e-17 4.520513533e-17)
(4 1.625999036e-16 -2.31324431e-18)
(4 8.179443079e-16 1.139280337e-17)
(4 -6.722619256e-16 1.986361174e-16)
(4 5.901104271e-16 1.647740381e-16)
(4 -5.267678048e-16 9.525728817e-18)
(4 -8.233245324e-17 -7.770046551e-17)
(4 6.08615299e-17 -7.207436166e-17)
(4 -1.043078381e-16 -3.023531693e-17)
(4 2.020700095e-16 -5.328635044e-17)
(4 -1.669059999e-16 3.211870206e-16)
(4 -1.283529343e-16 2.326967244e-17)
(4 -3.979086379e-17 1.510937778e-16)
(4 -1.253556618e-16 2.052619509e-16)
(4 1.538250838e-16 -6.115609812e-17)
(4 -5.122245957e-17 1.707351186e-17)
(4 -1.978745783e-16 -3.716882979e-17)
(4 -8.004303693e-17 -9.767946508e-17)
(4 -3.296179068e-16 8.369335411e-17)
(4 4.074431784e-16 1.185916801e-16)
(4 1.042237586e-16 -1.268680171e-16)
(4 -3.8870849e-16 -1.944766297e-16)
(4 8.268173248e-16 -6.927535136e-17)
(4 -1.170710525e-15 1.263490165e-16)
(4 8.747518683e-16 -1.718995496e-16)
(4 -5.485336813e-16 2.946837319e-16)
(4 8.53917686e-16 3.980746815e-17)
(4 -7.908489367e-16 3.738619743e-16)
(4 3.36478382e-16 9.622699806e-17)
(4 -6.564200493e-17 1.121948017e-16)
(4 -1.043936667e-16 -2.272823748e-17)
(4 1.31575595e-17 -6.32706628e-17)
(4 -1.908752164e-16 1.274111235e-16)
(4 -2.027865153e-16 6.474064539e-17)
(4 -3.476500363e-16 -2.303204318e-17)
(4 8.102435943e-16 -2.122819026e-18)
(4 -7.229534254e-16 7.400373637e-17)
(4 5.298789525e-16 -1.352849191e-16)
(4 -7.087687413e-16 1.130208743e-16)
(4 3.21690714e-16 1.449115569e-16)
(4 -8.834261797e-17 -5.173964492e-17)
(4 1.748447905e-16 -2.922840188e-17)
(4 3.56115964e-17 -1.145051554e-16)
(4 1.206647919e-17 1.973104186e-16)
(4 -8.417500536e-18 -1.291438771e-16)
(4 -2.61498215e-17 -1.487275602e-17)
(4 3.466044953e-16 1.636256908e-16)
(4 1.783220188e-15 1.000297839e-15)
(4 1.390881942e-14 7.179436345e-15)
(4 1.267373537e-13 5.53077178e-14)
(4 9.891850977e-13 4.107185827e-13)
(4 7.144703161e-12 2.841962555e-12)
(4 4.819673665e-11 1.835369064e-11)
(4 3.030086874e-10 1.100192681e-10)
(4.000000002 1.769005374e-09 6.098606333e-10)
(4.000000012 9.558433591e-09 3.115412372e-09)
(4.000000062 4.766319742e-08 1.462425914e-08)
(4.000000298 2.188515442e-07 6.294778666e-08)
(4.000001322 9.239462562e-07 2.481193895e-07)
(4.000005404 3.584011808e-06 8.950922273e-07)
(4.000020381 1.277368445e-05 2.955491059e-06)
(4.000070928 4.185409903e-05 8.936822641e-06)
(4.000227992 0.0001262065355 2.476895041e-05)
(4.000677901 0.0003507012189 6.298893507e-05)
(4.001867656 0.0008994787929 0.0001471441323)
(4.004776893 0.002132996948 0.000316092901)
(4.011366109 0.004685066886 0.0006250103686)
(4.025214119 0.009549071908 0.001138300974)
(4.052266814 0.01809333067 0.0019100861)
(4.10147842 0.03192779217 0.002952269494)
(4.184982718 0.05256246373 0.004198349182)
(4.317376094 0.08086878257 0.005479726114)
(4.513825237 0.1164669275 0.00653407526)
(4.787067408 0.1572657938 0.007057091283)
(5.143865626 0.1994088363 0.006790052499)
(5.581907006 0.2377809581 0.005614511801)
(6.088247078 0.2670254654 0.003614645017)
(6.640069335 0.2827931799 0.001076181698)
(7.207822785 0.2828146992 -0.001583517337)
(7.759999176 0.2674284424 -0.003929542244)
(8.268261866 0.2393990157 -0.005624385277)
(8.711572313 0.2031256715 -0.006502703845)
(9.078378995 0.1635447345 -0.006585176406)
(9.366623128 0.125090218 -0.006037138532)
(9.581974326 0.09099049024 -0.005096882902)
(9.735101904 0.0630102785 -0.004003405854)
(9.83883599 0.04158275614 -0.00294542314)
(9.905852511 0.02617779204 -0.002039667823)
(9.947181368 0.01573585641 -0.001334304991)
(9.971533889 0.009040535632 -0.000826981541)
)
;

boundaryField
{
    left
    {
        type            dirichlet;
        value           uniform (4 0 0);
    }
    right
    {
        type            dirichlet;
        value           uniform (4 0 0);
    }
    sides
    {
        type            empty;
    }
}


// ************************************************************************* //
