/*--------------------------------*- C++ -*----------------------------------*\
| =========                 |                                                 |
| \\      /  F ield         | foam-extend: Open Source CFD                    |
|  \\    /   O peration     | Version:     4.1                                |
|   \\  /    A nd           | Web:         http://www.foam-extend.org         |
|    \\/     M anipulation  |                                                 |
\*---------------------------------------------------------------------------*/
FoamFile
{
    version     2.0;
    format      ascii;
    class       cellScalarField;
    location    "8.9";
    object      T;
}
// * * * * * * * * * * * * * * * * * * * * * * * * * * * * * * * * * * * * * //

dimensions      [0 0 0 0 1 0 0];

internalField   nonuniform 
100
(
(4 -5.703630593e-17 1.624202108e-17)
(4 1.041592289e-16 -8.970306553e-17)
(4 2.977353994e-15 1.834805762e-16)
(4 -6.223814939e-14 -6.520592637e-15)
(4 2.088251914e-12 9.640539161e-13)
(4 -9.232660775e-12 -3.109015576e-12)
(4 7.702562841e-10 6.652661292e-10)
(4.000000012 1.165567781e-08 4.755645618e-09)
(4.000000177 2.189724849e-07 1.878854317e-07)
(4.000004017 4.898612109e-06 2.650321572e-06)
(4.000052643 5.550800579e-05 3.017520019e-05)
(4.000629067 0.0006926715016 0.0003735568591)
(4.006612698 0.006724173955 0.002718998345)
(4.046401254 0.03882988775 0.0109174806)
(4.211582398 0.1380374647 0.02568941191)
(4.663426951 0.3237233881 0.03607224805)
(5.521973673 0.5297259842 0.02690148508)
(6.704018672 0.6314172708 0.0001348990666)
(7.923721785 0.5672531618 -0.02424996792)
(8.893612398 0.3950799219 -0.03149577147)
(9.50230709 0.2185610711 -0.02443741494)
(9.810222561 0.09811952335 -0.01372040286)
(9.93818251 0.03644367668 -0.005991835545)
(9.982632799 0.0113972084 -0.002120472021)
(9.99574785 0.003049524357 -0.0006256537171)
(9.999083144 0.000708339096 -0.0001573242941)
(9.999824117 0.0001447264228 -3.432460979e-05)
(9.999969692 2.6321438e-05 -6.596673089e-06)
(9.999995267 4.306807231e-06 -1.131296965e-06)
(9.999999325 6.400669828e-07 -1.750760185e-07)
(9.999999911 8.713929024e-08 -2.46895313e-08)
(9.999999989 1.094999187e-08 -3.199944548e-09)
(9.999999999 1.27867229e-09 -3.840342349e-10)
(10 1.395903448e-10 -4.295985211e-11)
(10 1.432382216e-11 -4.505164922e-12)
(10 1.392440774e-12 -4.458231149e-13)
(10 1.276218266e-13 -4.145952345e-14)
(10 7.961421637e-15 -3.01378472e-15)
(10 2.799132591e-16 4.132133497e-16)
(10 -1.108451229e-15 -1.306731371e-16)
(10 1.075920714e-15 -4.403721951e-16)
(10 -1.005588561e-15 1.060437324e-15)
(10 -1.230279191e-17 -4.255507217e-16)
(10 2.303925039e-16 3.433259218e-16)
(10 -3.952662225e-16 5.188410357e-16)
(10 4.755990259e-16 -9.274654992e-17)
(10 7.209913109e-17 2.799669603e-16)
(10 -4.335267187e-16 4.145498101e-16)
(10 4.798373109e-17 -2.211597e-16)
(10 3.027630425e-16 -4.630909141e-16)
(10 -3.315425202e-17 -3.213275568e-16)
(10 -2.234735843e-17 5.595616441e-16)
(10 -4.255436718e-16 3.756756028e-17)
(10 9.147542593e-17 2.933213214e-17)
(10 -4.296633843e-17 -4.607636278e-16)
(10 -5.738848116e-17 -4.108205522e-16)
(10 5.157430842e-17 1.976764476e-16)
(10 -1.097515145e-16 8.477593899e-16)
(10 1.515595102e-17 5.541679841e-16)
(10 1.540335878e-16 2.571427003e-16)
(10 3.889123786e-16 -1.647450813e-16)
(10 -1.484543173e-16 -3.924658011e-16)
(10 1.614943547e-16 2.366596047e-16)
(10 2.270885133e-16 3.745982545e-16)
(10 1.828721634e-16 3.196641302e-16)
(10 -1.82756368e-16 -2.767147971e-16)
(10 1.565928283e-16 6.160380394e-17)
(10 -3.119270355e-16 2.379022807e-16)
(10 4.593988503e-16 3.832337916e-16)
(10 -3.81795456e-16 -3.411569144e-16)
(10 -3.76479263e-17 1.252183378e-16)
(10 -1.557991592e-16 6.354682185e-16)
(10 -6.271847208e-16 2.798971549e-16)
(10 3.013673677e-17 -1.418887296e-16)
(10 3.376524336e-16 -6.385584558e-17)
(10 -1.711844209e-16 2.263353132e-16)
(10 -2.523298773e-16 -1.508225036e-16)
(10 -2.922187995e-16 -7.778029022e-17)
(10 1.808607958e-16 3.070162787e-16)
(10 -2.49318926e-16 3.164087687e-16)
(10 -1.918092485e-16 5.745622757e-16)
(10 -1.639458028e-16 1.420049572e-16)
(10 -1.300682109e-16 2.757501344e-16)
(10 -2.409990997e-16 1.553484204e-17)
(10 -3.093905255e-16 6.489192761e-17)
(10 3.124138406e-16 -3.661027567e-16)
(10 3.185463172e-17 4.968406569e-17)
(10 -1.456091117e-16 -3.763257675e-16)
(10 4.130560516e-17 4.553089121e-16)
(10 -1.080810088e-16 -2.660973724e-18)
(10 4.231710706e-16 5.910967819e-16)
(10 -2.706746476e-16 1.292976294e-16)
(10 2.353702228e-16 1.995407413e-16)
(10 -2.666489959e-16 -2.68807183e-17)
(10 1.364853921e-16 1.749757891e-17)
(10 -2.188385902e-16 5.564619917e-16)
(10 -1.000862169e-15 5.078880463e-16)
(10 1.354184939e-16 -7.673887637e-17)
(10 4.236895964e-18 -2.400961834e-18)
(10 -1.766055972e-15 3.762571869e-15)
)
;

boundaryField
{
    left
    {
        type            dirichlet;
        value           uniform (4 0 0);
    }
    right
    {
        type            dirichlet;
        value           uniform (4 0 0);
    }
    sides
    {
        type            empty;
    }
}


// ************************************************************************* //
