/*--------------------------------*- C++ -*----------------------------------*\
| =========                 |                                                 |
| \\      /  F ield         | foam-extend: Open Source CFD                    |
|  \\    /   O peration     | Version:     4.1                                |
|   \\  /    A nd           | Web:         http://www.foam-extend.org         |
|    \\/     M anipulation  |                                                 |
\*---------------------------------------------------------------------------*/
FoamFile
{
    version     2.0;
    format      ascii;
    class       cellScalarField;
    location    "13.2";
    object      T;
}
// * * * * * * * * * * * * * * * * * * * * * * * * * * * * * * * * * * * * * //

dimensions      [0 0 0 0 1 0 0];

internalField   nonuniform 
100
(
(4 -5.703630593e-17 1.624202108e-17)
(4 -8.800399634e-17 8.393804646e-17)
(4 1.517546559e-16 -1.869693833e-16)
(4 8.988188726e-17 2.75726891e-16)
(4 -1.094374276e-16 2.600993315e-17)
(4 -6.122997228e-16 9.032606222e-17)
(4 3.605475119e-16 9.965030736e-17)
(4 -4.67378712e-16 2.095037889e-16)
(4 7.113011969e-16 -1.417317264e-16)
(4 8.363755228e-15 1.435346949e-14)
(4 4.175862309e-13 2.037178597e-13)
(4 5.828996222e-12 4.544507865e-12)
(4 1.538786739e-10 9.944212313e-11)
(4.000000002 2.418425225e-09 1.405158426e-09)
(4.000000032 3.654987093e-08 2.221753054e-08)
(4.000000458 5.138826623e-07 2.768565734e-07)
(4.000005421 5.725571588e-06 2.866228163e-06)
(4.000055402 5.674381736e-05 2.682768942e-05)
(4.00049348 0.0004790311957 0.0001959576321)
(4.003511319 0.003059219197 0.001012717495)
(4.018932 0.01419989203 0.003669855678)
(4.077270147 0.04846241275 0.009484865795)
(4.243861129 0.1247186415 0.0177139571)
(4.611327889 0.2482383136 0.02375808499)
(5.250997957 0.3907494723 0.02159525632)
(6.146376873 0.4958102133 0.009706892219)
(7.170694459 0.5155381546 -0.00629125783)
(8.142146521 0.4456255359 -0.01814178841)
(8.915634556 0.324323513 -0.0215442638)
(9.438599536 0.2010366337 -0.0180395524)
(9.741980365 0.107254652 -0.01189719264)
(9.894442236 0.04972826403 -0.006477120072)
(9.961409597 0.02021811508 -0.002990554634)
(9.987334442 0.007268959736 -0.001192782847)
(9.996249433 0.002329207012 -0.000416778816)
(9.998992744 0.0006701034575 -0.0001290468414)
(9.999753396 0.0001742864761 -3.57523028e-05)
(9.999944679 4.124486649e-05 -8.938360204e-06)
(9.999988573 8.934525211e-06 -2.031795307e-06)
(9.999997816 1.781566774e-06 -4.227742272e-07)
(9.999999612 3.287201569e-07 -8.102177213e-08)
(9.999999936 5.639597541e-08 -1.438057107e-08)
(9.99999999 9.036899441e-09 -2.375939353e-09)
(9.999999999 1.358159679e-09 -3.671088592e-10)
(10 1.921807775e-10 -5.327109452e-11)
(10 2.56958644e-11 -7.288244654e-12)
(10 3.259642509e-12 -9.449242539e-13)
(10 3.934525978e-13 -1.154859042e-13)
(10 4.504780002e-14 -1.52423574e-14)
(10 1.672850549e-15 -2.326600664e-16)
(10 -4.256313933e-16 2.135751402e-16)
(10 -1.242148716e-16 1.472926971e-16)
(10 3.092809091e-16 1.500978699e-17)
(10 -8.391098894e-17 -5.913449347e-16)
(10 3.764894224e-17 -1.647660396e-16)
(10 -4.708421267e-16 2.213240061e-16)
(10 4.788922476e-16 -2.228361809e-16)
(10 1.009077057e-16 6.395714179e-16)
(10 -4.137998274e-16 1.203089e-16)
(10 8.308230853e-17 1.001506926e-16)
(10 4.124474295e-17 -2.521651563e-16)
(10 2.397669028e-16 -1.262857531e-16)
(10 1.15085629e-16 -8.249060086e-17)
(10 -4.315120636e-16 -1.518295874e-16)
(10 1.46242716e-16 -6.372846181e-17)
(10 -4.333622322e-16 7.252256597e-16)
(10 1.020023075e-16 -4.59057827e-16)
(10 1.026765645e-16 6.133293808e-16)
(10 -3.900391264e-16 4.517851398e-16)
(10 -2.151349938e-16 1.479002274e-16)
(10 6.80540264e-16 1.393721625e-16)
(10 -3.716125064e-16 3.615734477e-16)
(10 3.241220117e-16 -6.219200427e-16)
(10 2.201495307e-16 1.431291954e-16)
(10 -2.07849446e-16 -3.744963738e-16)
(10 3.876473718e-16 2.407106375e-16)
(10 2.389154449e-16 7.194811197e-17)
(10 -3.418117965e-18 7.700257376e-17)
(10 8.137812993e-18 -1.519660901e-16)
(10 -1.037137914e-16 2.063752994e-16)
(10 -1.251138569e-16 -5.826655898e-17)
(10 9.576740523e-17 -7.498567028e-17)
(10 1.33881586e-16 -4.167775759e-16)
(10 1.258062619e-16 -1.523370519e-16)
(10 3.539708122e-16 -1.875295528e-16)
(10 2.06882194e-16 4.390743386e-16)
(10 1.714795586e-16 -5.66955366e-18)
(10 -5.814982833e-17 2.477744079e-16)
(10 -3.410912837e-16 3.781628337e-16)
(10 -8.774731566e-17 2.371737308e-16)
(10 -4.149090093e-16 -5.454702816e-17)
(10 4.296951362e-16 -2.933576417e-16)
(10 -1.403412041e-16 -2.440966328e-16)
(10 2.670677705e-16 -2.114465847e-16)
(10 9.862465546e-17 -2.356855439e-16)
(10 2.020853759e-16 -9.728579004e-17)
(10 3.15357016e-16 -1.955620104e-16)
(10 1.656863062e-16 -2.756007824e-17)
(10 6.607437338e-17 3.32501654e-16)
(10 -7.969375112e-16 3.917360332e-15)
)
;

boundaryField
{
    left
    {
        type            dirichlet;
        value           uniform (4 0 0);
    }
    right
    {
        type            dirichlet;
        value           uniform (4 0 0);
    }
    sides
    {
        type            empty;
    }
}


// ************************************************************************* //
