/*--------------------------------*- C++ -*----------------------------------*\
| =========                 |                                                 |
| \\      /  F ield         | foam-extend: Open Source CFD                    |
|  \\    /   O peration     | Version:     4.1                                |
|   \\  /    A nd           | Web:         http://www.foam-extend.org         |
|    \\/     M anipulation  |                                                 |
\*---------------------------------------------------------------------------*/
FoamFile
{
    version     2.0;
    format      ascii;
    class       cellScalarField;
    location    "8.2";
    object      T;
}
// * * * * * * * * * * * * * * * * * * * * * * * * * * * * * * * * * * * * * //

dimensions      [0 0 0 0 1 0 0];

internalField   nonuniform 
100
(
(4 -5.703630593e-17 1.624202108e-17)
(4 2.184156532e-15 9.225917568e-16)
(4 -5.923228889e-14 -2.797980983e-14)
(4 2.073682089e-12 1.361941653e-12)
(4 -1.465688341e-11 -1.423610266e-11)
(4 8.135039745e-10 8.592835721e-10)
(4.000000014 1.389857667e-08 3.889102891e-09)
(4.000000195 2.428056866e-07 2.41872582e-07)
(4.000005288 6.63683635e-06 3.563437684e-06)
(4.000070469 7.353544881e-05 4.067961858e-05)
(4.000876404 0.0009852612442 0.0005529221961)
(4.009702947 0.009999847243 0.004042049344)
(4.068192835 0.05660956291 0.01533252574)
(4.300713946 0.1900496143 0.03254815043)
(4.894431347 0.4110330734 0.03871867986)
(5.928281111 0.6096833999 0.01961045487)
(7.214197249 0.6500314283 -0.01248515411)
(8.399246997 0.5169338914 -0.03234113127)
(9.233214667 0.3161831744 -0.03149544626)
(9.693196282 0.1527443847 -0.02009022761)
(9.896682439 0.05966790693 -0.009497962222)
(9.970406538 0.01925201697 -0.003527764668)
(9.992704095 0.005230062929 -0.001068284701)
(9.998432869 0.001217203632 -0.0002710573009)
(9.999703234 0.0002464987977 -5.889278247e-05)
(9.999949899 4.404653532e-05 -1.115570536e-05)
(9.999992381 7.031252196e-06 -1.870496725e-06)
(9.999998947 1.013771214e-06 -2.812359903e-07)
(9.999999866 1.333029062e-07 -3.834260327e-08)
(9.999999984 1.612285476e-08 -4.786053268e-09)
(9.999999998 1.807256354e-09 -5.515653554e-10)
(10 1.889991142e-10 -5.911628991e-11)
(10 1.854941161e-11 -5.930896642e-12)
(10 1.718549196e-12 -5.600694231e-13)
(10 1.527364937e-13 -5.036405014e-14)
(10 1.0357336e-14 -4.88139653e-15)
(10 1.214827966e-16 8.285394265e-16)
(10 -1.007538994e-15 -3.633774509e-18)
(10 1.556582915e-16 -1.152454105e-16)
(10 3.960867159e-16 3.133151017e-16)
(10 -3.187829479e-16 7.283171004e-17)
(10 -3.595778337e-16 -2.664251036e-16)
(10 5.06152551e-17 -8.687484019e-17)
(10 -1.782382805e-16 3.566306569e-16)
(10 -4.845119883e-16 -3.512243285e-16)
(10 3.859341121e-16 4.190761889e-16)
(10 -1.555742916e-15 5.925318343e-16)
(10 1.812823521e-15 1.164029582e-16)
(10 -1.207626205e-15 9.30860738e-16)
(10 6.861119493e-17 3.299846164e-16)
(10 -2.575910974e-16 3.325378533e-16)
(10 -1.959474231e-16 2.420790481e-16)
(10 5.082526701e-16 2.890468778e-16)
(10 -2.679532247e-16 1.887624807e-16)
(10 3.534093591e-16 -2.59908656e-16)
(10 2.14429189e-16 5.12774655e-16)
(10 2.077595088e-16 5.299280927e-16)
(10 -2.971954034e-16 -4.062623478e-16)
(10 2.829335276e-16 9.896112473e-17)
(10 -5.409616303e-16 2.711524789e-16)
(10 1.638801617e-16 3.382581546e-16)
(10 1.151716023e-16 -3.509583396e-16)
(10 -2.127281522e-16 2.433090639e-16)
(10 -2.98081497e-17 9.862191684e-17)
(10 -3.42720981e-16 4.588437865e-16)
(10 -5.619699927e-17 -1.244791547e-16)
(10 1.058443501e-17 -3.079709449e-16)
(10 -1.095728618e-16 1.724493175e-16)
(10 -3.152749721e-16 -3.063104395e-16)
(10 -3.405254462e-16 -2.392138052e-16)
(10 2.89519004e-16 4.494675869e-16)
(10 -4.884724923e-16 4.162309362e-16)
(10 -3.41600508e-17 -2.017949339e-17)
(10 -1.211978972e-16 7.451010497e-17)
(10 -2.0783034e-16 3.386079116e-16)
(10 -3.460344677e-16 -5.48222837e-17)
(10 -4.077308312e-16 -3.072755195e-17)
(10 5.943933883e-16 -4.712290685e-16)
(10 -6.475134384e-18 1.05236753e-16)
(10 -1.593671191e-16 -5.750183036e-16)
(10 3.610322661e-16 -1.397187613e-16)
(10 -5.959907549e-17 -9.052737729e-17)
(10 3.634839453e-16 -1.278542971e-16)
(10 -1.675796112e-16 -3.525298529e-17)
(10 3.711401597e-16 3.213878139e-16)
(10 -4.577580063e-16 -7.78076163e-17)
(10 2.61971127e-16 2.944102588e-17)
(10 -1.365836193e-16 -1.744382481e-17)
(10 2.188365319e-16 -5.564608655e-16)
(10 1.000862126e-15 -5.078880228e-16)
(10 -1.354184948e-16 7.673887687e-17)
(10 -4.236895983e-18 2.400961845e-18)
(10 -1.325615648e-19 7.511991335e-20)
(10 -4.147510002e-21 2.350308647e-21)
(10 -1.297649077e-22 7.353510526e-23)
(10 -4.060009803e-24 2.300724083e-24)
(10 -1.270272518e-25 7.198373196e-26)
(10 -3.974355601e-27 2.252185608e-27)
(10 -1.243473524e-28 7.046508807e-29)
(10 -1.102722731e-15 3.643203516e-15)
)
;

boundaryField
{
    left
    {
        type            dirichlet;
        value           uniform (4 0 0);
    }
    right
    {
        type            dirichlet;
        value           uniform (4 0 0);
    }
    sides
    {
        type            empty;
    }
}


// ************************************************************************* //
