/*--------------------------------*- C++ -*----------------------------------*\
| =========                 |                                                 |
| \\      /  F ield         | foam-extend: Open Source CFD                    |
|  \\    /   O peration     | Version:     4.1                                |
|   \\  /    A nd           | Web:         http://www.foam-extend.org         |
|    \\/     M anipulation  |                                                 |
\*---------------------------------------------------------------------------*/
FoamFile
{
    version     2.0;
    format      ascii;
    class       cellScalarField;
    location    "38.8";
    object      T;
}
// * * * * * * * * * * * * * * * * * * * * * * * * * * * * * * * * * * * * * //

dimensions      [0 0 0 0 1 0 0];

internalField   nonuniform 
100
(
(4 -5.703630593e-17 1.624202108e-17)
(4 5.534709522e-17 5.020359711e-17)
(4 -1.94495415e-16 7.897893233e-17)
(4 3.234325994e-17 -1.034719216e-16)
(4 9.730936418e-17 -2.120092151e-16)
(4 -2.903432629e-16 3.338302488e-16)
(4 3.530999544e-16 -1.583956818e-17)
(4 -2.128130721e-16 1.752694632e-16)
(4 6.590936658e-16 -6.334593455e-17)
(4 -1.394051938e-15 -1.880148159e-16)
(4 1.663687062e-16 -8.923642935e-17)
(4 4.317469037e-16 -1.042174513e-16)
(4 7.218125118e-16 -3.085035166e-16)
(4 -1.73179107e-16 -1.75419972e-16)
(4 1.059915864e-16 4.694440697e-17)
(4 4.395310626e-17 -2.728648759e-17)
(4 2.126176551e-17 3.04870281e-16)
(4 -1.40578746e-16 1.157713996e-16)
(4 -1.982048243e-17 -1.340370947e-16)
(4 -3.547268299e-17 -4.663486762e-17)
(4 -1.711443814e-16 -7.681077449e-17)
(4 8.555365206e-17 5.818391037e-17)
(4 2.459857754e-17 -2.617001742e-17)
(4 -1.418877546e-16 -1.870533305e-16)
(4 7.506581663e-17 -2.069329198e-16)
(4 -9.006418497e-17 -1.415479489e-16)
(4 5.673594256e-16 2.800336589e-17)
(4 -9.193897383e-16 -6.898497506e-17)
(4 3.29600735e-16 -9.018354807e-17)
(4 -3.649429977e-16 -1.360042251e-16)
(4 1.043296145e-15 -1.639038704e-16)
(4 -8.918924616e-16 -2.177929199e-16)
(4 9.430268834e-16 -9.154161987e-17)
(4 -1.536906182e-15 -1.594849135e-16)
(4 1.269948621e-15 1.960061393e-16)
(4 -6.586124151e-16 4.099244868e-16)
(4 1.125935662e-15 1.878269949e-18)
(4 -1.075547429e-15 -1.127058928e-16)
(4 9.141613618e-16 -1.970917359e-16)
(4 -4.110493547e-17 4.894130341e-17)
(4 -1.525967608e-17 1.156802994e-16)
(4 4.853684384e-17 -5.67113015e-17)
(4 -8.206045179e-17 -7.6889704e-17)
(4 -1.982785038e-16 -8.70438839e-17)
(4 -3.737251226e-16 -1.840280567e-16)
(4 8.841186425e-16 -7.31359392e-17)
(4 -7.335883933e-16 -1.545573607e-16)
(4 9.765206674e-16 -5.535492602e-17)
(4 -1.16330446e-15 5.353151061e-17)
(4 7.321893395e-15 4.399412963e-15)
(4 8.0404633e-14 3.751938058e-14)
(4 7.074851191e-13 3.153076875e-13)
(4 5.771933497e-12 2.469519008e-12)
(4 4.387118258e-11 1.798925361e-11)
(4 3.098925484e-10 1.211970418e-10)
(4.000000002 2.024187887e-09 7.513172151e-10)
(4.000000014 1.216847779e-08 4.263471957e-09)
(4.000000083 6.70155106e-08 2.203945279e-08)
(4.000000436 3.367733383e-07 1.033737326e-07)
(4.0000021 1.539688617e-06 4.387246972e-07)
(4.000009224 6.392831089e-06 1.682274413e-06)
(4.000036952 2.409131541e-05 5.825812907e-06)
(4.00013505 8.243469373e-05 1.822937412e-05)
(4.000450762 0.0002564190051 5.159292202e-05)
(4.001376439 0.0007263145915 0.0001322499513)
(4.003853724 0.001877284893 0.0003074774759)
(4.009917714 0.00443764024 0.0006492743193)
(4.023525448 0.009616545884 0.001246541781)
(4.051583636 0.01915009391 0.002177269851)
(4.104865717 0.03512667529 0.003459332809)
(4.198263267 0.05948720874 0.004993542056)
(4.349717517 0.093219167 0.006528914886)
(4.577408784 0.1354631044 0.007684518297)
(4.895405823 0.1829249058 0.008043958539)
(5.308804577 0.2299985759 0.007300743646)
(5.810000252 0.2697776769 0.005395798871)
(6.377710092 0.2957390135 0.002578683507)
(6.979552988 0.3035240816 -0.0006462285043)
(7.577694143 0.2921384999 -0.003672109826)
(8.135888866 0.264116645 -0.005975779779)
(8.625780764 0.2246401364 -0.007259807485)
(9.030723328 0.1800162682 -0.007500383233)
(9.346433287 0.1361112153 -0.006898926125)
(9.578913695 0.09723825203 -0.00577562975)
(9.740822034 0.06572410174 -0.004456909476)
(9.847604456 0.04208438107 -0.003196188951)
(9.914380941 0.02556071563 -0.002142344481)
(9.954024249 0.01474387078 -0.001347956808)
(9.976393571 0.0080863363 -0.0007988594226)
(9.988404375 0.004221771925 -0.0004471853227)
(9.994547848 0.002100524352 -0.0002370058998)
(9.997544608 0.0009970686761 -0.0001191746644)
(9.998940165 0.0004520109931 -5.695884038e-05)
(9.999561249 0.0001959070216 -2.591871358e-05)
(9.999825672 8.125824543e-05 -1.124612963e-05)
(9.999933473 3.228716886e-05 -4.659544979e-06)
(9.999975598 1.23014394e-05 -1.845899073e-06)
(9.999991391 4.498355358e-06 -7.000610606e-07)
(9.999997076 1.580237121e-06 -2.544709055e-07)
(9.999999043 5.337660022e-07 -8.87565361e-08)
)
;

boundaryField
{
    left
    {
        type            dirichlet;
        value           uniform (4 0 0);
    }
    right
    {
        type            dirichlet;
        value           uniform (4 0 0);
    }
    sides
    {
        type            empty;
    }
}


// ************************************************************************* //
