/*--------------------------------*- C++ -*----------------------------------*\
| =========                 |                                                 |
| \\      /  F ield         | foam-extend: Open Source CFD                    |
|  \\    /   O peration     | Version:     4.1                                |
|   \\  /    A nd           | Web:         http://www.foam-extend.org         |
|    \\/     M anipulation  |                                                 |
\*---------------------------------------------------------------------------*/
FoamFile
{
    version     2.0;
    format      ascii;
    class       cellScalarField;
    location    "29.3";
    object      T;
}
// * * * * * * * * * * * * * * * * * * * * * * * * * * * * * * * * * * * * * //

dimensions      [0 0 0 0 1 0 0];

internalField   nonuniform 
100
(
(4 -5.703630593e-17 1.624202108e-17)
(4 1.966993953e-18 -3.508109895e-17)
(4 7.005780299e-17 -6.302158341e-17)
(4 -2.416513113e-16 1.015969472e-16)
(4 -2.735349947e-17 4.690450454e-17)
(4 -4.423973802e-16 1.409953646e-16)
(4 2.162960549e-16 1.153713149e-16)
(4 -3.571999107e-16 1.883906069e-16)
(4 7.888028458e-16 2.827776322e-17)
(4 -1.293164613e-15 1.840994595e-18)
(4 5.200605903e-17 -6.771708093e-17)
(4 5.464489013e-16 9.56681976e-17)
(4 4.630083768e-16 -4.076174879e-17)
(4 -1.009558636e-16 3.044002181e-16)
(4 -1.036208107e-16 5.571388851e-17)
(4 -7.070409146e-17 -1.921596385e-17)
(4 -2.668508932e-17 4.632729819e-18)
(4 -4.729593595e-17 1.243399079e-17)
(4 -2.75506127e-17 1.314503404e-16)
(4 -1.942546199e-16 -1.63826716e-16)
(4 -1.301591517e-16 -5.914591368e-17)
(4 -5.416039817e-17 -9.318374606e-17)
(4 -5.717079934e-17 1.02371714e-16)
(4 2.748742039e-16 1.517671958e-16)
(4 -3.65763088e-16 -4.313935855e-16)
(4 7.955803853e-16 4.900082624e-17)
(4 -8.850641992e-16 5.209921215e-17)
(4 8.927970754e-16 1.019282589e-16)
(4 -1.220508813e-15 -1.619335605e-16)
(4 1.116122149e-15 1.041958958e-17)
(4 -4.166500991e-16 8.22467357e-17)
(4 1.426718619e-16 -2.153569087e-16)
(4 7.700500241e-17 -1.571240864e-16)
(4 3.696245803e-16 1.507426753e-15)
(4 2.2116895e-14 1.153142501e-14)
(4 2.586413324e-13 1.326214032e-13)
(4 2.749947058e-12 1.366012404e-12)
(4 2.73134822e-11 1.303522895e-11)
(4 2.508002243e-10 1.144410821e-10)
(4.000000002 2.115685173e-09 9.17923059e-10)
(4.000000017 1.62924733e-08 6.678264044e-09)
(4.000000126 1.136844297e-07 4.366200687e-08)
(4.000000828 7.121859628e-07 2.537099867e-07)
(4.00000487 3.96745238e-06 1.297062169e-06)
(4.0000255 1.950489221e-05 5.793179426e-06)
(4.000118328 8.425289156e-05 2.252839008e-05)
(4.000485799 0.0003193954591 7.624422581e-05)
(4.001766143 0.001064001303 0.0002248914209)
(4.005701362 0.003123847616 0.0005794935762)
(4.016406586 0.008113891357 0.001307727592)
(4.042282798 0.01872404084 0.002589742115)
(4.098087889 0.03855587339 0.004504816101)
(4.205910874 0.07114843174 0.006876678576)
(4.393308628 0.1181462899 0.009173963851)
(4.687420369 0.1772412368 0.01058653326)
(5.105781886 0.241110851 0.01032007059)
(5.647026103 0.2984705923 0.007994380409)
(6.285972403 0.3373317728 0.003913829861)
(6.976393012 0.3491730934 -0.0009813039327)
(7.661277653 0.331997377 -0.00548204761)
(8.286716478 0.290772848 -0.00859403784)
(8.813903732 0.2352080314 -0.00987581083)
(9.225102384 0.1761684071 -0.009486514478)
(9.522604142 0.1224700658 -0.007982344088)
(9.722718261 0.0792065363 -0.006020297798)
(9.848140496 0.0477620637 -0.004125139862)
(9.921541293 0.02691040785 -0.002591159854)
(9.961733602 0.01419587406 -0.001501814093)
(9.982366299 0.007025321746 -0.0008072326109)
(9.992314978 0.003267837069 -0.0004040437578)
(9.99682906 0.001431346545 -0.0001889801866)
(9.998759875 0.0005914165347 -8.284720236e-05)
(9.999539755 0.0002309169341 -3.413377798e-05)
(9.999837713 8.534099194e-05 -1.324941521e-05)
(9.999945565 2.990216892e-05 -4.856112954e-06)
(9.99998261 9.948847903e-06 -1.684084572e-06)
(9.999994702 3.147960253e-06 -5.536901113e-07)
(9.999998459 9.486657476e-07 -1.728989344e-07)
(9.999999572 2.726757032e-07 -5.136796166e-08)
(9.999999886 7.485687728e-08 -1.454389259e-08)
(9.999999971 1.965410992e-08 -3.930405293e-09)
(9.999999993 4.941712241e-09 -1.01533999e-09)
(9.999999998 1.191386146e-09 -2.510863301e-10)
(10 2.757489079e-10 -5.952153996e-11)
(10 6.134091625e-11 -1.354251171e-11)
(10 1.313024726e-11 -2.961935655e-12)
(10 2.708261437e-12 -6.223392283e-13)
(10 5.382945375e-13 -1.253531039e-13)
(10 1.024344814e-13 -2.487276726e-14)
(10 1.838124214e-14 -3.057782692e-15)
(10 6.478879022e-15 -2.037570333e-15)
(10 1.528227537e-16 9.068443826e-17)
(10 -2.57219633e-16 -6.061698762e-16)
(10 1.159892377e-15 -5.883676237e-16)
(10 -3.000314557e-18 6.384347238e-16)
(10 -5.554689307e-16 3.453459467e-16)
(10 -4.400309711e-16 -4.840378652e-16)
(10 -2.312460492e-17 -2.253016294e-16)
(10 9.300492127e-17 -9.550390177e-17)
(10 -1.498494597e-15 4.043702554e-15)
)
;

boundaryField
{
    left
    {
        type            dirichlet;
        value           uniform (4 0 0);
    }
    right
    {
        type            dirichlet;
        value           uniform (4 0 0);
    }
    sides
    {
        type            empty;
    }
}


// ************************************************************************* //
