/*--------------------------------*- C++ -*----------------------------------*\
| =========                 |                                                 |
| \\      /  F ield         | foam-extend: Open Source CFD                    |
|  \\    /   O peration     | Version:     4.1                                |
|   \\  /    A nd           | Web:         http://www.foam-extend.org         |
|    \\/     M anipulation  |                                                 |
\*---------------------------------------------------------------------------*/
FoamFile
{
    version     2.0;
    format      ascii;
    class       cellScalarField;
    location    "19.6";
    object      T;
}
// * * * * * * * * * * * * * * * * * * * * * * * * * * * * * * * * * * * * * //

dimensions      [0 0 0 0 1 0 0];

internalField   nonuniform 
100
(
(4 -5.703630593e-17 1.624202108e-17)
(4 -1.673787679e-16 -1.533737763e-18)
(4 1.315737286e-16 -8.014885283e-17)
(4 -1.638494439e-16 -1.555913847e-16)
(4 1.168630368e-16 -1.186610223e-16)
(4 -5.10066658e-16 2.325769269e-16)
(4 4.633297489e-16 4.166082545e-17)
(4 -3.863647826e-16 -2.786096983e-17)
(4 8.452593351e-16 6.097803119e-17)
(4 -1.548065011e-15 -3.40151252e-17)
(4 1.844068013e-16 -3.320000426e-17)
(4 1.198874943e-15 -2.256505243e-16)
(4 -4.464813293e-16 7.437603065e-17)
(4 2.006715064e-17 1.590231982e-17)
(4 4.317784629e-16 -8.073103038e-17)
(4 1.924662796e-16 2.25371744e-16)
(4 1.708381861e-15 -6.06021848e-17)
(4 2.941398603e-16 -1.785002438e-17)
(4 2.590461015e-15 1.247105518e-15)
(4 4.450726963e-14 2.839847462e-14)
(4 7.201017824e-13 4.337445204e-13)
(4 1.074227957e-11 6.186972171e-12)
(4 1.431351426e-10 7.865300341e-11)
(4.000000002 1.739021899e-09 9.192964523e-10)
(4.000000018 1.922434728e-08 9.603716935e-09)
(4.000000185 1.88832307e-07 8.847850392e-08)
(4.000001679 1.644423034e-06 7.193085134e-07)
(4.000013444 1.256390754e-05 5.024512739e-06)
(4.000093272 8.168820139e-05 2.901489724e-05)
(4.00054688 0.000439493552 0.0001352446405)
(4.002670994 0.001932702776 0.0005055853637)
(4.010843098 0.006952018522 0.001520683337)
(4.036803996 0.02060876532 0.003702793326)
(4.105490178 0.05085751757 0.007335736722)
(4.25831203 0.1055771835 0.0118331978)
(4.546997774 0.1862263933 0.01541702)
(5.014190452 0.2816938978 0.01577086956)
(5.667312999 0.3684963362 0.01155589578)
(6.46202946 0.4200819638 0.003629298712)
(7.309571374 0.4202580499 -0.00521023897)
(8.106850444 0.3713351493 -0.01185971993)
(8.772305108 0.2915133518 -0.01461568162)
(9.267828663 0.2044496645 -0.01372405444)
(9.598710024 0.128762061 -0.0106896536)
(9.797792845 0.07317571284 -0.00716456795)
(9.906216531 0.0376973137 -0.004217642814)
(9.959897058 0.0176807836 -0.002210277075)
(9.984157229 0.007581070718 -0.001041329384)
(9.994204663 0.002983342541 -0.0004444790108)
(9.998032246 0.001081550149 -0.0001729893776)
(9.99937828 0.0003625062806 -6.172871927e-05)
(9.999816745 0.0001127184668 -2.02941038e-05)
(9.999949481 3.262156679e-05 -6.17406131e-06)
(9.999986942 8.814571561e-06 -1.745126795e-06)
(9.999996827 2.230385327e-06 -4.59978451e-07)
(9.999999274 5.300023823e-07 -1.134451563e-07)
(9.999999843 1.185973875e-07 -2.6263666e-08)
(9.999999968 2.505514845e-08 -5.724527761e-09)
(9.999999994 5.009741851e-09 -1.178018631e-09)
(9.999999999 9.502838469e-10 -2.294754003e-10)
(10 1.713875074e-10 -4.242063616e-11)
(10 2.94534936e-11 -7.458143483e-12)
(10 4.831609337e-12 -1.251004597e-12)
(10 7.551336928e-13 -1.995717271e-13)
(10 1.117899001e-13 -3.000949998e-14)
(10 1.58991764e-14 -2.724863256e-15)
(10 3.131300667e-15 -1.686986963e-15)
(10 2.942724879e-16 4.088782747e-16)
(10 -5.292424437e-16 1.712120032e-16)
(10 2.116247e-16 3.340202304e-16)
(10 -2.768355905e-16 -9.752620448e-17)
(10 -1.915112163e-16 3.68248028e-16)
(10 -1.81184847e-16 -9.855664891e-17)
(10 4.085455533e-16 -1.242074035e-16)
(10 -6.969918858e-16 4.160805899e-16)
(10 2.359692642e-16 5.438204068e-16)
(10 -4.153940882e-16 1.078760548e-16)
(10 2.091626701e-16 -1.1499369e-18)
(10 1.425672514e-16 -4.591441281e-16)
(10 5.352832096e-16 -3.266279033e-16)
(10 1.841136926e-16 3.120538711e-16)
(10 -2.375679544e-17 2.18820288e-16)
(10 -1.793756841e-16 -2.222864219e-16)
(10 -3.47138505e-16 -2.364514601e-16)
(10 -1.798862293e-16 8.307285391e-17)
(10 -2.633639629e-17 -1.457787248e-16)
(10 -6.864738003e-17 -1.688257816e-16)
(10 -1.300825737e-16 7.907673636e-16)
(10 -4.108680625e-16 4.06316321e-17)
(10 -2.326655997e-16 7.561336456e-17)
(10 1.014643446e-16 -6.957175401e-17)
(10 3.335722137e-16 2.474773291e-16)
(10 -5.76604454e-17 2.822131772e-17)
(10 -1.900524434e-16 4.155060977e-16)
(10 -2.623042765e-16 1.239374837e-16)
(10 1.68942626e-16 5.914924005e-16)
(10 -4.399086005e-16 -7.147374839e-17)
(10 2.031560049e-16 -4.967368608e-17)
(10 -1.869061289e-16 8.127290714e-17)
(10 -1.195761004e-16 3.21377425e-15)
)
;

boundaryField
{
    left
    {
        type            dirichlet;
        value           uniform (4 0 0);
    }
    right
    {
        type            dirichlet;
        value           uniform (4 0 0);
    }
    sides
    {
        type            empty;
    }
}


// ************************************************************************* //
