/*--------------------------------*- C++ -*----------------------------------*\
| =========                 |                                                 |
| \\      /  F ield         | foam-extend: Open Source CFD                    |
|  \\    /   O peration     | Version:     4.1                                |
|   \\  /    A nd           | Web:         http://www.foam-extend.org         |
|    \\/     M anipulation  |                                                 |
\*---------------------------------------------------------------------------*/
FoamFile
{
    version     2.0;
    format      ascii;
    class       cellScalarField;
    location    "9.1";
    object      T;
}
// * * * * * * * * * * * * * * * * * * * * * * * * * * * * * * * * * * * * * //

dimensions      [0 0 0 0 1 0 0];

internalField   nonuniform 
100
(
(4 -5.703630593e-17 1.624202108e-17)
(4 1.760678864e-17 -4.781372523e-17)
(4 8.137809576e-16 5.627228002e-16)
(4 -1.761885817e-14 -1.624820737e-14)
(4 5.816507887e-13 6.080245009e-13)
(4 2.093116934e-12 -4.012309141e-12)
(4 1.825295264e-10 2.615915122e-10)
(4.000000005 6.18480357e-09 2.43200652e-09)
(4.00000007 7.660597421e-08 6.6459805e-08)
(4.000001624 2.069626877e-06 1.240550522e-06)
(4.000023929 2.567723689e-05 1.332241255e-05)
(4.000281687 0.000306112346 0.0001703616483)
(4.003143461 0.003307013427 0.001465384448)
(4.024921743 0.02220892651 0.007003595594)
(4.128768568 0.09115967968 0.0195528294)
(4.452193746 0.2439873581 0.03307357276)
(5.145870985 0.4513588184 0.03242834997)
(6.216442223 0.6037686976 0.01145501573)
(7.447774264 0.6050849695 -0.01562138539)
(8.533928774 0.4676841835 -0.03007376548)
(9.286792157 0.2857498478 -0.02791784896)
(9.705661644 0.141028585 -0.01789333038)
(9.896319505 0.05732351312 -0.008741392806)
(9.968560647 0.01952997365 -0.003419025379)
(9.991713071 0.005667379743 -0.001105276771)
(9.998082043 0.001421451996 -0.0003023827872)
(9.999606323 0.0003122725612 -7.134925695e-05)
(9.999927649 6.081689501e-05 -1.475146506e-05)
(9.999987987 1.06151391e-05 -2.708655975e-06)
(9.999998183 1.67679561e-06 -4.468991305e-07)
(9.999999748 2.418172685e-07 -6.692867344e-08)
(9.999999968 3.208815312e-08 -9.179572977e-09)
(9.999999996 3.945367185e-09 -1.16207064e-09)
(10 4.523004973e-10 -1.367224052e-10)
(10 4.861529099e-11 -1.504031777e-11)
(10 4.927340895e-12 -1.555148083e-12)
(10 4.722807633e-13 -1.521410356e-13)
(10 4.091975182e-14 -1.453893508e-14)
(10 3.692088863e-15 -1.115655417e-15)
(10 -1.275962931e-15 6.337603593e-16)
(10 -9.861517566e-17 4.69157827e-16)
(10 -1.494961089e-15 5.411188461e-16)
(10 6.927902253e-16 -1.026288801e-15)
(10 6.690995429e-16 1.069979177e-16)
(10 6.852005935e-17 3.204542106e-16)
(10 2.428738975e-16 -3.276844728e-16)
(10 2.23792254e-16 5.560671684e-16)
(10 -2.689075026e-16 3.492959512e-16)
(10 5.810336756e-17 -3.832422597e-16)
(10 3.142398386e-16 3.185613094e-16)
(10 -2.505685025e-16 -5.444494567e-16)
(10 3.803664772e-16 3.98329584e-17)
(10 -1.268049068e-16 2.854310504e-16)
(10 -7.598777617e-17 2.199989862e-16)
(10 -5.034719026e-16 6.580876156e-17)
(10 -3.059347678e-16 -9.314772101e-17)
(10 4.961724719e-18 4.565858578e-16)
(10 -1.545909842e-16 6.324118461e-16)
(10 -2.299437841e-17 -2.350241623e-16)
(10 5.201982096e-16 4.991957011e-16)
(10 4.939610436e-17 -5.162045552e-16)
(10 -1.305337113e-16 -2.425800633e-16)
(10 2.364758039e-16 6.27424577e-16)
(10 4.15677132e-16 2.570471748e-16)
(10 4.37839973e-16 4.995229388e-17)
(10 -2.846153593e-16 -7.123650978e-16)
(10 5.034379831e-16 1.667947342e-16)
(10 -4.185417606e-16 5.851169365e-16)
(10 2.905722797e-17 6.169572628e-16)
(10 1.604203681e-16 -4.290984028e-16)
(10 -3.565444033e-16 2.861276916e-16)
(10 -2.938352115e-17 1.146999033e-16)
(10 2.288537375e-16 1.038496592e-16)
(10 -1.290548356e-16 -1.567161854e-16)
(10 9.225547404e-17 -4.501204844e-16)
(10 -1.684603574e-16 2.017738867e-16)
(10 -3.945048428e-16 -5.395500869e-16)
(10 1.416077705e-16 -1.838653843e-16)
(10 5.067129337e-16 4.735176634e-17)
(10 -2.603288151e-16 7.48973434e-16)
(10 -2.192187726e-16 5.69266038e-17)
(10 -1.854297255e-16 6.769899064e-17)
(10 -3.414641057e-16 4.102568964e-16)
(10 2.282727488e-17 1.218580069e-16)
(10 -2.649642611e-16 2.453169875e-16)
(10 -1.894112883e-17 4.26545229e-17)
(10 -2.350594994e-17 1.46179938e-16)
(10 -4.542592377e-16 -9.928045862e-17)
(10 -1.210248092e-18 -3.765913058e-16)
(10 1.093612822e-16 -2.476806326e-16)
(10 8.523293909e-17 -4.060719251e-16)
(10 -5.817897996e-17 -2.008818928e-16)
(10 3.82304655e-17 2.275369465e-16)
(10 -1.685932662e-17 -1.087825639e-17)
(10 2.413900432e-16 1.962281516e-16)
(10 -2.66512645e-16 -2.695542951e-17)
(10 1.364883093e-16 1.74959894e-17)
(10 -2.188385326e-16 5.564619606e-16)
(10 -1.000862168e-15 5.078880458e-16)
(10 -1.835065555e-15 3.893534767e-15)
)
;

boundaryField
{
    left
    {
        type            dirichlet;
        value           uniform (4 0 0);
    }
    right
    {
        type            dirichlet;
        value           uniform (4 0 0);
    }
    sides
    {
        type            empty;
    }
}


// ************************************************************************* //
