/*--------------------------------*- C++ -*----------------------------------*\
| =========                 |                                                 |
| \\      /  F ield         | foam-extend: Open Source CFD                    |
|  \\    /   O peration     | Version:     4.1                                |
|   \\  /    A nd           | Web:         http://www.foam-extend.org         |
|    \\/     M anipulation  |                                                 |
\*---------------------------------------------------------------------------*/
FoamFile
{
    version     2.0;
    format      ascii;
    class       cellScalarField;
    location    "24.9";
    object      T;
}
// * * * * * * * * * * * * * * * * * * * * * * * * * * * * * * * * * * * * * //

dimensions      [0 0 0 0 1 0 0];

internalField   nonuniform 
100
(
(4 -5.703630593e-17 1.624202108e-17)
(4 -1.283250724e-16 8.643850925e-17)
(4 -5.50045859e-17 -2.905329161e-17)
(4 -5.647733424e-17 4.032353255e-18)
(4 -7.496719854e-17 -1.766161732e-16)
(4 -4.492415746e-16 1.220586794e-16)
(4 4.932823979e-16 3.203484438e-17)
(4 -4.960893669e-16 -2.008167076e-16)
(4 9.335018911e-16 -1.810299007e-17)
(4 -1.011155883e-15 -1.420768299e-16)
(4 9.551740248e-17 -5.075256698e-17)
(4 1.245561035e-15 -9.148558284e-17)
(4 -7.616918439e-16 1.215441028e-17)
(4 3.115163915e-16 1.105735189e-17)
(4 3.356981629e-17 8.763467576e-18)
(4 -2.047792389e-16 4.453622182e-17)
(4 1.764101394e-16 -1.341616136e-16)
(4 -1.721402773e-16 -3.987936771e-17)
(4 2.831110331e-17 -4.814507448e-17)
(4 9.992862868e-17 -4.654009728e-17)
(4 4.272322435e-16 2.660823492e-16)
(4 -7.484438761e-16 -1.612624181e-16)
(4 9.17840931e-16 1.315015771e-17)
(4 -8.280340539e-16 8.874073953e-17)
(4 7.714027164e-16 2.183915846e-16)
(4 -8.255247736e-16 1.828874722e-16)
(4 1.945277821e-15 9.966202466e-16)
(4 2.359615606e-14 1.270187304e-14)
(4 2.925586932e-13 1.600899065e-13)
(4 3.577889029e-12 1.899892443e-12)
(4 4.047159791e-11 2.063903772e-11)
(4 4.212497565e-10 2.055474647e-10)
(4.000000004 4.007267265e-09 1.857475451e-09)
(4.000000035 3.45478011e-08 1.511441752e-08)
(4.000000285 2.679891029e-07 1.09715485e-07)
(4.000002062 1.849578324e-06 6.992836386e-07)
(4.000013202 1.118569001e-05 3.844692086e-06)
(4.000073964 5.8474219e-05 1.800279543e-05)
(4.000359679 0.0002621449708 7.137606967e-05)
(4.001513608 0.001005878313 0.0002394956922)
(4.00551989 0.003311097986 0.0006818161295)
(4.017520945 0.009394389857 0.001652722528)
(4.048699094 0.02310833463 0.00342193583)
(4.119351699 0.04958550395 0.006061652528)
(4.259822697 0.093385216 0.009174559877)
(4.506248647 0.1552647023 0.01178430748)
(4.889747141 0.2291504808 0.01261302336)
(5.421870228 0.3017488577 0.0107207253)
(6.083298302 0.3562197819 0.006136122099)
(6.823058806 0.3786761638 7.407070892e-06)
(7.570591276 0.3639976729 -0.005892694873)
(8.25573343 0.317614335 -0.01000032356)
(8.827376875 0.252500581 -0.01160150077)
(9.263047034 0.1835213802 -0.0109446282)
(9.567341677 0.1223475817 -0.008884256209)
(9.762721993 0.07504829102 -0.00637400804)
(9.878386732 0.04248271639 -0.004105282083)
(9.941698182 0.0222557586 -0.002398328634)
(9.973827468 0.01081962361 -0.001280535296)
(9.98898356 0.004893900763 -0.0006285741962)
(9.99564591 0.002064720389 -0.0002850441319)
(9.998381612 0.0008144780469 -0.0001199105987)
(9.99943338 0.0003011064829 -4.696475477e-05)
(9.999812831 0.0001045580665 -1.71818807e-05)
(9.999941571 3.417677662e-05 -5.889002948e-06)
(9.999982734 1.053772542e-05 -1.896147299e-06)
(9.999995163 3.070993499e-06 -5.749959348e-07)
(9.999998713 8.475594056e-07 -1.646085359e-07)
(9.999999674 2.219389606e-07 -4.458678553e-08)
(9.999999921 5.523988926e-08 -1.145100683e-08)
(9.999999982 1.30913114e-08 -2.794050633e-09)
(9.999999996 2.959052636e-09 -6.489390551e-10)
(9.999999999 6.389386727e-10 -1.437250191e-10)
(10 1.320013527e-10 -3.040817657e-11)
(10 2.612725565e-11 -6.153434727e-12)
(10 4.965294741e-12 -1.194482788e-12)
(10 9.044015024e-13 -2.224187356e-13)
(10 1.535959978e-13 -3.770614223e-14)
(10 3.05220283e-14 -6.541581109e-15)
(10 5.457199674e-15 -2.429786847e-15)
(10 3.567458111e-16 -3.211883238e-16)
(10 -2.162880793e-16 2.510017245e-16)
(10 -1.937063771e-16 5.129168456e-16)
(10 -3.540234545e-16 -2.832980436e-16)
(10 -1.420350512e-16 -1.753861304e-16)
(10 1.542132117e-16 -8.644330097e-18)
(10 2.54081964e-16 3.067859942e-16)
(10 -1.311391317e-16 -1.18833371e-16)
(10 -2.107411534e-16 -2.503796169e-16)
(10 9.347478251e-18 5.674137358e-17)
(10 -3.40827419e-16 -1.321036029e-16)
(10 -1.246898773e-16 -6.73004704e-17)
(10 -3.008190054e-16 -6.963906536e-16)
(10 -2.741679689e-16 -4.410415768e-16)
(10 4.777831577e-16 -5.176176495e-16)
(10 3.329498521e-16 -1.040820828e-16)
(10 -3.510310812e-16 2.980967643e-16)
(10 -1.566402613e-16 2.364798384e-16)
(10 3.006790339e-17 -5.756111497e-16)
(10 3.849070355e-16 3.484063245e-15)
)
;

boundaryField
{
    left
    {
        type            dirichlet;
        value           uniform (4 0 0);
    }
    right
    {
        type            dirichlet;
        value           uniform (4 0 0);
    }
    sides
    {
        type            empty;
    }
}


// ************************************************************************* //
