/*--------------------------------*- C++ -*----------------------------------*\
| =========                 |                                                 |
| \\      /  F ield         | foam-extend: Open Source CFD                    |
|  \\    /   O peration     | Version:     4.1                                |
|   \\  /    A nd           | Web:         http://www.foam-extend.org         |
|    \\/     M anipulation  |                                                 |
\*---------------------------------------------------------------------------*/
FoamFile
{
    version     2.0;
    format      ascii;
    class       cellScalarField;
    location    "17.3";
    object      T;
}
// * * * * * * * * * * * * * * * * * * * * * * * * * * * * * * * * * * * * * //

dimensions      [0 0 0 0 1 0 0];

internalField   nonuniform 
100
(
(4 -5.703630593e-17 1.624202108e-17)
(4 -4.342024118e-17 7.827320988e-17)
(4 -1.344314846e-16 5.776770152e-17)
(4 -1.00240754e-16 2.055554607e-16)
(4 5.468255185e-17 5.417983886e-17)
(4 -4.874968356e-16 -1.430181104e-16)
(4 2.725589667e-16 5.017616318e-17)
(4 -3.29785966e-16 -1.146001215e-16)
(4 9.670881547e-16 4.996750184e-17)
(4 -1.267665851e-15 2.895910628e-16)
(4 2.86763301e-16 1.242435837e-16)
(4 9.828674205e-16 3.078319916e-16)
(4 1.269277196e-15 -4.067195487e-17)
(4 1.477692242e-16 -1.625641564e-16)
(4 2.961185829e-17 4.557348315e-16)
(4 1.053039246e-14 7.318958787e-15)
(4 2.016402905e-13 1.247028838e-13)
(4 3.440696607e-12 2.17096495e-12)
(4 5.541486418e-11 3.238201933e-11)
(4.000000001 7.632601734e-10 4.281166444e-10)
(4.000000009 9.717132115e-09 5.250687186e-09)
(4.000000104 1.108535231e-07 5.582775824e-08)
(4.000001077 1.10049974e-06 5.183057885e-07)
(4.00000981 9.632741391e-06 4.210122682e-06)
(4.000078 7.252617313e-05 2.834710895e-05)
(4.000522139 0.0004473406967 0.0001505288169)
(4.002856157 0.00219604003 0.0006192507496)
(4.01264796 0.00854388917 0.001977662191)
(4.045589683 0.02657667811 0.004944044257)
(4.135439468 0.06697944374 0.009741554748)
(4.336665838 0.1386725955 0.01513107009)
(4.711328655 0.2389382897 0.0182618769)
(5.297953302 0.346678159 0.01624082551)
(6.078408834 0.4280380621 0.008526620415)
(6.968976873 0.4539995653 -0.0021396609)
(7.847991381 0.4172075727 -0.01140867884)
(8.604282831 0.3347725979 -0.01614119895)
(9.175536403 0.236239339 -0.01595068994)
(9.556839186 0.1475822122 -0.01260644597)
(9.783134213 0.08212528035 -0.008381281048)
(9.90323415 0.04094458918 -0.004812696087)
(9.960544085 0.01838924879 -0.002427050655)
(9.985259481 0.007478621621 -0.001087876864)
(9.994939453 0.002767546128 -0.0004374632315)
(9.998398564 0.0009362719177 -0.0001590396003)
(9.999531374 0.0002908441955 -5.261825e-05)
(9.999872787 8.330906292e-05 -1.593527524e-05)
(9.999967864 2.209167909e-05 -4.440591531e-06)
(9.999992422 5.443943859e-06 -1.144038181e-06)
(9.999998327 1.251142085e-06 -2.736836741e-07)
(9.999999653 2.690829749e-07 -6.10395155e-08)
(9.999999932 5.433162831e-08 -1.27392959e-08)
(9.999999988 1.033073771e-08 -2.496648444e-09)
(9.999999998 1.85513238e-09 -4.609471305e-10)
(10 3.154754719e-10 -8.041422959e-11)
(10 5.093865841e-11 -1.329410056e-11)
(10 7.826669633e-12 -2.086229249e-12)
(10 1.148924347e-12 -3.130710286e-13)
(10 1.571638431e-13 -4.446215568e-14)
(10 1.840178884e-14 -4.866465078e-15)
(10 4.683053773e-15 -2.296906979e-15)
(10 3.082768997e-16 1.89305325e-16)
(10 -1.863164882e-16 -1.370404168e-16)
(10 1.391444064e-16 -1.347441002e-16)
(10 1.976154667e-16 -7.434527745e-18)
(10 2.217941951e-16 2.956815597e-16)
(10 -9.366987716e-18 -5.485562382e-16)
(10 6.769763398e-18 -1.029430714e-17)
(10 2.273532483e-16 7.78534423e-17)
(10 -3.661177858e-19 2.253189241e-16)
(10 3.858963675e-17 -5.854311301e-16)
(10 -2.571061481e-16 6.838347632e-17)
(10 1.407424093e-16 1.005318317e-16)
(10 -8.339454377e-17 7.19421237e-16)
(10 -3.77043448e-16 2.686906508e-16)
(10 2.633648102e-16 3.704861138e-16)
(10 5.041001384e-17 -3.796919048e-16)
(10 -2.762808976e-16 -1.350439879e-16)
(10 -3.602736861e-16 -1.678258614e-16)
(10 1.531019688e-16 1.352806649e-16)
(10 -1.154299102e-16 -6.507253743e-16)
(10 2.725765297e-16 -5.655165098e-16)
(10 7.470775081e-17 -5.573257582e-16)
(10 -3.203107231e-16 -8.69612594e-18)
(10 2.232482139e-16 -2.229561377e-16)
(10 -2.950308086e-17 9.554441582e-17)
(10 -9.459599956e-17 7.405388348e-17)
(10 2.317390935e-16 1.128164937e-16)
(10 -3.600237209e-17 -5.065334861e-16)
(10 -2.435905672e-16 1.972021814e-17)
(10 -3.732242676e-16 2.32174351e-16)
(10 -5.056332701e-16 1.191828505e-16)
(10 -3.797275416e-16 2.307790748e-16)
(10 -4.420255595e-16 -2.864312665e-17)
(10 -2.891982113e-16 3.145063144e-16)
(10 6.427579433e-16 1.386062579e-16)
(10 -2.300640273e-16 -1.25906297e-16)
(10 1.726759022e-16 -1.011286956e-16)
(10 -2.731523067e-16 4.04260896e-16)
(10 -8.873059035e-16 3.544600104e-15)
)
;

boundaryField
{
    left
    {
        type            dirichlet;
        value           uniform (4 0 0);
    }
    right
    {
        type            dirichlet;
        value           uniform (4 0 0);
    }
    sides
    {
        type            empty;
    }
}


// ************************************************************************* //
