/*--------------------------------*- C++ -*----------------------------------*\
| =========                 |                                                 |
| \\      /  F ield         | foam-extend: Open Source CFD                    |
|  \\    /   O peration     | Version:     4.1                                |
|   \\  /    A nd           | Web:         http://www.foam-extend.org         |
|    \\/     M anipulation  |                                                 |
\*---------------------------------------------------------------------------*/
FoamFile
{
    version     2.0;
    format      ascii;
    class       cellScalarField;
    location    "41.2";
    object      T;
}
// * * * * * * * * * * * * * * * * * * * * * * * * * * * * * * * * * * * * * //

dimensions      [0 0 0 0 1 0 0];

internalField   nonuniform 
100
(
(4 -5.703630593e-17 1.624202108e-17)
(4 -2.095724224e-16 2.457605365e-16)
(4 -4.478915818e-17 1.275749159e-16)
(4 -2.241432799e-16 -1.089514698e-16)
(4 -1.140343007e-16 6.574102447e-17)
(4 -2.704816262e-16 6.949743486e-18)
(4 3.719353426e-16 6.480942719e-17)
(4 -4.473085836e-16 -8.800409664e-18)
(4 6.870495185e-16 1.160171041e-16)
(4 -1.332817008e-15 6.704850587e-18)
(4 3.577190621e-16 9.027783373e-17)
(4 -4.427798407e-16 -1.858795821e-16)
(4 1.236277375e-15 -1.732940364e-16)
(4 -3.111382963e-16 1.036625479e-17)
(4 2.592398332e-16 9.557133767e-17)
(4 -6.195289201e-16 5.439405153e-16)
(4 4.532513727e-16 8.449509677e-17)
(4 -8.224562748e-16 2.134459879e-16)
(4 8.500269797e-16 -8.572925684e-17)
(4 -8.533726866e-16 2.66802628e-16)
(4 5.067952238e-16 -1.25741735e-16)
(4 -2.602961042e-17 -5.459249881e-17)
(4 -4.120456966e-17 5.142518117e-17)
(4 -2.948133675e-16 3.551808377e-17)
(4 -2.307339051e-17 7.883462246e-17)
(4 -1.905096862e-16 1.840139295e-16)
(4 9.564092628e-17 -3.53518931e-17)
(4 -1.761306875e-17 -3.538964371e-17)
(4 -3.13315493e-16 -6.32404298e-17)
(4 4.111531813e-16 -5.369793799e-17)
(4 8.487929974e-17 -6.53518033e-17)
(4 1.084000926e-16 -1.655986379e-16)
(4 1.185298085e-16 -2.026588323e-17)
(4 -4.486273746e-16 2.217595737e-17)
(4 3.507227318e-16 1.244930275e-16)
(4 -4.64752045e-16 5.727889141e-17)
(4 8.961442298e-16 1.497455305e-16)
(4 -8.34844116e-16 -2.151805848e-16)
(4 6.549648704e-16 2.127349984e-16)
(4 -5.802224944e-16 -3.371676496e-16)
(4 1.001643146e-15 3.783593521e-17)
(4 -7.220228595e-16 6.005763984e-17)
(4 4.332247074e-16 5.320571722e-18)
(4 -8.521597459e-16 2.41453662e-16)
(4 3.236943183e-16 -4.649104196e-17)
(4 2.831600869e-16 1.193712564e-16)
(4 -7.562133163e-16 -4.198514461e-16)
(4 1.068207266e-15 -1.564351414e-16)
(4 -8.683135299e-16 -2.883412306e-16)
(4 4.605561938e-16 -3.712117671e-17)
(4 -8.544115702e-17 -1.154478372e-16)
(4 4.921070382e-17 -2.015631692e-16)
(4 1.72984795e-15 3.774500784e-16)
(4 8.511451944e-15 4.037718979e-15)
(4 8.640635364e-14 3.890610292e-14)
(4 7.237163119e-13 3.13206376e-13)
(4 5.60247183e-12 2.324818221e-12)
(4 4.046581824e-11 1.608361256e-11)
(4 2.719531772e-10 1.030960483e-10)
(4.000000002 1.693629593e-09 6.09585134e-10)
(4.000000012 9.733814359e-09 3.310209933e-09)
(4.000000065 5.143368043e-08 1.644415913e-08)
(4.000000329 2.490871671e-07 7.450229575e-08)
(4.000001533 1.103115696e-06 3.072102034e-07)
(4.000006547 4.4618076e-06 1.151732647e-06)
(4.000025637 1.647702314e-05 3.924966685e-06)
(4.000092093 5.558078044e-05 1.216453808e-05)
(4.000303759 0.0001714405223 3.431901943e-05)
(4.000921418 0.0004842851879 8.824110576e-05)
(4.002575419 0.001255079684 0.0002070431746)
(4.006647505 0.002990095873 0.0004438516146)
(4.015882784 0.006562124861 0.0008702630618)
(4.0352166 0.01329429561 0.001561709108)
(4.072654015 0.02491491257 0.002565429008)
(4.139841894 0.04328347705 0.003855328008)
(4.251819187 0.06984341879 0.005290630067)
(4.425461471 0.104884953 0.006604515908)
(4.676460727 0.146858396 0.007445364832)
(5.015271132 0.1920723685 0.007472606172)
(5.443085289 0.2350517603 0.006478933237)
(5.949242852 0.2695981316 0.004488168738)
(6.511246135 0.2902811186 0.001780107692)
(7.097760259 0.2938569985 -0.001176664708)
(7.673920857 0.2800980014 -0.003860482436)
(8.207439396 0.251743488 -0.005845937409)
(8.673765478 0.2136367635 -0.006908854114)
(9.05901032 0.1714105982 -0.00705373865)
(9.360202921 0.1301961921 -0.006467148453)
(9.583327533 0.09373346847 -0.00542873396)
(9.740134335 0.06403933424 -0.00422000505)
(9.844798816 0.04156796131 -0.003060456208)
(9.911224917 0.0256637242 -0.002081652878)
(9.951353827 0.0150870727 -0.001333234368)
(9.974454053 0.008454284189 -0.0008065812666)
(9.987138288 0.004520485748 -0.0004621241355)
(9.993788549 0.002308702246 -0.0002513007086)
(9.997121016 0.001127333405 -0.0001299527444)
(9.998718591 0.0005268111779 -6.401376124e-05)
(9.999451975 0.0002358208533 -3.008329555e-05)
(9.999774654 0.0001012117402 -1.350682464e-05)
)
;

boundaryField
{
    left
    {
        type            dirichlet;
        value           uniform (4 0 0);
    }
    right
    {
        type            dirichlet;
        value           uniform (4 0 0);
    }
    sides
    {
        type            empty;
    }
}


// ************************************************************************* //
