/*--------------------------------*- C++ -*----------------------------------*\
| =========                 |                                                 |
| \\      /  F ield         | foam-extend: Open Source CFD                    |
|  \\    /   O peration     | Version:     4.1                                |
|   \\  /    A nd           | Web:         http://www.foam-extend.org         |
|    \\/     M anipulation  |                                                 |
\*---------------------------------------------------------------------------*/
FoamFile
{
    version     2.0;
    format      ascii;
    class       cellScalarField;
    location    "24.1";
    object      T;
}
// * * * * * * * * * * * * * * * * * * * * * * * * * * * * * * * * * * * * * //

dimensions      [0 0 0 0 1 0 0];

internalField   nonuniform 
100
(
(4 -5.703630593e-17 1.624202108e-17)
(4 6.051795092e-17 2.461965322e-16)
(4 -2.184203233e-16 6.579288963e-17)
(4 3.570134045e-17 2.005260506e-16)
(4 -1.150526183e-17 -1.819521e-17)
(4 -3.648938063e-16 -6.094859959e-17)
(4 3.87060481e-16 9.053102371e-17)
(4 -3.186766594e-16 1.566272042e-17)
(4 6.739624661e-16 -3.085220958e-17)
(4 -1.393068213e-15 -2.37208735e-16)
(4 4.736451502e-16 -1.566550428e-16)
(4 8.637926305e-16 7.772170213e-17)
(4 -9.139816279e-16 2.675472364e-16)
(4 3.481944719e-16 -4.024624766e-17)
(4 3.547762816e-17 -1.52867458e-17)
(4 9.943442838e-17 -6.243887015e-17)
(4 3.042629775e-16 2.510406167e-16)
(4 -9.591720491e-16 5.959158766e-17)
(4 1.252837478e-15 2.140539414e-16)
(4 -1.138877048e-15 -2.42422583e-18)
(4 8.95638481e-16 -1.820390772e-17)
(4 -8.232683804e-16 3.405876561e-16)
(4 6.809882005e-16 1.595093185e-17)
(4 -8.52582858e-16 3.045602349e-16)
(4 8.46791188e-16 8.464766961e-17)
(4 3.78137798e-15 1.648237994e-15)
(4 4.571124618e-14 2.448506361e-14)
(4 5.815626169e-13 3.236500219e-13)
(4 7.206892113e-12 3.833659882e-12)
(4 8.182209314e-11 4.180297321e-11)
(4.000000001 8.535564377e-10 4.166218537e-10)
(4.000000008 8.109724784e-09 3.752357147e-09)
(4.000000071 6.957884869e-08 3.032265954e-08)
(4.000000572 5.350930533e-07 2.175304388e-07)
(4.000004083 3.640948365e-06 1.360053003e-06)
(4.000025679 2.155025504e-05 7.27185469e-06)
(4.000140419 0.0001094250863 3.28438559e-05)
(4.000662435 0.0004733544882 0.0001247357111)
(4.002691072 0.001743340619 0.0003986223519)
(4.009438559 0.005485425611 0.001075445976)
(4.028736013 0.01482890194 0.002458822811)
(4.076468606 0.03466518996 0.004777842437)
(4.179222304 0.07054185784 0.00789520636)
(4.372925803 0.1257663801 0.01105429588)
(4.694596487 0.197645892 0.0129566939)
(5.167796203 0.27534804 0.01231524498)
(5.787667178 0.3418519943 0.008633184278)
(6.514262114 0.3800881892 0.002662503399)
(7.279833323 0.3801909019 -0.003854256685)
(8.007982725 0.3435896223 -0.00902757548)
(8.635639588 0.2816653329 -0.0116868567)
(9.127809335 0.2102392342 -0.01174535994)
(9.480125699 0.1433913599 -0.009960626555)
(9.711135826 0.08966501643 -0.007383410276)
(9.850321293 0.05157090171 -0.004876425791)
(9.927614707 0.0273649711 -0.002904812037)
(9.967291881 0.01343578232 -0.001574202723)
(9.98617182 0.006121036256 -0.0007812751121)
(9.994521814 0.002594470026 -0.0003570069804)
(9.997963073 0.001025785419 -0.0001508847974)
(9.999287942 0.0003792525851 -5.921383927e-05)
(9.999765573 0.00013143306 -2.16539107e-05)
(9.999927186 4.279434575e-05 -7.402331397e-06)
(9.999978626 1.312015353e-05 -2.372412459e-06)
(9.99999406 3.795701086e-06 -7.147910045e-07)
(9.999998434 1.038344346e-06 -2.029714294e-07)
(9.999999608 2.691224038e-07 -5.444904485e-08)
(9.999999907 6.621373637e-08 -1.382988989e-08)
(9.999999979 1.549300599e-08 -3.333044192e-09)
(9.999999995 3.45367779e-09 -7.637139509e-10)
(9.999999999 7.347273323e-10 -1.666934431e-10)
(10 1.494092754e-10 -3.472102028e-11)
(10 2.908557317e-11 -6.91444243e-12)
(10 5.42971613e-12 -1.31778566e-12)
(10 9.705992406e-13 -2.408775014e-13)
(10 1.677372895e-13 -4.32669078e-14)
(10 3.073915985e-14 -6.622278643e-15)
(10 5.119976531e-15 -1.100000456e-15)
(10 -7.968148143e-16 3.662530668e-17)
(10 1.459335328e-16 -4.357628064e-16)
(10 -9.05375001e-17 1.13054186e-16)
(10 -8.624586405e-17 -1.499790895e-16)
(10 -2.793476989e-16 1.341517181e-16)
(10 -2.189077088e-16 2.713451435e-16)
(10 3.57805185e-17 6.679803022e-17)
(10 -1.859557002e-16 1.670868977e-16)
(10 1.110592602e-16 -1.86343084e-16)
(10 1.780853301e-16 -8.998069304e-17)
(10 -2.786271194e-19 2.23900997e-16)
(10 -6.64414627e-16 -3.220038063e-17)
(10 3.04242846e-16 -3.497718608e-16)
(10 3.924618695e-16 3.970515652e-16)
(10 -2.938831389e-16 4.894717558e-16)
(10 -5.282621271e-16 2.205360123e-16)
(10 1.090826785e-17 -2.170962582e-16)
(10 3.669122206e-16 2.673356208e-16)
(10 -4.670812262e-16 -1.324703178e-16)
(10 -3.47459524e-17 -2.519941247e-17)
(10 1.551314601e-16 -9.888614167e-17)
(10 -1.333884961e-15 3.240710183e-15)
)
;

boundaryField
{
    left
    {
        type            dirichlet;
        value           uniform (4 0 0);
    }
    right
    {
        type            dirichlet;
        value           uniform (4 0 0);
    }
    sides
    {
        type            empty;
    }
}


// ************************************************************************* //
