/*--------------------------------*- C++ -*----------------------------------*\
| =========                 |                                                 |
| \\      /  F ield         | foam-extend: Open Source CFD                    |
|  \\    /   O peration     | Version:     4.1                                |
|   \\  /    A nd           | Web:         http://www.foam-extend.org         |
|    \\/     M anipulation  |                                                 |
\*---------------------------------------------------------------------------*/
FoamFile
{
    version     2.0;
    format      ascii;
    class       cellScalarField;
    location    "4.9";
    object      T;
}
// * * * * * * * * * * * * * * * * * * * * * * * * * * * * * * * * * * * * * //

dimensions      [0 0 0 0 1 0 0];

internalField   nonuniform 
100
(
(4 -2.494447818e-10 -1.37704502e-10)
(4.000000006 1.708902819e-08 1.076283579e-08)
(4.000000043 -1.7843926e-07 -1.155351661e-07)
(4.000004191 9.200105061e-06 8.579463525e-06)
(4.000127422 0.0001204189065 3.2195836e-05)
(4.00145713 0.001762740742 0.001656334103)
(4.030849868 0.03782506899 0.01781232149)
(4.269844723 0.2317532228 0.05524189551)
(5.099542542 0.6092158183 0.06007638628)
(6.600932469 0.8470190919 0.0007245166275)
(8.197598387 0.7027179282 -0.05101641576)
(9.281175213 0.3786404045 -0.04909404852)
(9.781827264 0.1418041924 -0.02476832995)
(9.948297439 0.03910935356 -0.008231601013)
(9.990139602 0.008348415841 -0.001997109714)
(9.998441008 0.001438465227 -0.0003776693176)
(9.999790131 0.0002071192236 -5.835326905e-05)
(9.999975388 2.563319131e-05 -7.632023002e-06)
(9.999997437 2.789526157e-06 -8.682951423e-07)
(9.999999759 2.718911993e-07 -8.77819423e-08)
(9.999999979 2.409300267e-08 -8.020486193e-09)
(9.999999998 1.964871023e-09 -6.713734888e-10)
(10 1.489723306e-10 -5.205953913e-11)
(10 1.058775637e-11 -3.774007987e-12)
(10 7.113890593e-13 -2.579830449e-13)
(10 4.466482542e-14 -1.674975762e-14)
(10 1.277564182e-15 -1.675382071e-15)
(10 1.520106482e-15 -1.688349642e-16)
(10 -1.276445176e-15 6.51909495e-17)
(10 1.93646898e-15 -7.185516311e-16)
(10 6.611747731e-16 -1.985877724e-16)
(10 -3.487442984e-16 7.921290357e-16)
(10 6.861731072e-17 1.83588331e-16)
(10 -2.799417934e-16 -2.919264097e-16)
(10 4.329761537e-16 -6.125213769e-18)
(10 -1.463901424e-16 -3.138812696e-18)
(10 -3.112966781e-16 -2.686521739e-16)
(10 -1.744194933e-16 -1.043701157e-16)
(10 1.609471996e-16 3.170444152e-16)
(10 -2.49391841e-16 3.163052601e-16)
(10 -1.917354711e-16 5.745162505e-16)
(10 -1.639411191e-16 1.420023308e-16)
(10 -1.300680675e-16 2.757500641e-16)
(10 -2.409991001e-16 1.553484331e-17)
(10 -3.09390526e-16 6.489192797e-17)
(10 3.124138406e-16 -3.661027567e-16)
(10 3.185463172e-17 4.968406569e-17)
(10 -1.456091117e-16 -3.763257675e-16)
(10 4.130560516e-17 4.553089121e-16)
(10 -1.080810088e-16 -2.660973724e-18)
(10 4.231710706e-16 5.910967819e-16)
(10 -2.706746476e-16 1.292976294e-16)
(10 2.353702228e-16 1.995407413e-16)
(10 -2.666489959e-16 -2.68807183e-17)
(10 1.364853921e-16 1.749757891e-17)
(10 -2.188385902e-16 5.564619917e-16)
(10 -1.000862169e-15 5.078880463e-16)
(10 1.354184939e-16 -7.673887637e-17)
(10 4.236895964e-18 -2.400961834e-18)
(10 1.325615644e-19 -7.511991314e-20)
(10 4.147509994e-21 -2.350308642e-21)
(10 1.297649075e-22 -7.353510517e-23)
(10 4.060009799e-24 -2.300724081e-24)
(10 1.270272517e-25 -7.198373192e-26)
(10 3.974355599e-27 -2.252185607e-27)
(10 1.243473524e-28 -7.046508805e-29)
(10 3.890508449e-30 -2.204671151e-30)
(10 1.217239909e-31 -6.897848307e-32)
(10 3.808430225e-33 -2.158159109e-33)
(10 1.191559747e-34 -6.752324105e-35)
(10 3.728083609e-36 -2.112628333e-36)
(10 1.16642136e-37 -6.609870033e-38)
(10 3.649432069e-39 -2.068058123e-39)
(10 1.141813318e-40 -6.470421321e-41)
(10 3.572439844e-42 -2.024428212e-42)
(10 1.117724433e-43 -6.333914564e-44)
(10 3.497071927e-45 -1.981718763e-45)
(10 1.094143753e-46 -6.200287697e-47)
(10 3.42329405e-48 -1.939910357e-48)
(10 1.071060555e-49 -6.069479961e-50)
(10 3.351072669e-51 -1.898983985e-51)
(10 1.048464345e-52 -5.941431881e-53)
(10 3.280374945e-54 -1.858921038e-54)
(10 1.026344847e-55 -5.816085238e-56)
(10 3.211168734e-57 -1.819703301e-57)
(10 1.004692006e-58 -5.693383038e-59)
(10 3.143422569e-60 -1.781312942e-60)
(10 9.834959756e-62 -5.573269491e-62)
(10 3.077105648e-63 -1.743732507e-63)
(10 9.627471188e-65 -5.455689985e-65)
(10 3.012187818e-66 -1.706944907e-66)
(10 9.424360014e-68 -5.340591059e-68)
(10 2.948639562e-69 -1.670933417e-69)
(10 9.225533886e-71 -5.22792038e-71)
(10 2.886431987e-72 -1.635681663e-72)
(10 9.030902402e-74 -5.117626719e-74)
(10 2.825536807e-75 -1.601173617e-75)
(10 8.840377066e-77 -5.009659929e-77)
(10 2.765926336e-78 -1.567393588e-78)
(10 -1.320827331e-15 3.813411616e-15)
)
;

boundaryField
{
    left
    {
        type            dirichlet;
        value           uniform (4 0 0);
    }
    right
    {
        type            dirichlet;
        value           uniform (4 0 0);
    }
    sides
    {
        type            empty;
    }
}


// ************************************************************************* //
