/*--------------------------------*- C++ -*----------------------------------*\
| =========                 |                                                 |
| \\      /  F ield         | foam-extend: Open Source CFD                    |
|  \\    /   O peration     | Version:     4.1                                |
|   \\  /    A nd           | Web:         http://www.foam-extend.org         |
|    \\/     M anipulation  |                                                 |
\*---------------------------------------------------------------------------*/
FoamFile
{
    version     2.0;
    format      ascii;
    class       cellScalarField;
    location    "23.4";
    object      T;
}
// * * * * * * * * * * * * * * * * * * * * * * * * * * * * * * * * * * * * * //

dimensions      [0 0 0 0 1 0 0];

internalField   nonuniform 
100
(
(4 -5.703630593e-17 1.624202108e-17)
(4 -9.43778298e-17 1.816706171e-16)
(4 -1.459527274e-16 -2.420718676e-17)
(4 1.091544533e-16 -1.667983458e-16)
(4 -7.063564986e-17 3.067096144e-16)
(4 -5.400566505e-16 3.296167035e-16)
(4 3.883367216e-16 -1.128838151e-17)
(4 -3.715390561e-16 3.298030622e-16)
(4 7.858614713e-16 -3.82877055e-17)
(4 -1.388616131e-15 -4.559778852e-18)
(4 3.019460042e-16 -1.52147609e-16)
(4 1.052617696e-15 -1.409239898e-16)
(4 -6.590220989e-16 5.531643513e-16)
(4 -5.669926151e-17 -2.353764107e-17)
(4 9.451613016e-16 -1.421752034e-18)
(4 -8.62363463e-16 3.311392003e-16)
(4 8.262060678e-16 4.799322913e-17)
(4 -8.130162883e-16 -3.751845371e-17)
(4 8.270194965e-16 1.48421685e-16)
(4 -9.153483642e-16 6.222773852e-17)
(4 9.504763548e-16 -1.307879976e-16)
(4 -7.07400206e-16 4.983841296e-16)
(4 1.43951579e-20 -1.257193842e-16)
(4 5.908464158e-16 3.974254149e-16)
(4 4.916213013e-15 1.983633376e-15)
(4 5.633800645e-14 3.29336459e-14)
(4 7.761423463e-13 4.335616966e-13)
(4 9.750442079e-12 5.2232348e-12)
(4 1.123053981e-10 5.778714792e-11)
(4.000000001 1.187440517e-09 5.834513227e-10)
(4.000000011 1.141154158e-08 5.309556432e-09)
(4.000000101 9.879293669e-08 4.32530817e-08)
(4.000000815 7.649178862e-07 3.119610641e-07)
(4.000005848 5.222928782e-06 1.952040161e-06)
(4.000036802 3.087112761e-05 1.038174255e-05)
(4.000200398 0.0001556483805 4.633874712e-05)
(4.000936791 0.0006648444373 0.0001728585524)
(4.003754081 0.002405817802 0.0005396016389)
(4.01293917 0.007406033234 0.00141485586)
(4.038591927 0.01951652155 0.00312851546)
(4.100357577 0.04433570836 0.005849288963)
(4.229424842 0.0874382175 0.00924444809)
(4.465026546 0.1507244386 0.01227826427)
(4.843059314 0.2285375728 0.01346841421)
(5.379340443 0.3066087275 0.01163713948)
(6.055603833 0.3659630646 0.006720557892)
(6.817476621 0.3905852085 8.80239068e-06)
(7.587891785 0.3745117626 -0.006437923799)
(8.29022195 0.3240373655 -0.01081556487)
(8.869799686 0.2540350248 -0.01235344411)
(9.304421129 0.1811526177 -0.01141659832)
(9.601671742 0.1179340119 -0.009036657276)
(9.787729619 0.07033732763 -0.006294962688)
(9.894663682 0.03855855525 -0.003921062551)
(9.951273372 0.01949008738 -0.002207349631)
(9.978960467 0.009111196182 -0.001131890956)
(9.99150711 0.00395058511 -0.0005319731361)
(9.996789657 0.001593225291 -0.0002303292435)
(9.998861616 0.000599212525 -9.227631288e-05)
(9.999620636 0.0002107105377 -3.433955359e-05)
(9.999880971 6.944882563e-05 -1.191171356e-05)
(9.999964773 2.150543032e-05 -3.863746768e-06)
(9.999990148 6.270880638e-06 -1.175359498e-06)
(9.999997391 1.725684209e-06 -3.362361917e-07)
(9.999999345 4.491232857e-07 -9.068555145e-08)
(9.999999844 1.107707962e-07 -2.31149944e-08)
(9.999999965 2.594121995e-08 -5.580781218e-09)
(9.999999992 5.779334809e-09 -1.279006835e-09)
(9.999999998 1.227077489e-09 -2.788094384e-10)
(10 2.487268096e-10 -5.792203301e-11)
(10 4.821368647e-11 -1.148928415e-11)
(10 8.947963926e-12 -2.178719226e-12)
(10 1.591676e-12 -3.968150638e-13)
(10 2.731974749e-13 -6.914158863e-14)
(10 4.631130565e-14 -1.24345209e-14)
(10 8.172563068e-15 -1.535090567e-15)
(10 1.500220165e-16 -2.168899392e-16)
(10 -2.010672524e-16 -6.230582416e-17)
(10 3.352241927e-16 2.927303084e-16)
(10 -7.607688922e-16 6.88205723e-16)
(10 1.059993431e-16 -2.409726818e-16)
(10 -1.624510469e-16 -3.061849237e-16)
(10 2.143135976e-16 1.591428298e-16)
(10 -3.654193712e-16 -3.665567392e-16)
(10 2.643150641e-16 9.073575447e-18)
(10 3.956621921e-16 1.567194872e-16)
(10 -3.440845493e-16 1.820960935e-16)
(10 -2.935985855e-16 4.484802372e-16)
(10 7.094367519e-17 -6.130159679e-16)
(10 5.450958556e-16 -2.06048173e-16)
(10 1.719172421e-16 -1.900375348e-16)
(10 -4.634349479e-16 5.475687099e-16)
(10 -2.312663747e-16 2.417001045e-16)
(10 -5.96150122e-16 -2.117675846e-16)
(10 8.135788616e-17 -9.155849135e-17)
(10 6.625992505e-17 1.572917465e-16)
(10 -1.762697952e-16 -2.285450933e-16)
(10 4.123484204e-16 8.050995924e-17)
(10 -4.40313694e-16 -1.576066084e-16)
(10 -1.455677502e-15 3.807919509e-15)
)
;

boundaryField
{
    left
    {
        type            dirichlet;
        value           uniform (4 0 0);
    }
    right
    {
        type            dirichlet;
        value           uniform (4 0 0);
    }
    sides
    {
        type            empty;
    }
}


// ************************************************************************* //
