/*--------------------------------*- C++ -*----------------------------------*\
| =========                 |                                                 |
| \\      /  F ield         | foam-extend: Open Source CFD                    |
|  \\    /   O peration     | Version:     4.1                                |
|   \\  /    A nd           | Web:         http://www.foam-extend.org         |
|    \\/     M anipulation  |                                                 |
\*---------------------------------------------------------------------------*/
FoamFile
{
    version     2.0;
    format      ascii;
    class       cellScalarField;
    location    "47.2";
    object      T;
}
// * * * * * * * * * * * * * * * * * * * * * * * * * * * * * * * * * * * * * //

dimensions      [0 0 0 0 1 0 0];

internalField   nonuniform 
100
(
(4 -5.703630593e-17 1.624202108e-17)
(4 -2.465988843e-16 2.100350724e-16)
(4 -1.366591566e-17 4.235642603e-17)
(4 -1.02220728e-16 1.037502303e-16)
(4 4.883821967e-17 -7.133387314e-17)
(4 -2.94929781e-16 5.570271566e-17)
(4 2.417326998e-16 7.551816251e-17)
(4 -2.755433646e-16 1.455093756e-16)
(4 8.609560423e-16 8.620875899e-17)
(4 -1.178346744e-15 1.806323161e-16)
(4 1.811272838e-16 -8.157553983e-18)
(4 -4.281686404e-16 -2.161854607e-17)
(4 1.130973137e-15 3.446099683e-17)
(4 -4.060000919e-16 5.237520816e-17)
(4 3.346938493e-16 -2.885365533e-16)
(4 -7.761151789e-17 -2.266487735e-17)
(4 6.539712039e-17 8.430356127e-17)
(4 -9.885443474e-17 1.796227542e-17)
(4 -1.52979974e-16 -1.094687385e-16)
(4 -3.443286507e-18 3.305861893e-17)
(4 7.987304803e-17 -5.084132727e-17)
(4 -6.813343885e-17 -8.111935418e-18)
(4 -1.853112322e-17 -7.669495775e-17)
(4 -2.88981401e-17 2.950086609e-17)
(4 2.673913542e-17 2.226316868e-16)
(4 1.063974923e-16 -4.795510414e-17)
(4 -1.2659352e-17 2.121534478e-17)
(4 -1.338507056e-16 5.390818793e-17)
(4 -5.085224073e-16 2.583335041e-17)
(4 5.315283633e-16 3.105233336e-17)
(4 -1.432836171e-16 2.482024408e-16)
(4 2.555902159e-16 -1.591726496e-16)
(4 -1.794667544e-16 1.054019485e-16)
(4 -4.694057503e-16 3.497834306e-17)
(4 3.792377758e-16 1.754555635e-16)
(4 -4.789408317e-16 -1.364819099e-16)
(4 6.705528678e-16 1.150149316e-16)
(4 -9.772173985e-16 -1.903798967e-16)
(4 4.831454183e-16 -5.363568533e-17)
(4 8.55793596e-18 -1.209293282e-16)
(4 8.181028518e-17 1.07170806e-16)
(4 -1.684091411e-17 1.667650099e-16)
(4 -1.266125973e-16 8.187406075e-17)
(4 -6.412712255e-17 -1.394262718e-16)
(4 -3.438547739e-16 -4.044797994e-17)
(4 9.065101868e-16 -1.26681839e-16)
(4 -7.324152927e-16 -9.714790154e-17)
(4 9.931725984e-16 -3.149005463e-18)
(4 -8.761938543e-16 -1.556323046e-16)
(4 5.359617841e-16 3.061116877e-17)
(4 -1.896184696e-16 2.345376089e-16)
(4 3.787454747e-18 1.247107455e-17)
(4 -1.93171576e-16 -5.994157675e-17)
(4 1.879747536e-16 -1.838014118e-16)
(4 -1.888732573e-16 2.061708368e-16)
(4 -1.987876175e-17 2.838038228e-16)
(4 -4.360564172e-17 1.14805486e-16)
(4 2.899785721e-18 -2.24358652e-17)
(4 -1.181688773e-16 -9.812518649e-17)
(4 9.381624018e-17 1.565944966e-16)
(4 -1.688356506e-16 2.468961761e-16)
(4 1.126629964e-16 -4.091376416e-17)
(4 1.674701469e-15 6.673400289e-16)
(4 9.261841605e-15 4.746575458e-15)
(4 8.946520735e-14 3.780056202e-14)
(4 6.531866462e-13 2.635310948e-13)
(4 4.509365361e-12 1.74482146e-12)
(4 2.913492338e-11 1.079723941e-11)
(4 1.758947488e-10 6.222480713e-11)
(4.000000001 9.895752458e-10 3.329724969e-10)
(4.000000007 5.173992874e-09 1.649735209e-09)
(4.000000033 2.508395316e-08 7.550987374e-09)
(4.000000155 1.125658485e-07 3.187581863e-08)
(4.000000676 4.670570643e-07 1.239786348e-07)
(4.000002723 1.790856867e-06 4.440951131e-07)
(4.000010176 6.345899132e-06 1.465146407e-06)
(4.000035279 2.079130758e-05 4.454128811e-06)
(4.000113549 6.303784946e-05 1.248652885e-05)
(4.000339722 0.0001770704956 3.230818343e-05)
(4.000946142 0.0004614188326 7.723309728e-05)
(4.002456898 0.001117079054 0.0001707418774)
(4.005959088 0.002516406152 0.0003493909086)
(4.013525154 0.005282883775 0.0006622728581)
(4.028781654 0.01035247157 0.001163391855)
(4.057539907 0.0189663542 0.001894220235)
(4.108291953 0.03253594341 0.002857418334)
(4.192271952 0.05234078876 0.003988805215)
(4.322757206 0.07907771361 0.00514049894)
(4.5134018 0.112363498 0.006089468483)
(4.775678973 0.1503675225 0.006579245485)
(5.115887965 0.1897670331 0.006388865861)
(5.532505661 0.2261444654 0.005407993174)
(6.014758719 0.2547950591 0.003689096608)
(6.543055944 0.2717432841 0.001452636467)
(7.091397505 0.2746595763 -0.0009612845751)
(7.631256628 0.2633827817 -0.003179438817)
(8.135961472 0.2398885296 -0.004889410148)
(8.58447829 0.2077393883 -0.005908760927)
(8.963746736 0.1712218409 -0.006209533773)
(9.269218231 0.1344500003 -0.005897105781)
)
;

boundaryField
{
    left
    {
        type            dirichlet;
        value           uniform (4 0 0);
    }
    right
    {
        type            dirichlet;
        value           uniform (4 0 0);
    }
    sides
    {
        type            empty;
    }
}


// ************************************************************************* //
