/*--------------------------------*- C++ -*----------------------------------*\
| =========                 |                                                 |
| \\      /  F ield         | foam-extend: Open Source CFD                    |
|  \\    /   O peration     | Version:     4.1                                |
|   \\  /    A nd           | Web:         http://www.foam-extend.org         |
|    \\/     M anipulation  |                                                 |
\*---------------------------------------------------------------------------*/
FoamFile
{
    version     2.0;
    format      ascii;
    class       cellScalarField;
    location    "29.1";
    object      T;
}
// * * * * * * * * * * * * * * * * * * * * * * * * * * * * * * * * * * * * * //

dimensions      [0 0 0 0 1 0 0];

internalField   nonuniform 
100
(
(4 -5.703630593e-17 1.624202108e-17)
(4 -1.813919358e-16 -8.967149561e-17)
(4 1.597929678e-16 -4.401892982e-17)
(4 -1.078820115e-16 1.02574131e-16)
(4 -2.067230725e-16 -2.535263078e-17)
(4 -4.578001994e-16 2.124202268e-16)
(4 3.272236196e-16 7.379537253e-17)
(4 -4.392404476e-16 6.098290724e-17)
(4 7.914586587e-16 1.267323514e-16)
(4 -1.35671942e-15 -1.881854785e-17)
(4 2.018084528e-16 -1.069606522e-16)
(4 4.062404111e-16 1.611599126e-16)
(4 4.453150387e-16 -2.712154192e-17)
(4 -1.38554995e-16 1.30956391e-16)
(4 -1.933842577e-17 1.66831539e-17)
(4 -2.130921485e-16 -6.735089612e-17)
(4 1.550617012e-16 -1.297908675e-16)
(4 -1.455455824e-16 -8.857963953e-18)
(4 1.590115859e-16 1.006504727e-16)
(4 -1.069912332e-16 3.022771985e-16)
(4 -1.492048663e-16 4.082945038e-16)
(4 -1.049521948e-16 2.732503639e-16)
(4 -2.751415768e-16 5.128739875e-17)
(4 4.778919392e-16 8.360364481e-17)
(4 -7.968742682e-16 -5.960896511e-17)
(4 9.424707032e-16 7.188052033e-17)
(4 -8.828911322e-16 4.012004005e-17)
(4 8.974194974e-16 -1.141468203e-16)
(4 -1.113169756e-15 -7.762659187e-17)
(4 8.595997222e-16 -1.110086993e-16)
(4 1.774088709e-16 -9.65478677e-17)
(4 5.241819067e-17 -5.989488712e-17)
(4 2.909243724e-18 -6.865732631e-17)
(4 3.384279094e-15 1.965736293e-15)
(4 4.855395427e-14 2.709692713e-14)
(4 5.600270851e-13 2.845528468e-13)
(4 5.861516259e-12 2.883880852e-12)
(4 5.711234246e-11 2.696278029e-11)
(4.000000001 5.134018888e-10 2.313249763e-10)
(4.000000004 4.23031017e-09 1.808835588e-09)
(4.000000034 3.174124972e-08 1.279100658e-08)
(4.000000242 2.151318021e-07 8.096986984e-08)
(4.000001539 1.304350358e-06 4.536833869e-07)
(4.000008756 7.008399787e-06 2.228671009e-06)
(4.000044238 3.314444385e-05 9.541008131e-06)
(4.000197747 0.0001374984752 3.551032628e-05)
(4.000781441 0.0005002127983 0.0001149345501)
(4.002734193 0.001598923826 0.0003241098786)
(4.008497887 0.004505710631 0.0007983071284)
(4.023561216 0.01123896016 0.001721627227)
(4.058561593 0.0249237053 0.003256524699)
(4.131169247 0.04935570926 0.005404855443)
(4.266208524 0.08765362625 0.007855821445)
(4.492286137 0.1401850325 0.009939216077)
(4.83430306 0.2026900756 0.01079150136)
(5.303566114 0.265929905 0.009721197677)
(5.889519318 0.3177005899 0.006596073369)
(6.557559894 0.3467450877 0.002007059628)
(7.255107071 0.3468080263 -0.002923523167)
(7.924129827 0.3188059402 -0.006997657408)
(8.515153743 0.2701019571 -0.009405483856)
(8.997331346 0.2114651602 -0.00995839859)
(9.361526404 0.1533738342 -0.009018598341)
(9.616811024 0.1033017556 -0.007229626377)
(9.783256978 0.06475992156 -0.005224670314)
(9.884422851 0.03787083343 -0.003442730619)
(9.941864185 0.02070256159 -0.002084778634)
(9.972394299 0.01060109349 -0.001167022379)
(9.987613729 0.005094948204 -0.0006067095831)
(9.994743212 0.002302593375 -0.0002940615702)
(9.997887368 0.0009803506903 -0.0001333169475)
(9.999195066 0.0003939171294 -5.670003444e-05)
(9.999708892 0.0001496357618 -2.268108803e-05)
(9.999899945 5.382667981e-05 -8.55378682e-06)
(9.999967277 1.8365112e-05 -3.0480227e-06)
(9.999989804 5.952562355e-06 -1.028321212e-06)
(9.999996969 1.835644139e-06 -3.290945482e-07)
(9.99999914 5.393700425e-07 -1.00086874e-07)
(9.999999766 1.512234034e-07 -2.897611268e-08)
(9.999999939 4.051222351e-08 -7.99862143e-09)
(9.999999985 1.038413575e-08 -2.10850622e-09)
(9.999999996 2.549974903e-09 -5.31572114e-10)
(9.999999999 6.006612599e-10 -1.283485647e-10)
(10 1.358872074e-10 -2.972080145e-11)
(10 2.955779396e-11 -6.608117129e-12)
(10 6.187798539e-12 -1.414144095e-12)
(10 1.250734416e-12 -2.897364155e-13)
(10 2.457576977e-13 -5.940378509e-14)
(10 4.352913596e-14 -1.056920596e-14)
(10 1.210310769e-14 -2.512269937e-15)
(10 9.539791412e-16 -9.262329976e-16)
(10 1.24452831e-15 -5.620091403e-16)
(10 -5.348885959e-17 1.559937838e-16)
(10 -4.212776041e-16 2.834536446e-16)
(10 -4.798286044e-16 4.088861797e-16)
(10 -3.122083269e-16 8.364801916e-17)
(10 -2.420089786e-16 -1.53277767e-16)
(10 1.8798652e-16 -3.771575308e-16)
(10 1.628447336e-16 -6.081156013e-16)
(10 -1.868032403e-15 4.155094151e-15)
)
;

boundaryField
{
    left
    {
        type            dirichlet;
        value           uniform (4 0 0);
    }
    right
    {
        type            dirichlet;
        value           uniform (4 0 0);
    }
    sides
    {
        type            empty;
    }
}


// ************************************************************************* //
