/*--------------------------------*- C++ -*----------------------------------*\
| =========                 |                                                 |
| \\      /  F ield         | foam-extend: Open Source CFD                    |
|  \\    /   O peration     | Version:     4.1                                |
|   \\  /    A nd           | Web:         http://www.foam-extend.org         |
|    \\/     M anipulation  |                                                 |
\*---------------------------------------------------------------------------*/
FoamFile
{
    version     2.0;
    format      ascii;
    class       cellScalarField;
    location    "13.1";
    object      T;
}
// * * * * * * * * * * * * * * * * * * * * * * * * * * * * * * * * * * * * * //

dimensions      [0 0 0 0 1 0 0];

internalField   nonuniform 
100
(
(4 -5.703630593e-17 1.624202108e-17)
(4 -2.299491174e-16 -4.135137415e-18)
(4 9.407567571e-17 -4.437002482e-17)
(4 1.625970616e-16 2.197707057e-16)
(4 -7.549159873e-17 3.68181873e-17)
(4 -5.878778253e-16 8.047324502e-17)
(4 2.436603211e-16 2.191559291e-17)
(4 -4.344199644e-16 1.023587438e-16)
(4 7.49916569e-16 -1.017868629e-16)
(4 1.965837765e-14 2.440234904e-14)
(4 6.11885594e-13 2.866133577e-13)
(4 9.430963745e-12 7.630049802e-12)
(4 2.425064665e-10 1.506136872e-10)
(4.000000003 3.654911453e-09 2.154664609e-09)
(4.000000049 5.620336137e-08 3.389677407e-08)
(4.00000069 7.677711873e-07 4.074221787e-07)
(4.000007973 8.377723139e-06 4.178431904e-06)
(4.000080395 8.205267612e-05 3.8301637e-05)
(4.000699378 0.000671321143 0.0002673896507)
(4.004794276 0.004096671031 0.001309066096)
(4.024775699 0.0181124937 0.004488564258)
(4.096953282 0.05894974066 0.01097571753)
(4.294076389 0.1449919786 0.01935297614)
(4.710734001 0.2764156558 0.02431201798)
(5.407001637 0.4175521077 0.02011470992)
(6.344087132 0.509299964 0.006637758844)
(7.376303934 0.5098060046 -0.009320190182)
(8.320084303 0.4247926854 -0.0197039477)
(9.045391264 0.2983884898 -0.02140775268)
(9.519236099 0.178723444 -0.01693000758)
(9.785128607 0.092238879 -0.01066528966)
(9.914513347 0.04141630383 -0.005578093212)
(9.969598353 0.01632492081 -0.002483006789)
(9.990289134 0.005696295155 -0.0009572409068)
(9.997199682 0.001773375416 -0.0003239504532)
(9.999267132 0.0004962076077 -9.731410802e-05)
(9.999825022 0.000125650174 -2.619640479e-05)
(9.99996169 2.897919788e-05 -6.37229959e-06)
(9.999992271 6.123963671e-06 -1.411116688e-06)
(9.999998556 1.192400707e-06 -2.863792341e-07)
(9.999999749 2.150329961e-07 -5.358671494e-08)
(9.999999959 3.608855692e-08 -9.296016114e-09)
(9.999999994 5.661755275e-09 -1.50257919e-09)
(9.999999999 8.337673906e-10 -2.27338109e-10)
(10 1.156897303e-10 -3.232971312e-11)
(10 1.518104138e-11 -4.33823199e-12)
(10 1.889880622e-12 -5.519303048e-13)
(10 2.257695495e-13 -6.640821603e-14)
(10 2.298957708e-14 -8.267118589e-15)
(10 -3.877008592e-16 8.456100615e-16)
(10 -2.351703335e-16 1.788102192e-16)
(10 -9.60567446e-17 1.387606135e-16)
(10 1.988943671e-16 -2.562092024e-17)
(10 -7.634812317e-17 -4.148481771e-16)
(10 -2.007585505e-17 -9.115759124e-17)
(10 -3.033556684e-16 2.226051755e-16)
(10 2.655913829e-16 -1.889148516e-16)
(10 1.495585657e-16 3.970913027e-16)
(10 -2.222978041e-16 1.030632503e-16)
(10 1.833008789e-16 -4.871092943e-16)
(10 9.794792621e-17 -2.535618295e-16)
(10 1.534275338e-16 -1.226677168e-16)
(10 8.675944862e-17 -8.621514577e-17)
(10 -2.90517593e-16 -5.157088959e-17)
(10 1.929316473e-16 -5.91727464e-16)
(10 -4.979649727e-16 3.342332488e-16)
(10 4.907823924e-16 -2.666885259e-16)
(10 -3.346785544e-16 3.37588523e-16)
(10 -4.546309428e-16 1.110924613e-16)
(10 -3.043244278e-17 4.664595877e-17)
(10 3.17779096e-16 5.673608617e-16)
(10 -5.868169392e-16 1.612664476e-16)
(10 6.005699375e-16 -3.877749319e-16)
(10 7.107759709e-17 1.398445368e-16)
(10 -1.538032663e-16 -2.393068276e-16)
(10 2.431484305e-16 1.394290243e-16)
(10 2.075146075e-16 -1.941965351e-17)
(10 3.535959535e-17 2.686138504e-17)
(10 1.471627064e-16 -6.773086107e-16)
(10 3.820143147e-16 2.373113425e-16)
(10 -3.002239745e-17 -5.149012383e-16)
(10 2.607496976e-16 -6.777167917e-16)
(10 5.068561236e-16 -2.350900809e-16)
(10 3.345231376e-16 1.034864154e-16)
(10 -3.384047686e-17 4.791302811e-16)
(10 1.01228618e-16 3.311494865e-16)
(10 -3.315687372e-18 5.140499335e-16)
(10 -4.377864117e-16 8.233451069e-17)
(10 -4.555379164e-16 7.702647759e-17)
(10 5.916901846e-17 9.201140119e-17)
(10 -2.645927058e-16 6.704896502e-18)
(10 2.226613515e-16 -2.265297175e-16)
(10 4.110785905e-16 -5.841134683e-16)
(10 1.221151734e-16 -1.490693453e-16)
(10 4.127099747e-16 -3.550632054e-17)
(10 2.683278429e-17 -1.112275614e-17)
(10 1.945959111e-16 -1.774360104e-16)
(10 -1.854216384e-17 5.079069153e-16)
(10 -3.50964939e-16 1.252888021e-16)
(10 -5.979775193e-16 3.104277552e-15)
)
;

boundaryField
{
    left
    {
        type            dirichlet;
        value           uniform (4 0 0);
    }
    right
    {
        type            dirichlet;
        value           uniform (4 0 0);
    }
    sides
    {
        type            empty;
    }
}


// ************************************************************************* //
