/*--------------------------------*- C++ -*----------------------------------*\
| =========                 |                                                 |
| \\      /  F ield         | foam-extend: Open Source CFD                    |
|  \\    /   O peration     | Version:     4.1                                |
|   \\  /    A nd           | Web:         http://www.foam-extend.org         |
|    \\/     M anipulation  |                                                 |
\*---------------------------------------------------------------------------*/
FoamFile
{
    version     2.0;
    format      ascii;
    class       cellScalarField;
    location    "32.1";
    object      T;
}
// * * * * * * * * * * * * * * * * * * * * * * * * * * * * * * * * * * * * * //

dimensions      [0 0 0 0 1 0 0];

internalField   nonuniform 
100
(
(4 -5.703630593e-17 1.624202108e-17)
(4 -9.791928599e-17 1.22535604e-16)
(4 -1.958643043e-17 2.037835292e-16)
(4 -1.556429639e-16 1.94864696e-17)
(4 5.338626481e-17 1.322992284e-16)
(4 -5.543336727e-16 -1.654879517e-17)
(4 5.401900894e-16 -1.848475333e-16)
(4 -3.708460816e-16 5.241513201e-17)
(4 9.095923347e-16 6.687822381e-17)
(4 -1.41629583e-15 3.503495199e-16)
(4 1.209254887e-18 4.170810254e-17)
(4 1.763874273e-16 -1.301929274e-16)
(4 8.404541592e-16 -4.244181219e-17)
(4 -8.262405871e-16 -1.179694827e-16)
(4 1.094659858e-15 9.817712191e-17)
(4 -9.714373863e-16 2.14932205e-16)
(4 9.081696783e-16 2.045215536e-17)
(4 -8.765005774e-16 -4.782262666e-17)
(4 6.526937042e-16 1.006422665e-16)
(4 -5.310627984e-16 -5.740784435e-17)
(4 3.149808109e-17 3.592314733e-17)
(4 -3.883449718e-17 8.078725383e-17)
(4 -2.78938282e-17 3.787910363e-18)
(4 -1.781021036e-17 2.131753496e-17)
(4 2.562357649e-17 1.758541787e-17)
(4 -4.854838387e-17 -7.20425382e-17)
(4 1.96512284e-17 4.440699086e-17)
(4 -9.927175557e-17 6.668034927e-17)
(4 -4.589862132e-16 9.480769072e-17)
(4 3.832342165e-16 -2.585493195e-16)
(4 2.466127592e-16 2.851803299e-17)
(4 6.717431571e-18 -3.710871076e-17)
(4 -1.741661865e-16 -1.462292807e-16)
(4 -4.038332704e-16 -2.22610611e-16)
(4 9.32215445e-16 1.317875715e-17)
(4 -8.244617163e-16 4.305418565e-17)
(4 3.856843529e-16 1.961042148e-16)
(4 -7.511425264e-16 3.228483625e-16)
(4 4.798640096e-15 3.616797008e-15)
(4 7.251847539e-14 3.670557258e-14)
(4 7.513577785e-13 3.640319521e-13)
(4 7.167097353e-12 3.358333312e-12)
(4 6.377630654e-11 2.863761969e-11)
(4.000000001 5.243335071e-10 2.245322577e-10)
(4.000000004 3.961076938e-09 1.608623471e-09)
(4.000000031 2.732345743e-08 1.04514755e-08)
(4.000000199 1.7084656e-07 6.105843192e-08)
(4.000001175 9.610652976e-07 3.181520612e-07)
(4.000006249 4.83271283e-06 1.469418166e-06)
(4.000029798 2.163052518e-05 5.993627489e-06)
(4.000127123 8.601379099e-05 2.156309291e-05)
(4.000485144 0.0003039335472 6.845689302e-05)
(4.001658704 0.0009559617568 0.0001920803681)
(4.005094221 0.002683614338 0.0004773011747)
(4.014102317 0.006745680336 0.001052522569)
(4.035327321 0.01523632146 0.002063051026)
(4.080421244 0.03103397392 0.003597342186)
(4.167103104 0.05720485691 0.005577052887)
(4.318365478 0.09575348777 0.007665613522)
(4.55876141 0.146025387 0.009277127887)
(4.907786828 0.2035223095 0.009738227171)
(5.372085014 0.2600126712 0.008565882406)
(5.939576964 0.3053500629 0.005728220365)
(6.578571493 0.33050773 0.001732530557)
(7.243085311 0.3305565441 -0.002530682711)
(7.882852518 0.3062222857 -0.006117314899)
(8.454388762 0.2633610596 -0.008364098055)
(8.929196036 0.2107374122 -0.009069605029)
(9.296774174 0.1572234458 -0.008465420334)
(9.562485546 0.1095849958 -0.007035873414)
(9.742179666 0.07149587645 -0.005301250168)
(9.856079854 0.04374347822 -0.003661131579)
(9.923868424 0.02514346775 -0.002335067341)
(9.961815453 0.01360087123 -0.001383074325)
(9.981828417 0.006935265189 -0.0007640915255)
(9.991788368 0.003338996225 -0.0003951387703)
(9.996473194 0.001520215318 -0.0001918557869)
(9.99855902 0.0006555257513 -8.769404226e-05)
(9.999439358 0.0002681078222 -3.782330568e-05)
(9.999792077 0.0001041562365 -1.542665104e-05)
(9.99992642 3.848755693e-05 -5.961555099e-06)
(9.999975129 1.354568014e-05 -2.186829201e-06)
(9.999991961 4.546700896e-06 -7.627432848e-07)
(9.999997513 1.457339866e-06 -2.533657686e-07)
(9.999999263 4.466142585e-07 -8.027571718e-08)
(9.99999979 1.310192195e-07 -2.429491054e-08)
(9.999999943 3.683637551e-08 -7.032996371e-09)
(9.999999985 9.936948628e-09 -1.949993319e-09)
(9.999999996 2.574796434e-09 -5.184905423e-10)
(9.999999999 6.41529422e-10 -1.323710506e-10)
(10 1.538592691e-10 -3.248697609e-11)
(10 3.555809731e-11 -7.672246531e-12)
(10 7.923872033e-12 -1.745599896e-12)
(10 1.706571382e-12 -3.835837364e-13)
(10 3.520452572e-13 -8.185646419e-14)
(10 6.575795045e-14 -1.370323204e-14)
(10 1.961400183e-14 -2.855858271e-15)
(10 7.422590953e-15 -2.785740128e-15)
(10 -8.309346701e-17 -1.682126396e-16)
(10 -9.817912571e-17 3.289701369e-15)
)
;

boundaryField
{
    left
    {
        type            dirichlet;
        value           uniform (4 0 0);
    }
    right
    {
        type            dirichlet;
        value           uniform (4 0 0);
    }
    sides
    {
        type            empty;
    }
}


// ************************************************************************* //
