/*--------------------------------*- C++ -*----------------------------------*\
| =========                 |                                                 |
| \\      /  F ield         | foam-extend: Open Source CFD                    |
|  \\    /   O peration     | Version:     4.1                                |
|   \\  /    A nd           | Web:         http://www.foam-extend.org         |
|    \\/     M anipulation  |                                                 |
\*---------------------------------------------------------------------------*/
FoamFile
{
    version     2.0;
    format      ascii;
    class       cellScalarField;
    location    "26.1";
    object      T;
}
// * * * * * * * * * * * * * * * * * * * * * * * * * * * * * * * * * * * * * //

dimensions      [0 0 0 0 1 0 0];

internalField   nonuniform 
100
(
(4 -5.703630593e-17 1.624202108e-17)
(4 7.826987431e-18 2.301268537e-17)
(4 -2.014526651e-17 1.1626962e-16)
(4 -1.610093994e-17 3.917671419e-16)
(4 -8.740025852e-17 2.162883931e-16)
(4 -3.272438542e-16 2.248604052e-16)
(4 1.438373313e-16 1.115273555e-16)
(4 -2.67029564e-16 -7.09055635e-17)
(4 8.770837857e-16 -1.096662067e-16)
(4 -1.331278015e-15 6.386343584e-17)
(4 6.411399676e-17 7.383917818e-17)
(4 1.695446198e-15 9.879889951e-17)
(4 -1.265299006e-15 -6.482693926e-17)
(4 9.724413684e-16 1.445311438e-16)
(4 -1.258047843e-15 4.730206551e-16)
(4 5.000503207e-16 -7.637783081e-17)
(4 5.600812229e-17 -5.186886663e-17)
(4 -2.081710014e-20 1.805828439e-16)
(4 1.444421772e-16 -1.154726885e-16)
(4 -1.730084334e-16 -3.173180803e-17)
(4 -1.107813145e-17 2.714155576e-16)
(4 6.410542977e-17 -1.758986027e-18)
(4 -9.593732307e-17 -1.949144903e-17)
(4 1.65763307e-16 1.320229816e-16)
(4 -1.016195996e-16 5.276568178e-17)
(4 -1.284529539e-16 1.532696169e-16)
(4 1.796919359e-16 1.100723865e-16)
(4 -1.555103848e-16 -1.308788275e-16)
(4 1.910325166e-15 1.714435215e-15)
(4 2.974828822e-14 1.648462768e-14)
(4 3.645788142e-13 1.949237085e-13)
(4 4.244075081e-12 2.201715356e-12)
(4 4.585387051e-11 2.285556395e-11)
(4 4.563901075e-10 2.174364442e-10)
(4.000000004 4.15394733e-09 1.879401403e-09)
(4.000000036 3.432015127e-08 1.465025315e-08)
(4.000000276 2.55426167e-07 1.019442594e-07)
(4.00000192 1.693241218e-06 6.239271296e-07)
(4.000011847 9.864404312e-06 3.309083683e-06)
(4.000064233 4.994315109e-05 1.505385111e-05)
(4.000304096 0.0002183991419 5.847860254e-05)
(4.001254318 0.0008238260493 0.0001939487036)
(4.004514519 0.002686490858 0.0005504450927)
(4.014234781 0.007605757605 0.001341105123)
(4.039535727 0.01879219247 0.00281323533)
(4.097327795 0.04074804782 0.005089657599)
(4.213785753 0.07797146323 0.007936765316)
(4.421891839 0.1323665831 0.01061647793)
(4.753297202 0.2003657966 0.01202276778)
(5.225814323 0.2717217764 0.01115573142)
(5.831656073 0.331589527 0.007707022683)
(6.533056251 0.365635078 0.002362610592)
(7.269108433 0.3657185565 -0.003429621383)
(7.971789185 0.333025309 -0.008110776612)
(8.584131938 0.2770295351 -0.01067645229)
(9.072804189 0.2112026714 -0.01098074525)
(9.431028111 0.1480234078 -0.009586921406)
(9.672945938 0.09565047863 -0.007356596083)
(9.823871242 0.05714514424 -0.005055587637)
(9.911085866 0.03164928286 -0.0031484292)
(9.957886778 0.01629107444 -0.001791598199)
(9.981265371 0.007812714287 -0.0009374261561)
(9.992162268 0.003499008904 -0.0004532841953)
(9.996912252 0.001466783118 -0.0002034106423)
(9.998852853 0.0005767878067 -8.502212906e-05)
(9.999597503 0.000213213061 -3.32086511e-05)
(9.999866425 7.424132512e-05 -1.215628395e-05)
(9.999958008 2.43987832e-05 -4.181606298e-06)
(9.999987476 7.582431321e-06 -1.355045551e-06)
(9.999996451 2.232368928e-06 -4.146071742e-07)
(9.999999043 6.237532282e-07 -1.200422924e-07)
(9.999999754 1.656894523e-07 -3.295606502e-08)
(9.99999994 4.191142642e-08 -8.595711628e-09)
(9.999999986 1.011162474e-08 -2.133897734e-09)
(9.999999997 2.330408453e-09 -5.050940791e-10)
(9.999999999 5.138144869e-10 -1.14183197e-10)
(10 1.085353009e-10 -2.469176366e-11)
(10 2.200031925e-11 -5.115514854e-12)
(10 4.280042466e-12 -1.017037134e-12)
(10 7.978928261e-13 -1.940867568e-13)
(10 1.465154097e-13 -3.539932729e-14)
(10 2.67069067e-14 -6.959952199e-15)
(10 6.31499824e-15 -1.992642872e-15)
(10 -5.187343232e-16 4.322261578e-16)
(10 -4.153683287e-16 -9.538357885e-17)
(10 1.617939499e-16 -3.579941567e-16)
(10 1.060888719e-16 -2.829960447e-17)
(10 -6.423441132e-17 1.221604419e-16)
(10 2.118933814e-16 1.64603046e-16)
(10 -1.637696341e-16 2.236424837e-16)
(10 1.141761212e-16 1.81690379e-17)
(10 1.808129611e-16 -6.693389482e-16)
(10 -7.015135282e-18 -5.584923882e-16)
(10 2.122306032e-16 -3.654133999e-16)
(10 5.51474069e-17 6.845792235e-17)
(10 -2.782995781e-16 1.82199834e-16)
(10 3.93286298e-16 4.834652605e-16)
(10 -3.742326346e-16 4.042052887e-16)
(10 2.24452813e-16 -1.172938043e-16)
(10 -1.524043392e-15 4.56243102e-15)
)
;

boundaryField
{
    left
    {
        type            dirichlet;
        value           uniform (4 0 0);
    }
    right
    {
        type            dirichlet;
        value           uniform (4 0 0);
    }
    sides
    {
        type            empty;
    }
}


// ************************************************************************* //
