/*--------------------------------*- C++ -*----------------------------------*\
| =========                 |                                                 |
| \\      /  F ield         | foam-extend: Open Source CFD                    |
|  \\    /   O peration     | Version:     4.1                                |
|   \\  /    A nd           | Web:         http://www.foam-extend.org         |
|    \\/     M anipulation  |                                                 |
\*---------------------------------------------------------------------------*/
FoamFile
{
    version     2.0;
    format      ascii;
    class       cellScalarField;
    location    "27.6";
    object      T;
}
// * * * * * * * * * * * * * * * * * * * * * * * * * * * * * * * * * * * * * //

dimensions      [0 0 0 0 1 0 0];

internalField   nonuniform 
100
(
(4 -5.703630593e-17 1.624202108e-17)
(4 -2.809866435e-16 -6.282456168e-17)
(4 2.904916614e-17 -4.081962159e-17)
(4 3.162623025e-17 1.25805315e-16)
(4 -6.307627478e-17 3.416131119e-16)
(4 -5.534471339e-16 -6.763843352e-17)
(4 3.749912543e-16 2.010200067e-16)
(4 -4.894233459e-16 8.56189784e-17)
(4 8.314860317e-16 9.366885482e-17)
(4 -1.479730298e-15 -4.254087721e-17)
(4 1.938148906e-16 -3.074819211e-17)
(4 2.922637614e-16 -1.588272595e-17)
(4 5.378475709e-16 3.324724712e-17)
(4 3.342649893e-18 -4.028163239e-17)
(4 -1.57898339e-16 1.556273972e-16)
(4 1.47995968e-16 3.051351048e-16)
(4 -7.151407788e-16 1.095135766e-16)
(4 8.553499354e-16 9.504972466e-17)
(4 -8.402343734e-16 1.153759932e-16)
(4 7.121799886e-16 -6.96384792e-17)
(4 -8.298799364e-16 -5.235976505e-17)
(4 8.556826639e-16 -1.568902122e-16)
(4 -8.939547698e-16 -6.688172939e-17)
(4 6.455654707e-16 -2.223718887e-16)
(4 -4.044702189e-16 1.166764242e-16)
(4 1.156308693e-16 -2.374933085e-17)
(4 -1.58092949e-16 6.431959111e-17)
(4 -1.442501283e-16 -5.436585473e-18)
(4 -3.88454039e-16 -2.162476701e-17)
(4 4.567812686e-16 3.900442011e-17)
(4 8.507655697e-17 4.838263036e-16)
(4 8.728406574e-15 6.37978053e-15)
(4 1.354832186e-13 7.203998707e-14)
(4 1.542681153e-12 7.920026399e-13)
(4 1.639544842e-11 8.117448606e-12)
(4 1.613853673e-10 7.65196554e-11)
(4.000000001 1.459345155e-09 6.588423825e-10)
(4.000000013 1.204004379e-08 5.143938566e-09)
(4.000000097 8.998893187e-08 3.609942612e-08)
(4.000000681 6.036098466e-07 2.249630742e-07)
(4.000004273 3.592364101e-06 1.228802756e-06)
(4.000023772 1.877475416e-05 5.824359627e-06)
(4.000116495 8.559116002e-05 2.382532118e-05)
(4.000501348 0.000339507701 8.399298656e-05)
(4.001895204 0.001172736188 0.0002555087146)
(4.006309875 0.003538328115 0.0006724232511)
(4.0185819 0.009364601562 0.00153528061)
(4.048654798 0.02184539461 0.00304817921)
(4.113923365 0.04513974469 0.005267840403)
(4.239971781 0.0830234613 0.007913801442)
(4.457568242 0.1365568738 0.01027814042)
(4.794804614 0.2017523249 0.01138303817)
(5.265966694 0.2688586477 0.01039815771)
(5.861685724 0.3244350677 0.007115636543)
(6.545802973 0.3558149097 0.00217277065)
(7.261827497 0.3558871108 -0.00315976672)
(7.947062322 0.3256905707 -0.007520109698)
(8.548505321 0.2735510596 -0.01000822103)
(9.03407704 0.2114841131 -0.01045170237)
(9.395665372 0.1509129595 -0.009302237006)
(9.644677144 0.09966251001 -0.007303766221)
(9.80366416 0.06106464991 -0.00515348126)
(9.898001986 0.03479772853 -0.003305785374)
(9.9501451 0.01848515465 -0.001943418907)
(9.977051854 0.00917436659 -0.001053434035)
(9.99004188 0.004263280619 -0.0005290483374)
(9.995921398 0.001858777746 -0.0002471598677)
(9.998421308 0.0007618975451 -0.0001077853774)
(9.999421763 0.0002941655702 -4.401186373e-05)
(9.999799312 0.0001071830454 -1.687344772e-05)
(9.99993391 3.692203848e-05 -6.089124163e-06)
(9.99997932 1.204568525e-05 -2.073158365e-06)
(9.999993843 3.728207546e-06 -6.673873269e-07)
(9.999998254 1.096488783e-06 -2.035516041e-07)
(9.999999527 3.06926028e-07 -5.893258333e-08)
(9.999999878 8.189478751e-08 -1.62259514e-08)
(9.99999997 2.086016273e-08 -4.255873556e-09)
(9.999999993 5.079758207e-09 -1.065138632e-09)
(9.999999998 1.184223252e-09 -2.547673844e-10)
(10 2.64653156e-10 -5.832407383e-11)
(10 5.677414354e-11 -1.279902632e-11)
(10 1.170157113e-11 -2.695516481e-12)
(10 2.318815113e-12 -5.456130971e-13)
(10 4.430148738e-13 -1.047628288e-13)
(10 8.456214655e-14 -2.002431559e-14)
(10 1.607630206e-14 -2.867112171e-15)
(10 4.093207473e-15 -2.355828572e-15)
(10 3.363032345e-16 -4.787179972e-16)
(10 3.731499942e-16 9.856096168e-16)
(10 -1.662543071e-15 3.489211455e-16)
(10 5.166032899e-17 -5.621376342e-16)
(10 2.829775784e-16 -3.912796466e-17)
(10 -1.229317263e-16 3.676670207e-16)
(10 -1.013720868e-16 1.214376882e-16)
(10 2.215193917e-16 -3.92058048e-17)
(10 3.868614455e-17 3.179297882e-16)
(10 1.366121491e-16 5.546354693e-16)
(10 -3.060535477e-16 -4.486749043e-17)
(10 -3.039032331e-16 1.679297559e-16)
(10 -1.682070647e-15 4.236567178e-15)
)
;

boundaryField
{
    left
    {
        type            dirichlet;
        value           uniform (4 0 0);
    }
    right
    {
        type            dirichlet;
        value           uniform (4 0 0);
    }
    sides
    {
        type            empty;
    }
}


// ************************************************************************* //
