/*--------------------------------*- C++ -*----------------------------------*\
| =========                 |                                                 |
| \\      /  F ield         | foam-extend: Open Source CFD                    |
|  \\    /   O peration     | Version:     4.1                                |
|   \\  /    A nd           | Web:         http://www.foam-extend.org         |
|    \\/     M anipulation  |                                                 |
\*---------------------------------------------------------------------------*/
FoamFile
{
    version     2.0;
    format      ascii;
    class       cellScalarField;
    location    "37.4";
    object      T;
}
// * * * * * * * * * * * * * * * * * * * * * * * * * * * * * * * * * * * * * //

dimensions      [0 0 0 0 1 0 0];

internalField   nonuniform 
100
(
(4 -5.703630593e-17 1.624202108e-17)
(4 -1.226029263e-16 2.873916824e-16)
(4 -1.120944365e-16 3.029097778e-17)
(4 7.780121288e-17 1.73711246e-16)
(4 -3.498234468e-16 1.932361146e-16)
(4 -4.940026437e-16 -4.775960158e-18)
(4 2.734932482e-16 5.955495399e-17)
(4 -5.425039251e-16 1.103199485e-16)
(4 9.212977055e-16 -1.425730419e-16)
(4 -1.230883256e-15 -9.267185602e-17)
(4 3.792814574e-16 -5.29539842e-18)
(4 -5.346738504e-16 -1.025844292e-17)
(4 1.06923436e-15 1.035262668e-16)
(4 -3.777128648e-16 -1.714558275e-16)
(4 3.376747636e-16 1.226581854e-16)
(4 -9.329214508e-17 1.921556427e-16)
(4 1.183653803e-16 3.230770241e-16)
(4 -2.326751471e-16 -5.594322514e-17)
(4 6.924992378e-16 -2.633513253e-17)
(4 -8.289825839e-16 -3.637651164e-16)
(4 9.916330108e-16 -9.629851485e-17)
(4 -7.403171861e-16 1.485743101e-16)
(4 4.736448971e-16 -1.756335861e-16)
(4 -3.590476535e-16 1.508563218e-16)
(4 1.491131456e-16 -1.141096603e-16)
(4 -1.472026857e-16 -3.802656097e-17)
(4 1.44622959e-16 2.690635253e-16)
(4 -4.146487151e-16 -5.353622686e-16)
(4 4.166584634e-16 1.385677529e-17)
(4 -3.768795775e-16 -2.343253608e-16)
(4 8.061009358e-16 -3.927073936e-17)
(4 -8.396427147e-16 -1.439086478e-16)
(4 8.051126599e-16 4.255884311e-17)
(4 -1.346403745e-15 3.312523268e-16)
(4 1.662876067e-15 -1.741086569e-16)
(4 -1.568732068e-15 2.405829697e-16)
(4 6.243087656e-16 -7.571831074e-17)
(4 -3.611519847e-16 1.717280718e-16)
(4 4.147781581e-16 -1.200526738e-16)
(4 2.912712058e-16 3.911547984e-17)
(4 -7.494093166e-17 2.141106006e-17)
(4 -2.546161068e-16 2.880984266e-17)
(4 1.99275534e-17 2.720814338e-17)
(4 -1.70325511e-16 -1.520828892e-16)
(4 -3.564285714e-16 7.307469932e-17)
(4 5.511173901e-16 2.278732099e-16)
(4 -7.946520795e-16 9.942804056e-16)
(4 1.60467538e-14 8.443076484e-15)
(4 1.592741192e-13 7.341444622e-14)
(4 1.402517103e-12 6.291208268e-13)
(4 1.154598766e-11 4.96723972e-12)
(4 8.847200219e-11 3.642044071e-11)
(4.000000001 6.282174652e-10 2.462584311e-10)
(4.000000005 4.11316641e-09 1.527215814e-09)
(4.000000029 2.470403217e-08 8.637527802e-09)
(4.000000168 1.354289029e-07 4.431623392e-08)
(4.000000878 6.747621306e-07 2.053941386e-07)
(4.000004183 3.046139513e-06 8.575270699e-07)
(4.000018122 1.243863829e-05 3.220655041e-06)
(4.000071361 4.592501892e-05 1.087927321e-05)
(4.000255516 0.0001534167785 3.307634725e-05)
(4.000833107 0.0004643874982 9.062293043e-05)
(4.0024786 0.001276268859 0.0002240867684)
(4.006745711 0.003192059694 0.0005008586338)
(4.016841925 0.007283786284 0.001013244485)
(4.038691381 0.01520272529 0.001857018592)
(4.082048813 0.0290993959 0.003084158145)
(4.161134923 0.05120881544 0.004638145491)
(4.294057405 0.08305610817 0.006300820026)
(4.500392315 0.1244496816 0.007692090893)
(4.796875263 0.172662941 0.008351743626)
(5.192075079 0.2222968126 0.007892941135)
(5.681765492 0.2661340148 0.006169027328)
(6.246928692 0.2968692353 0.003371755817)
(6.855619183 0.3091396517 2.422752914e-06)
(7.468502724 0.3010653522 -0.003281003741)
(8.046431465 0.2746897122 -0.005874456593)
(8.557655745 0.2351949994 -0.007403804645)
(8.982556449 0.1892858359 -0.007798712519)
(9.314890017 0.1434123676 -0.007252315132)
(9.55986382 0.1024432692 -0.00610609459)
(9.730295103 0.06909331077 -0.00472063344)
(9.842359593 0.04406064804 -0.00338117419)
(9.912096272 0.02660205545 -0.002257679713)
(9.953220384 0.01522642541 -0.001411863482)
(9.9762308 0.008272775338 -0.0008299193951)
(9.988462306 0.004271802233 -0.0004599218699)
(9.994646497 0.002098934139 -0.000240897099)
(9.997623912 0.0009824742835 -0.0001195171872)
(9.998990513 0.0004386031636 -5.627637879e-05)
(9.99958916 0.0001869524573 -2.519318537e-05)
(9.999839709 7.616717627e-05 -1.073992188e-05)
(9.999940001 2.969193168e-05 -4.366449351e-06)
(9.999978436 1.108634341e-05 -1.695393542e-06)
(9.999992553 3.968733417e-06 -6.295020776e-07)
(9.999997527 1.363493748e-06 -2.237935531e-07)
(9.999999209 4.499928936e-07 -7.626661503e-08)
(9.999999757 1.427950459e-07 -2.494292023e-08)
(9.999999928 4.360834517e-08 -7.837088867e-09)
(9.999999979 1.282801538e-08 -2.368132994e-09)
)
;

boundaryField
{
    left
    {
        type            dirichlet;
        value           uniform (4 0 0);
    }
    right
    {
        type            dirichlet;
        value           uniform (4 0 0);
    }
    sides
    {
        type            empty;
    }
}


// ************************************************************************* //
