/*--------------------------------*- C++ -*----------------------------------*\
| =========                 |                                                 |
| \\      /  F ield         | foam-extend: Open Source CFD                    |
|  \\    /   O peration     | Version:     4.1                                |
|   \\  /    A nd           | Web:         http://www.foam-extend.org         |
|    \\/     M anipulation  |                                                 |
\*---------------------------------------------------------------------------*/
FoamFile
{
    version     2.0;
    format      ascii;
    class       cellScalarField;
    location    "39.9";
    object      T;
}
// * * * * * * * * * * * * * * * * * * * * * * * * * * * * * * * * * * * * * //

dimensions      [0 0 0 0 1 0 0];

internalField   nonuniform 
100
(
(4 -5.703630593e-17 1.624202108e-17)
(4 -3.787929244e-17 4.974086354e-17)
(4 -3.955794604e-17 9.910360151e-18)
(4 -5.833496369e-17 -6.027180139e-17)
(4 -2.187167735e-16 -1.308339898e-16)
(4 -5.645574783e-16 -6.801655469e-17)
(4 4.819798938e-16 -4.737154674e-17)
(4 -3.412004464e-16 -5.113491348e-17)
(4 9.774439171e-16 1.920284234e-17)
(4 -1.161045501e-15 9.615512259e-17)
(4 3.122402544e-16 -7.128825058e-17)
(4 -1.498946354e-16 4.252737254e-17)
(4 8.882741983e-16 -1.137819075e-17)
(4 -4.421195832e-16 4.905372184e-16)
(4 -1.717184785e-16 -4.519757401e-17)
(4 8.719054644e-17 -2.039404555e-16)
(4 1.793886709e-16 -1.459381275e-16)
(4 -4.11229682e-18 -6.544345121e-17)
(4 -2.574727227e-16 -1.023034739e-16)
(4 -1.713253748e-17 -4.201633522e-17)
(4 9.25273826e-17 6.214672027e-17)
(4 3.335294517e-17 -1.409584779e-16)
(4 4.021890292e-17 1.447096195e-17)
(4 -5.213685404e-17 1.333582295e-16)
(4 -4.618189235e-17 1.570292875e-16)
(4 -1.492530166e-16 -9.477812615e-17)
(4 1.593454492e-17 9.158686558e-18)
(4 9.128153084e-19 -8.307163587e-17)
(4 -4.16982508e-16 2.17219025e-16)
(4 3.358484096e-16 5.745540859e-19)
(4 3.557420118e-16 2.126341196e-16)
(4 -7.749065897e-16 -2.323257618e-16)
(4 9.374459739e-16 9.175187413e-17)
(4 -1.407700375e-15 -6.676117633e-18)
(4 1.141249159e-15 1.25461826e-17)
(4 -8.950447131e-16 -3.072671767e-16)
(4 1.27634437e-15 3.212476333e-17)
(4 -1.267423991e-15 3.75682975e-16)
(4 1.185756795e-15 -1.452387364e-16)
(4 -3.560418274e-16 7.5304158e-17)
(4 5.288033984e-16 -7.025203806e-18)
(4 -2.763666774e-16 -9.714993577e-17)
(4 -5.918936331e-17 -1.662409636e-16)
(4 -2.000147305e-18 -1.208734253e-16)
(4 -4.055071253e-16 -2.285210614e-16)
(4 9.71452714e-16 2.089689318e-17)
(4 -8.338382406e-16 8.31864236e-17)
(4 8.544778822e-16 1.093405346e-16)
(4 -9.93811308e-16 -2.845150387e-17)
(4 2.984563543e-16 2.056182143e-16)
(4 7.919216678e-16 5.076407483e-16)
(4 1.177713638e-14 6.47292318e-15)
(4 1.203035062e-13 5.431293687e-14)
(4 1.019517705e-12 4.45777965e-13)
(4 8.028352344e-12 3.363277247e-12)
(4 5.887919272e-11 2.361509699e-11)
(4 4.012178957e-10 1.533626425e-10)
(4.000000003 2.528705028e-09 9.167166085e-10)
(4.000000018 1.467533796e-08 5.019603046e-09)
(4.000000098 7.81015233e-08 2.507054753e-08)
(4.000000501 3.798604734e-07 1.138315903e-07)
(4.000002338 1.684326506e-06 4.688168545e-07)
(4.000009985 6.799682593e-06 1.749480248e-06)
(4.000038987 2.498516012e-05 5.914502505e-06)
(4.000139253 8.36087053e-05 1.812506821e-05)
(4.000455518 0.000255109111 5.040196115e-05)
(4.001367025 0.0007109433602 0.0001273460874)
(4.003771734 0.001813167665 0.0002927428223)
(4.009590567 0.00424101666 0.0006130525754)
(4.022532703 0.009118059835 0.001170727032)
(4.049049362 0.01805990607 0.002039887706)
(4.099204935 0.03302779575 0.003242690972)
(4.186973046 0.05589124026 0.004697492745)
(4.329362343 0.08770581995 0.006184371648)
(4.543956568 0.1278856066 0.007358709314)
(4.844982863 0.1736111356 0.007829639125)
(5.238759465 0.2198447037 0.007288438291)
(5.719970668 0.260149714 0.005638317912)
(6.270286529 0.288173366 0.003064206755)
(6.860214676 0.2993168309 2.03235135e-06)
(7.453944761 0.2919780051 -0.002986725721)
(8.015829609 0.2679037241 -0.00538393534)
(8.516572152 0.2315579583 -0.006857530315)
(8.937403304 0.188804475 -0.007326021234)
(9.27138535 0.1454232621 -0.006933136716)
(9.52201683 0.1059501519 -0.005959747882)
(9.700091417 0.07310944949 -0.004718576657)
(9.820030599 0.04783988485 -0.003471319698)
(9.896702386 0.0297218172 -0.002387334978)
(9.943275219 0.01755244784 -0.00154175578)
(9.97018716 0.00986440941 -0.0009382555682)
(9.984997054 0.005281482693 -0.0005395938277)
(9.992767031 0.00269686637 -0.0002939641233)
(9.996657508 0.001314731313 -0.0001520211166)
(9.998518498 0.0006125368618 -7.476391354e-05)
(9.999369783 0.0002730094553 -3.502475806e-05)
(9.999742534 0.0001165186463 -1.565334617e-05)
(9.999898915 4.766475788e-05 -6.683314487e-06)
(9.999961833 1.870620922e-05 -2.729555414e-06)
(9.999986131 7.049421291e-06 -1.067666511e-06)
)
;

boundaryField
{
    left
    {
        type            dirichlet;
        value           uniform (4 0 0);
    }
    right
    {
        type            dirichlet;
        value           uniform (4 0 0);
    }
    sides
    {
        type            empty;
    }
}


// ************************************************************************* //
