/*--------------------------------*- C++ -*----------------------------------*\
| =========                 |                                                 |
| \\      /  F ield         | foam-extend: Open Source CFD                    |
|  \\    /   O peration     | Version:     4.1                                |
|   \\  /    A nd           | Web:         http://www.foam-extend.org         |
|    \\/     M anipulation  |                                                 |
\*---------------------------------------------------------------------------*/
FoamFile
{
    version     2.0;
    format      ascii;
    class       cellScalarField;
    location    "12.1";
    object      T;
}
// * * * * * * * * * * * * * * * * * * * * * * * * * * * * * * * * * * * * * //

dimensions      [0 0 0 0 1 0 0];

internalField   nonuniform 
100
(
(4 -5.703630593e-17 1.624202108e-17)
(4 -1.322039019e-16 -1.169662405e-16)
(4 1.686251381e-16 -1.71138924e-16)
(4 3.94029663e-17 -6.269098027e-17)
(4 -8.737136318e-17 8.634749875e-17)
(4 -4.542620962e-16 -6.133311309e-19)
(4 3.398325519e-16 -2.0682429e-16)
(4 -1.375500564e-15 3.979294137e-16)
(4 1.474579392e-13 1.117579454e-13)
(4 1.937872127e-12 9.091972212e-13)
(4 4.894978714e-11 4.161587233e-11)
(4.000000001 1.12399985e-09 6.318824324e-10)
(4.000000014 1.618505478e-08 1.02933393e-08)
(4.000000232 2.710056244e-07 1.595853722e-07)
(4.000003158 3.443858448e-06 1.775943994e-06)
(4.000035033 3.6632481e-05 1.837440863e-05)
(4.000347159 0.0003524342782 0.0001580752315)
(4.002816857 0.002603141075 0.0009428307225)
(4.017032226 0.01354242122 0.003773879169)
(4.075604775 0.04989111818 0.01034446072)
(4.252107473 0.1341874566 0.01977525941)
(4.652145144 0.2718421652 0.02621126134)
(5.35194604 0.4261351523 0.02237219816)
(6.318075618 0.52874363 0.007476215725)
(7.390935394 0.5293669564 -0.01043971917)
(8.365131528 0.4348071799 -0.02167782211)
(9.099044871 0.2973218938 -0.02284751304)
(9.563759713 0.1714979475 -0.01734367707)
(9.814032558 0.0844489374 -0.01039281813)
(9.929927049 0.03589378864 -0.005130568689)
(9.976542816 0.01330361298 -0.002141647143)
(9.992983898 0.004340808723 -0.0007700756956)
(9.998113672 0.001257955628 -0.0002420021053)
(9.999541361 0.0003264616474 -6.726973276e-05)
(9.999898551 7.645378186e-05 -1.67112067e-05)
(9.999979467 1.627249904e-05 -3.743725123e-06)
(9.999996176 3.168533199e-06 -7.624145657e-07)
(9.999999341 5.678770498e-07 -1.42164229e-07)
(9.999999895 9.420648128e-08 -2.442941132e-08)
(9.999999984 1.454064076e-08 -3.891362662e-09)
(9.999999998 2.098117234e-09 -5.776464549e-10)
(10 2.842631572e-10 -8.029459661e-11)
(10 3.630803025e-11 -1.049705722e-11)
(10 4.390152495e-12 -1.296361482e-12)
(10 5.0344302e-13 -1.51993373e-13)
(10 5.393694939e-14 -1.676044029e-14)
(10 1.456562696e-15 -1.700422579e-15)
(10 8.956555743e-16 -4.335519552e-16)
(10 -4.244823032e-16 -2.389611684e-16)
(10 8.400605174e-17 2.682922895e-16)
(10 4.919056576e-16 -1.639794789e-16)
(10 -5.769160373e-16 4.074238499e-16)
(10 -4.703812654e-16 2.77177336e-16)
(10 1.481844035e-16 -6.241591015e-16)
(10 -1.565177798e-16 4.837768945e-16)
(10 3.45138836e-16 -3.387416397e-16)
(10 -1.240956538e-16 -8.379334534e-17)
(10 -7.127980546e-17 -3.906407838e-16)
(10 2.55277751e-17 1.663813138e-16)
(10 1.449818092e-16 -6.661921865e-16)
(10 3.495900371e-16 3.038999136e-16)
(10 -3.290244029e-16 3.148442344e-16)
(10 5.475594194e-16 2.137384449e-16)
(10 3.623770082e-17 -6.645847862e-16)
(10 1.377301136e-16 -9.476261488e-17)
(10 -4.565192617e-17 -6.517205605e-16)
(10 3.9891904e-17 -6.734249693e-17)
(10 -6.744053337e-17 -3.036005408e-17)
(10 3.199362015e-16 -3.237379945e-16)
(10 3.892407848e-16 -7.955162312e-17)
(10 4.108931076e-16 4.839346566e-16)
(10 -5.690719657e-17 -1.734752843e-16)
(10 1.910157728e-16 -1.286321025e-16)
(10 1.740559901e-16 6.767238056e-17)
(10 1.696496855e-16 8.072136063e-17)
(10 -9.425541611e-17 3.815521964e-16)
(10 -1.289052547e-16 7.712476924e-16)
(10 -3.693200722e-16 4.219310598e-16)
(10 -1.028049366e-16 1.171016514e-16)
(10 3.067663172e-17 -5.237811298e-16)
(10 1.240518029e-17 -4.87680486e-16)
(10 4.868248823e-16 -2.561411203e-16)
(10 1.408106981e-16 -2.824732037e-16)
(10 3.071781155e-16 -7.614813378e-17)
(10 4.561518669e-16 -1.635640427e-16)
(10 1.859562584e-16 4.393002227e-17)
(10 -1.716173485e-18 5.177500523e-16)
(10 -1.847866214e-16 5.916393777e-16)
(10 2.281290459e-16 4.671952031e-18)
(10 -4.313288341e-16 -4.9532528e-16)
(10 4.445486741e-16 5.818174767e-17)
(10 2.262892635e-16 1.959639999e-16)
(10 4.007091913e-16 -1.731682026e-16)
(10 -1.471218399e-16 -3.932330489e-16)
(10 1.615523609e-16 2.366354403e-16)
(10 2.270864093e-16 3.746004712e-16)
(10 1.828714611e-16 3.196644181e-16)
(10 -1.827563023e-16 -2.767148004e-16)
(10 1.565928076e-16 6.160381274e-17)
(10 -4.01112995e-16 2.678647713e-15)
)
;

boundaryField
{
    left
    {
        type            dirichlet;
        value           uniform (4 0 0);
    }
    right
    {
        type            dirichlet;
        value           uniform (4 0 0);
    }
    sides
    {
        type            empty;
    }
}


// ************************************************************************* //
