/*--------------------------------*- C++ -*----------------------------------*\
| =========                 |                                                 |
| \\      /  F ield         | foam-extend: Open Source CFD                    |
|  \\    /   O peration     | Version:     4.1                                |
|   \\  /    A nd           | Web:         http://www.foam-extend.org         |
|    \\/     M anipulation  |                                                 |
\*---------------------------------------------------------------------------*/
FoamFile
{
    version     2.0;
    format      ascii;
    class       cellScalarField;
    location    "11.8";
    object      T;
}
// * * * * * * * * * * * * * * * * * * * * * * * * * * * * * * * * * * * * * //

dimensions      [0 0 0 0 1 0 0];

internalField   nonuniform 
100
(
(4 -5.703630593e-17 1.624202108e-17)
(4 -1.369611121e-16 -1.76751799e-16)
(4 6.580320061e-17 9.561320349e-18)
(4 4.951006381e-18 -2.04366869e-17)
(4 -1.038781961e-16 -1.231632074e-16)
(4 -1.569831541e-16 2.669043641e-16)
(4 2.469808148e-16 -2.531479309e-16)
(4 5.424649707e-16 1.573501462e-14)
(4 6.318248394e-13 2.677834274e-13)
(4 5.682452535e-12 5.183089006e-12)
(4 2.3331993e-10 1.613950104e-10)
(4.000000003 3.797362476e-09 2.152036689e-09)
(4.000000052 6.079610207e-08 3.958206649e-08)
(4.000000832 9.557454114e-07 5.251785131e-07)
(4.000010323 1.09824671e-05 5.610219318e-06)
(4.000110119 0.0001147479467 5.624529226e-05)
(4.001029787 0.001016821092 0.0004207916529)
(4.007437661 0.006478192055 0.002093704006)
(4.039100902 0.02864847685 0.006961276767)
(4.151028737 0.09014343538 0.01585001984)
(4.4422227 0.2088250771 0.02493626449)
(5.016093449 0.3672920084 0.02618885387)
(5.894633911 0.5033122161 0.0149295243)
(6.96199424 0.5491174819 -0.003747532984)
(8.0101203 0.4858708805 -0.01900003881)
(8.855398879 0.3543257749 -0.02404931511)
(9.423240771 0.2160413469 -0.02023315745)
(9.745096063 0.1115717585 -0.01303772368)
(9.900835058 0.04938684991 -0.006805670674)
(9.965871133 0.01894390124 -0.002969800812)
(9.989547945 0.00636131142 -0.00110672134)
(9.997133831 0.00188777857 -0.0003579698377)
(9.999291767 0.0004994619834 -0.0001018315738)
(9.99984131 0.0001187813067 -2.576363554e-05)
(9.999967561 2.558441935e-05 -5.853952164e-06)
(9.999993915 5.026025054e-06 -1.204883058e-06)
(9.999998947 9.063580688e-07 -2.263746742e-07)
(9.999999831 1.509326462e-07 -3.909223069e-08)
(9.999999975 2.333718611e-08 -6.243528727e-09)
(9.999999996 3.367248261e-09 -9.274388118e-10)
(10 4.554736166e-10 -1.28784937e-10)
(10 5.800363791e-11 -1.679530802e-11)
(10 6.982807924e-12 -2.065821938e-12)
(10 7.969828898e-13 -2.418439203e-13)
(10 8.533204869e-14 -2.591703282e-14)
(10 6.381973763e-15 -2.637017636e-15)
(10 -7.807376008e-16 2.276097605e-16)
(10 -1.392255402e-17 2.098931825e-16)
(10 -8.109345722e-17 -4.029064243e-16)
(10 4.403202745e-16 -1.75135014e-16)
(10 2.755214712e-16 3.246527962e-16)
(10 -4.868943788e-16 1.147759832e-16)
(10 -3.268614767e-17 1.302873242e-16)
(10 -4.977716447e-17 -1.791019786e-16)
(10 -1.944101454e-16 2.101569278e-16)
(10 3.016913073e-16 -1.316218586e-16)
(10 1.366230378e-18 -3.914703181e-16)
(10 9.850650635e-17 -6.89433166e-16)
(10 2.251869101e-16 -5.567092039e-16)
(10 2.370891716e-16 -3.09470834e-16)
(10 2.727116887e-16 -5.122306185e-16)
(10 2.24699862e-16 -5.378273178e-16)
(10 2.664324144e-16 1.693729946e-16)
(10 -3.47542936e-16 -4.13411335e-16)
(10 9.381364579e-17 -9.667070219e-17)
(10 7.461497223e-17 -7.606856973e-16)
(10 3.746149056e-17 -4.021790432e-17)
(10 -4.289978253e-16 2.649944976e-16)
(10 4.608874227e-16 -3.114008401e-17)
(10 5.838528958e-17 -4.295145041e-16)
(10 2.220247887e-16 2.710455421e-16)
(10 2.970032053e-16 -6.767908412e-17)
(10 -3.423819019e-16 1.080763125e-16)
(10 6.955029653e-19 4.963185692e-16)
(10 -3.543629666e-16 1.680453818e-16)
(10 -1.23671307e-16 -6.229759559e-19)
(10 -3.190275328e-16 1.343451498e-16)
(10 1.515221178e-16 -4.773027616e-16)
(10 4.151918884e-16 -4.508682953e-16)
(10 4.566983661e-16 -1.381861191e-17)
(10 1.324877678e-16 -3.770606769e-16)
(10 4.241339985e-16 2.959666151e-17)
(10 1.768741001e-16 -1.957908054e-18)
(10 4.089394288e-17 -3.131469427e-17)
(10 4.767175929e-16 -5.126024789e-18)
(10 -4.156196358e-16 2.754431963e-16)
(10 -1.139894506e-16 4.272985948e-17)
(10 4.361971826e-16 2.703850128e-16)
(10 5.438069404e-17 -4.079882439e-16)
(10 2.778315364e-17 -7.032150838e-16)
(10 2.665825658e-16 3.469154395e-16)
(10 2.098144733e-16 6.352218362e-16)
(10 1.24474617e-16 5.602571422e-16)
(10 -2.910520235e-16 -4.103199975e-16)
(10 2.834330848e-16 9.866755677e-17)
(10 -5.409408325e-16 2.711401492e-16)
(10 1.638810445e-16 3.382575791e-16)
(10 1.151716745e-16 -3.509583747e-16)
(10 -2.127281552e-16 2.433090626e-16)
(10 -1.574445844e-15 3.613429532e-15)
)
;

boundaryField
{
    left
    {
        type            dirichlet;
        value           uniform (4 0 0);
    }
    right
    {
        type            dirichlet;
        value           uniform (4 0 0);
    }
    sides
    {
        type            empty;
    }
}


// ************************************************************************* //
