/*--------------------------------*- C++ -*----------------------------------*\
| =========                 |                                                 |
| \\      /  F ield         | foam-extend: Open Source CFD                    |
|  \\    /   O peration     | Version:     4.1                                |
|   \\  /    A nd           | Web:         http://www.foam-extend.org         |
|    \\/     M anipulation  |                                                 |
\*---------------------------------------------------------------------------*/
FoamFile
{
    version     2.0;
    format      ascii;
    class       cellScalarField;
    location    "8.7";
    object      T;
}
// * * * * * * * * * * * * * * * * * * * * * * * * * * * * * * * * * * * * * //

dimensions      [0 0 0 0 1 0 0];

internalField   nonuniform 
100
(
(4 -5.703630593e-17 1.624202108e-17)
(4 5.067386726e-17 2.600374696e-16)
(4 4.042043903e-15 -2.206260367e-15)
(4 -9.934060853e-14 9.011078166e-14)
(4 4.695962466e-12 2.698692005e-13)
(4 -2.504879497e-11 2.839030391e-11)
(4.000000001 2.328675851e-09 1.342036208e-09)
(4.000000024 2.146706738e-08 1.298714741e-08)
(4.000000473 6.327829294e-07 4.850415218e-07)
(4.000009504 1.094173529e-05 5.550842995e-06)
(4.000115748 0.0001228403561 7.014254794e-05)
(4.001403946 0.001547286431 0.000786679894)
(4.013491226 0.01310542988 0.004784018787)
(4.083156938 0.06484552185 0.01609396565)
(4.334806858 0.1997824886 0.0317101316)
(4.939624728 0.4108075579 0.03615402974)
(5.957859526 0.5947572521 0.01797515328)
(7.208302903 0.6316689171 -0.01147459921)
(8.365499461 0.5085987942 -0.03019693406)
(9.194727843 0.3191312646 -0.03027431038)
(9.665789306 0.1598351064 -0.0200863558)
(9.882416475 0.06527519896 -0.00995769558)
(9.964609178 0.02216000139 -0.003902419681)
(9.990790937 0.006364251512 -0.001252563726)
(9.99790555 0.001571078061 -0.0003379186553)
(9.999579139 0.0003382092098 -7.821800548e-05)
(9.999924509 6.43214724e-05 -1.580113999e-05)
(9.999987796 1.093384106e-05 -2.826421084e-06)
(9.999998206 1.678643757e-06 -4.532593969e-07)
(9.999999758 2.349316573e-07 -6.587024758e-08)
(9.99999997 3.022061923e-08 -8.756496554e-09)
(9.999999997 3.59936898e-09 -1.073554758e-09)
(10 3.995238259e-10 -1.222631761e-10)
(10 4.156652262e-11 -1.301547971e-11)
(10 4.075721886e-12 -1.302654667e-12)
(10 3.81507717e-13 -1.24284619e-13)
(10 3.223773664e-14 -1.128022664e-14)
(10 4.067357649e-16 -8.94393028e-16)
(10 1.552914233e-15 -2.197420832e-16)
(10 -1.414713831e-15 3.447597992e-16)
(10 1.715429367e-16 -2.985256094e-16)
(10 1.024623997e-16 2.002648048e-16)
(10 -3.059746484e-16 -2.270276707e-16)
(10 1.234310464e-16 1.095842815e-16)
(10 -4.188307866e-16 1.093427738e-16)
(10 2.941978747e-16 -2.117143813e-16)
(10 -1.785726895e-16 4.107705239e-16)
(10 -1.21429381e-16 2.432111694e-16)
(10 -6.25482707e-16 -2.906365576e-16)
(10 7.909762573e-16 -1.751688145e-16)
(10 -1.466812551e-16 -4.201639135e-17)
(10 1.017195452e-15 -5.404392429e-16)
(10 -3.380574783e-16 -1.151678746e-16)
(10 -3.439953362e-16 2.420164693e-16)
(10 6.607267678e-18 -2.485491594e-16)
(10 -1.000166692e-16 -1.432483073e-16)
(10 3.611104244e-16 2.660014363e-16)
(10 -2.894653432e-16 4.235386962e-16)
(10 -2.591520866e-17 7.434773135e-16)
(10 4.220862841e-16 2.500696487e-16)
(10 4.397387742e-16 4.87170897e-17)
(10 -2.844667443e-16 -7.124485755e-16)
(10 5.034426096e-16 1.667925352e-16)
(10 -4.185418654e-16 5.851169642e-16)
(10 2.905725372e-17 6.169572632e-16)
(10 1.604203584e-16 -4.290983987e-16)
(10 -3.565444038e-16 2.861276903e-16)
(10 -2.938351966e-17 1.146999029e-16)
(10 2.288537374e-16 1.038496598e-16)
(10 -1.290548362e-16 -1.567161856e-16)
(10 9.225547452e-17 -4.501204845e-16)
(10 -1.684603575e-16 2.017738867e-16)
(10 -3.945048428e-16 -5.395500869e-16)
(10 1.416077706e-16 -1.838653843e-16)
(10 5.067129337e-16 4.735176635e-17)
(10 -2.603288151e-16 7.48973434e-16)
(10 -2.192187726e-16 5.69266038e-17)
(10 -1.854297256e-16 6.769899063e-17)
(10 -3.414641057e-16 4.102568964e-16)
(10 2.282727488e-17 1.218580069e-16)
(10 -2.649642611e-16 2.453169875e-16)
(10 -1.894112883e-17 4.26545229e-17)
(10 -2.350594994e-17 1.46179938e-16)
(10 -4.542592377e-16 -9.928045862e-17)
(10 -1.210248092e-18 -3.765913058e-16)
(10 1.093612822e-16 -2.476806326e-16)
(10 8.523293909e-17 -4.060719251e-16)
(10 -5.817897996e-17 -2.008818928e-16)
(10 3.82304655e-17 2.275369465e-16)
(10 -1.685932662e-17 -1.087825639e-17)
(10 2.413900432e-16 1.962281516e-16)
(10 -2.66512645e-16 -2.695542951e-17)
(10 1.364883093e-16 1.74959894e-17)
(10 -2.188385326e-16 5.564619606e-16)
(10 -1.000862168e-15 5.078880458e-16)
(10 1.354184939e-16 -7.673887638e-17)
(10 4.236895964e-18 -2.400961834e-18)
(10 1.325615644e-19 -7.511991314e-20)
(10 4.147509993e-21 -2.350308642e-21)
(10 -1.593972428e-15 3.726772251e-15)
)
;

boundaryField
{
    left
    {
        type            dirichlet;
        value           uniform (4 0 0);
    }
    right
    {
        type            dirichlet;
        value           uniform (4 0 0);
    }
    sides
    {
        type            empty;
    }
}


// ************************************************************************* //
