/*--------------------------------*- C++ -*----------------------------------*\
| =========                 |                                                 |
| \\      /  F ield         | foam-extend: Open Source CFD                    |
|  \\    /   O peration     | Version:     4.1                                |
|   \\  /    A nd           | Web:         http://www.foam-extend.org         |
|    \\/     M anipulation  |                                                 |
\*---------------------------------------------------------------------------*/
FoamFile
{
    version     2.0;
    format      ascii;
    class       cellScalarField;
    location    "29.4";
    object      T;
}
// * * * * * * * * * * * * * * * * * * * * * * * * * * * * * * * * * * * * * //

dimensions      [0 0 0 0 1 0 0];

internalField   nonuniform 
100
(
(4 -5.703630593e-17 1.624202108e-17)
(4 9.127059591e-18 -4.965983842e-17)
(4 1.162851986e-16 -7.078966269e-17)
(4 -1.358066318e-16 2.384687413e-16)
(4 7.567081888e-17 -9.892781614e-18)
(4 -4.531781956e-16 2.442663122e-16)
(4 4.206065747e-16 -1.355724227e-16)
(4 -9.645566327e-17 2.03944639e-16)
(4 6.925671837e-16 8.530253436e-17)
(4 -1.401379983e-15 -6.373152828e-17)
(4 1.432068399e-16 -1.120642867e-16)
(4 5.299967307e-16 1.442209413e-16)
(4 4.265248499e-16 -7.291296956e-17)
(4 -1.483610227e-16 -6.797264369e-17)
(4 -2.510442275e-17 -2.690214788e-17)
(4 -7.614850927e-17 -6.187665938e-17)
(4 -2.064470011e-17 -1.200384831e-17)
(4 -6.496891056e-17 1.214536527e-19)
(4 -5.315898228e-17 1.741880966e-16)
(4 -8.995791145e-17 5.979173942e-17)
(4 -2.851230029e-16 -6.508082967e-17)
(4 -2.915842369e-17 -1.682240907e-16)
(4 -8.052442962e-17 1.177083025e-16)
(4 1.337284405e-16 1.374189919e-16)
(4 -3.187115636e-16 -2.124139521e-16)
(4 7.08960421e-16 1.113565305e-16)
(4 -8.150667439e-16 1.309947546e-16)
(4 8.700607725e-16 2.004447899e-16)
(4 -1.295900868e-15 -2.599684446e-16)
(4 1.255222183e-15 -3.543609667e-17)
(4 -6.242465978e-16 2.895808983e-16)
(4 2.063899025e-16 -2.432793109e-16)
(4 4.360007008e-17 -1.301926382e-19)
(4 -1.977129688e-16 1.050139487e-15)
(4 1.489670976e-14 7.840823665e-15)
(4 1.746276921e-13 9.06728633e-14)
(4 1.881488896e-12 9.37741673e-13)
(4 1.885341851e-11 9.044914605e-12)
(4 1.749172121e-10 8.03044615e-11)
(4.000000002 1.492568783e-09 6.521502314e-10)
(4.000000012 1.164035757e-08 4.81059652e-09)
(4.000000091 8.237795767e-08 3.194648683e-08)
(4.000000605 5.243189602e-07 1.889405524e-07)
(4.000003619 2.972792984e-06 9.849426103e-07)
(4.000019282 1.489565225e-05 4.491748674e-06)
(4.000091137 6.563964452e-05 1.785015616e-05)
(4.000381315 0.0002539691826 6.17626733e-05)
(4.001412976 0.0008636161874 0.0001862888713)
(4.004648479 0.00258791433 0.0004909052398)
(4.013628021 0.006859065078 0.001133034908)
(4.035765417 0.01614625507 0.002295350577)
(4.084442786 0.03390348179 0.004086267364)
(4.180303996 0.06377354874 0.006389383418)
(4.350059278 0.1079090611 0.008745337305)
(4.62142202 0.1648962031 0.0103871965)
(5.014451193 0.2284136977 0.01049399758)
(5.532014436 0.2878222482 0.008580540183)
(6.153740922 0.3310257637 0.004807948307)
(6.837159855 0.3485758861 4.68051015e-06)
(7.526617426 0.3370691029 -0.004644974731)
(8.166757616 0.300155534 -0.008077282583)
(8.71521473 0.2467956585 -0.009729507506)
(9.149932993 0.18784277 -0.009647928635)
(9.469467749 0.1326687853 -0.00832673666)
(9.687778505 0.08714971702 -0.006419644106)
(9.826722366 0.0533642181 -0.004487354622)
(9.909275464 0.03052440372 -0.002871495438)
(9.95515776 0.01634361458 -0.001693793877)
(9.979059568 0.008207515843 -0.0009258520354)
(9.990752321 0.003873173674 -0.0004709793666)
(9.996133807 0.001720738506 -0.0002237667074)
(9.998468127 0.0007209917592 -9.960196996e-05)
(9.999424089 0.0002854061725 -4.164972506e-05)
(9.999794316 0.0001069155036 -1.640231154e-05)
(9.999930131 3.796351992e-05 -6.097232657e-06)
(9.999977399 1.279744897e-05 -2.143917672e-06)
(9.999993029 4.101790251e-06 -7.144689247e-07)
(9.999997948 1.251867978e-06 -2.260786619e-07)
(9.999999422 3.643352229e-07 -6.804460962e-08)
(9.999999844 1.012523213e-07 -1.951209954e-08)
(9.99999996 2.690638074e-08 -5.339174629e-09)
(9.99999999 6.845720486e-09 -1.396228829e-09)
(9.999999998 1.669728494e-09 -3.49441283e-10)
(9.999999999 3.909060574e-10 -8.381644277e-11)
(10 8.79417761e-11 -1.929192814e-11)
(10 1.903293809e-11 -4.266472742e-12)
(10 3.967645947e-12 -9.071112424e-13)
(10 7.960963188e-13 -1.847990142e-13)
(10 1.55531835e-13 -3.772859733e-14)
(10 2.655551679e-14 -6.104052402e-15)
(10 9.829188222e-15 -2.755022937e-15)
(10 -1.147936818e-16 3.544899117e-16)
(10 -5.024525682e-16 -2.227668317e-16)
(10 1.493200859e-16 4.213235392e-16)
(10 -6.195314896e-16 5.9997783e-16)
(10 -1.716922685e-16 5.307771015e-16)
(10 -5.246730465e-16 3.414157972e-16)
(10 -2.536229949e-16 -1.851945141e-16)
(10 1.705541607e-16 -1.187520458e-16)
(10 -1.485805315e-15 3.367818913e-15)
)
;

boundaryField
{
    left
    {
        type            dirichlet;
        value           uniform (4 0 0);
    }
    right
    {
        type            dirichlet;
        value           uniform (4 0 0);
    }
    sides
    {
        type            empty;
    }
}


// ************************************************************************* //
