/*--------------------------------*- C++ -*----------------------------------*\
| =========                 |                                                 |
| \\      /  F ield         | foam-extend: Open Source CFD                    |
|  \\    /   O peration     | Version:     4.1                                |
|   \\  /    A nd           | Web:         http://www.foam-extend.org         |
|    \\/     M anipulation  |                                                 |
\*---------------------------------------------------------------------------*/
FoamFile
{
    version     2.0;
    format      ascii;
    class       cellScalarField;
    location    "10.2";
    object      T;
}
// * * * * * * * * * * * * * * * * * * * * * * * * * * * * * * * * * * * * * //

dimensions      [0 0 0 0 1 0 0];

internalField   nonuniform 
100
(
(4 -5.703630593e-17 1.624202108e-17)
(4 4.66208707e-17 -4.363248804e-17)
(4 -1.214563098e-16 8.807612243e-18)
(4 1.017246699e-16 8.663168904e-17)
(4 1.358672954e-15 -2.010121765e-15)
(4 -1.303493837e-14 6.32764702e-14)
(4 2.067804808e-12 3.628721591e-13)
(4 7.178731728e-12 1.839631195e-11)
(4.000000001 9.335141319e-10 5.794471478e-10)
(4.000000012 1.216355026e-08 7.185871054e-09)
(4.0000002 2.458060436e-07 1.712681671e-07)
(4.000003476 3.994949918e-06 2.117014585e-06)
(4.00004241 4.492267768e-05 2.387057014e-05)
(4.000471738 0.0005024004823 0.0002493137438)
(4.004417204 0.004313038528 0.001669680736)
(4.029201712 0.02401167454 0.006796488459)
(4.13302636 0.08795175497 0.01746468177)
(4.433668407 0.2225510186 0.02896567048)
(5.06035236 0.4065658373 0.02988384802)
(6.033812259 0.5556447054 0.01421693187)
(7.193158982 0.5847056014 -0.009134755134)
(8.277205267 0.4852526951 -0.02499009883)
(9.089398291 0.3242148039 -0.02691277432)
(9.58578487 0.1775885053 -0.01968751782)
(9.837271202 0.08105907481 -0.0109910225)
(9.944452126 0.0312932748 -0.004932902271)
(9.983402006 0.01035835498 -0.001836920059)
(9.995623476 0.002976992698 -0.0005805013012)
(9.998973251 0.000751507471 -0.0001584663754)
(9.999783937 0.0001684098423 -3.791970756e-05)
(9.999958898 3.382979377e-05 -8.054304367e-06)
(9.99999288 6.145785736e-06 -1.53516548e-06)
(9.999998869 1.017891833e-06 -2.650939142e-07)
(9.999999834 1.548272526e-07 -4.182476129e-08)
(9.999999977 2.177162222e-08 -6.074585634e-09)
(9.999999997 2.847302497e-09 -8.176235451e-10)
(10 3.482026964e-10 -1.025988904e-10)
(10 4.00177471e-11 -1.206694109e-11)
(10 4.342060712e-12 -1.337237849e-12)
(10 4.470924836e-13 -1.416279079e-13)
(10 4.017133031e-14 -1.281997764e-14)
(10 1.289665782e-15 -9.37731258e-16)
(10 4.26589796e-16 5.126241717e-16)
(10 -8.90936234e-16 5.104700646e-16)
(10 3.58843093e-17 -5.626194736e-16)
(10 -6.064559819e-16 -4.388756018e-16)
(10 4.57554961e-16 1.465940308e-16)
(10 -5.788937489e-16 4.297148878e-16)
(10 4.298972592e-16 1.59816195e-16)
(10 2.643986702e-17 3.050541904e-16)
(10 -4.330076808e-17 3.368599235e-16)
(10 -4.98471203e-16 -4.238412175e-16)
(10 9.239286147e-17 -2.172330468e-16)
(10 -3.139935262e-16 1.605883843e-16)
(10 -3.379559347e-16 4.213953177e-16)
(10 -2.058707496e-16 -2.949221667e-17)
(10 -2.67906231e-16 -2.098147386e-16)
(10 2.069755134e-16 5.895681168e-17)
(10 3.19280073e-17 -1.472215938e-17)
(10 8.4371803e-17 1.435713592e-16)
(10 -3.328889728e-16 -3.076532227e-17)
(10 -2.411966842e-16 3.357776979e-16)
(10 1.477166022e-16 -7.310485229e-17)
(10 5.407550781e-16 5.192351139e-16)
(10 4.01256588e-18 -1.115425775e-16)
(10 4.263288556e-16 8.730541975e-17)
(10 1.426833383e-16 1.595336113e-17)
(10 4.042816688e-17 -3.126537525e-17)
(10 4.768213794e-16 -5.18422135e-18)
(10 -4.156170816e-16 2.754404164e-16)
(10 -1.139881811e-16 4.27306701e-17)
(10 4.361956851e-16 2.703842089e-16)
(10 5.438221827e-17 -4.07987882e-16)
(10 2.778214984e-17 -7.032151472e-16)
(10 2.665830393e-16 3.46915451e-16)
(10 2.098142624e-16 6.352218008e-16)
(10 1.244747477e-16 5.602571825e-16)
(10 -2.910521244e-16 -4.103200222e-16)
(10 2.834331545e-16 9.866756507e-17)
(10 -5.409408707e-16 2.711401494e-16)
(10 1.638810603e-16 3.382575771e-16)
(10 1.151716698e-16 -3.509583734e-16)
(10 -2.127281544e-16 2.433090619e-16)
(10 -2.980814714e-17 9.862191687e-17)
(10 -3.427209822e-16 4.588437865e-16)
(10 -5.619699879e-17 -1.244791547e-16)
(10 1.058443486e-17 -3.079709449e-16)
(10 -1.095728617e-16 1.724493176e-16)
(10 -3.152749722e-16 -3.063104396e-16)
(10 -3.405254462e-16 -2.392138052e-16)
(10 2.89519004e-16 4.494675869e-16)
(10 -4.884724923e-16 4.162309362e-16)
(10 -3.41600508e-17 -2.017949338e-17)
(10 -1.211978972e-16 7.451010497e-17)
(10 -2.0783034e-16 3.386079116e-16)
(10 -3.460344677e-16 -5.48222837e-17)
(10 -4.077308312e-16 -3.072755195e-17)
(10 5.943933883e-16 -4.712290685e-16)
(10 -6.475134384e-18 1.05236753e-16)
(10 1.772356847e-16 3.184489397e-15)
)
;

boundaryField
{
    left
    {
        type            dirichlet;
        value           uniform (4 0 0);
    }
    right
    {
        type            dirichlet;
        value           uniform (4 0 0);
    }
    sides
    {
        type            empty;
    }
}


// ************************************************************************* //
