/*--------------------------------*- C++ -*----------------------------------*\
| =========                 |                                                 |
| \\      /  F ield         | foam-extend: Open Source CFD                    |
|  \\    /   O peration     | Version:     4.1                                |
|   \\  /    A nd           | Web:         http://www.foam-extend.org         |
|    \\/     M anipulation  |                                                 |
\*---------------------------------------------------------------------------*/
FoamFile
{
    version     2.0;
    format      ascii;
    class       cellScalarField;
    location    "11.2";
    object      T;
}
// * * * * * * * * * * * * * * * * * * * * * * * * * * * * * * * * * * * * * //

dimensions      [0 0 0 0 1 0 0];

internalField   nonuniform 
100
(
(4 -5.703630593e-17 1.624202108e-17)
(4 -1.529440952e-16 -5.613602234e-17)
(4 -1.150680322e-16 -2.136461949e-17)
(4 -1.662439063e-16 2.750806491e-16)
(4 1.784036086e-17 -8.236685149e-17)
(4 -2.515856603e-16 1.207127885e-16)
(4 -8.95007059e-15 4.678132427e-15)
(4 4.980297967e-13 2.692468243e-13)
(4 3.345440408e-12 2.279318691e-12)
(4 1.649659541e-10 1.332060493e-10)
(4.000000003 3.172043176e-09 1.696517377e-09)
(4.000000042 4.848375948e-08 3.306891582e-08)
(4.000000724 8.540775137e-07 4.867856591e-07)
(4.000009557 1.026886526e-05 5.286506018e-06)
(4.000105315 0.0001108356859 5.614179993e-05)
(4.001038042 0.001047537264 0.0004504239686)
(4.007904526 0.007040108805 0.002339163977)
(4.043034962 0.03204925991 0.007894547765)
(4.169014349 0.1016487149 0.01781735754)
(4.496010402 0.2334886005 0.02713395186)
(5.130416327 0.4019384066 0.02661715488)
(6.07611921 0.5334026437 0.01238133546)
(7.184718565 0.5586531596 -0.00798242543)
(8.227021831 0.4710528137 -0.02228938592)
(9.026590774 0.3253564119 -0.02493213015)
(9.53470856 0.1869378193 -0.01921528739)
(9.805906988 0.09059991529 -0.01143688389)
(9.929016612 0.0375131704 -0.005526337725)
(9.977104566 0.01342665172 -0.002233202121)
(9.99344349 0.004199561643 -0.0007706458241)
(9.998321436 0.001159500381 -0.0002308201286)
(9.999613135 0.0002852479741 -6.081397551e-05)
(9.999919187 6.306739741e-05 -1.425653766e-05)
(9.9999846 1.263194683e-05 -3.003592934e-06)
(9.999997306 2.30883159e-06 -5.737394022e-07)
(9.999999565 3.87686984e-07 -1.001487915e-07)
(9.999999935 6.017292962e-08 -1.608744557e-08)
(9.999999991 8.681343791e-09 -2.393209155e-09)
(9.999999999 1.170209754e-09 -3.315873385e-10)
(10 1.480678021e-10 -4.300789261e-11)
(10 1.766227733e-11 -5.247529632e-12)
(10 1.995893672e-12 -6.064915156e-13)
(10 2.121818877e-13 -6.62599634e-14)
(10 2.046728809e-14 -7.081435272e-15)
(10 4.644457508e-16 -2.003676933e-16)
(10 2.816469194e-16 -5.988458422e-17)
(10 -1.369945795e-16 -7.659168713e-17)
(10 -2.511999053e-16 2.670193302e-16)
(10 3.010290281e-16 -4.104845103e-16)
(10 2.213727701e-16 8.658377256e-17)
(10 -7.397085762e-17 1.733609105e-16)
(10 -3.569841055e-16 1.556046178e-16)
(10 3.715546768e-16 4.408156529e-16)
(10 9.319466551e-17 2.633719685e-16)
(10 1.718201654e-16 4.600424491e-17)
(10 2.376287754e-16 -1.671662208e-16)
(10 5.43064023e-16 3.393105063e-16)
(10 8.525610014e-17 5.235125431e-16)
(10 -3.510735038e-16 6.859207216e-17)
(10 1.121704351e-16 -4.813347274e-16)
(10 5.734801235e-16 -1.739725888e-16)
(10 -4.460711997e-17 1.669820665e-18)
(10 2.392075511e-16 -5.953957122e-16)
(10 -1.483159301e-16 3.722535409e-17)
(10 -2.26930408e-16 2.23496014e-16)
(10 1.814699057e-17 -9.524755057e-17)
(10 5.056872138e-16 3.153222718e-16)
(10 -8.096358965e-17 1.612114589e-16)
(10 3.975140729e-17 6.298567687e-17)
(10 -3.989129231e-16 9.744597375e-17)
(10 -2.638197521e-16 -4.879113186e-16)
(10 2.855055501e-16 -6.095219215e-16)
(10 4.841357737e-18 -3.36609481e-16)
(10 2.764521252e-16 -2.178232577e-16)
(10 9.964259273e-17 -2.359690082e-16)
(10 2.018520672e-16 -9.734354575e-17)
(10 3.155133827e-16 -1.955501042e-16)
(10 1.656073737e-16 -2.756063462e-17)
(10 6.610834659e-17 3.324995677e-16)
(10 -4.6841276e-17 4.057695298e-16)
(10 1.661399105e-16 -3.9889474e-17)
(10 -3.046380769e-16 -2.973517612e-16)
(10 5.972373162e-16 1.752580849e-16)
(10 1.03655751e-16 1.548792784e-16)
(10 2.740070796e-16 -1.912525172e-16)
(10 -4.549503128e-16 -4.211898867e-16)
(10 1.985067924e-16 7.936791123e-17)
(10 2.176562426e-16 1.941894238e-16)
(10 1.91405681e-16 1.564400359e-16)
(10 3.967264152e-16 -6.142898987e-16)
(10 -7.892285272e-17 6.213081041e-16)
(10 -2.585798423e-16 2.63940323e-16)
(10 3.099361908e-16 2.205613665e-16)
(10 -2.253598137e-16 -2.271492778e-16)
(10 -5.845415902e-17 1.269389153e-16)
(10 -4.1132893e-16 3.103697462e-16)
(10 -2.804513888e-16 1.8230539e-16)
(10 -2.177170228e-17 -7.571648839e-17)
(10 2.115558615e-16 -8.349992143e-17)
(10 -1.120699454e-16 3.574456472e-15)
)
;

boundaryField
{
    left
    {
        type            dirichlet;
        value           uniform (4 0 0);
    }
    right
    {
        type            dirichlet;
        value           uniform (4 0 0);
    }
    sides
    {
        type            empty;
    }
}


// ************************************************************************* //
