/*--------------------------------*- C++ -*----------------------------------*\
| =========                 |                                                 |
| \\      /  F ield         | foam-extend: Open Source CFD                    |
|  \\    /   O peration     | Version:     4.1                                |
|   \\  /    A nd           | Web:         http://www.foam-extend.org         |
|    \\/     M anipulation  |                                                 |
\*---------------------------------------------------------------------------*/
FoamFile
{
    version     2.0;
    format      ascii;
    class       cellScalarField;
    location    "43.9";
    object      T;
}
// * * * * * * * * * * * * * * * * * * * * * * * * * * * * * * * * * * * * * //

dimensions      [0 0 0 0 1 0 0];

internalField   nonuniform 
100
(
(4 -5.703630593e-17 1.624202108e-17)
(4 -1.696878354e-17 2.123472428e-16)
(4 -2.652203069e-16 -6.277212409e-17)
(4 1.140281033e-16 -9.235172277e-17)
(4 3.350751228e-17 -9.722613237e-17)
(4 -5.14883391e-16 6.16162746e-18)
(4 4.584364505e-16 -1.728253376e-16)
(4 -4.298561646e-16 8.348210014e-17)
(4 8.110256721e-16 1.056077646e-16)
(4 -1.537591987e-15 -4.471498595e-17)
(4 2.944182725e-16 -1.170351652e-16)
(4 -7.008104416e-17 4.886054524e-17)
(4 9.011933343e-16 -1.105377563e-16)
(4 -8.875561047e-16 2.09226849e-16)
(4 7.381245984e-16 -3.668753792e-16)
(4 9.401998847e-19 -1.425793954e-16)
(4 -5.053251343e-17 -1.167780234e-16)
(4 1.18353152e-16 -1.037104088e-16)
(4 -1.512376618e-16 -1.533061362e-16)
(4 1.604837792e-16 -2.009338012e-16)
(4 -1.371228134e-16 1.212907054e-16)
(4 -2.127898873e-16 -6.585259763e-17)
(4 4.198688343e-17 4.120135113e-17)
(4 -1.447420863e-16 8.076883672e-17)
(4 -1.828011512e-16 -6.00483045e-17)
(4 7.875913006e-17 -1.808341196e-16)
(4 -4.81093788e-17 3.186971496e-16)
(4 -1.325475031e-16 4.749828331e-17)
(4 -4.273941075e-16 -1.149026531e-16)
(4 3.847113143e-16 -1.370668977e-17)
(4 4.649850598e-16 9.02526129e-17)
(4 -8.150460659e-16 -8.7072421e-17)
(4 5.704929554e-16 -1.482235279e-16)
(4 -6.335574045e-16 8.672257093e-17)
(4 3.908143892e-16 1.187411279e-16)
(4 -4.921669476e-16 1.193219957e-16)
(4 8.485479122e-16 -1.29771585e-17)
(4 -7.148738731e-16 1.79396003e-16)
(4 2.023790056e-16 1.792664658e-17)
(4 7.616973466e-17 -1.850080723e-16)
(4 2.910311557e-17 -1.649618198e-16)
(4 1.129825694e-17 -3.926951408e-17)
(4 -6.984553949e-17 9.516215972e-17)
(4 -2.71621317e-16 6.90063701e-18)
(4 -2.23951735e-16 -6.457141951e-17)
(4 8.017798842e-16 -9.335477253e-17)
(4 -5.726585114e-16 -1.460466543e-16)
(4 4.587041508e-16 -8.340960571e-17)
(4 -9.270746591e-16 1.852963805e-16)
(4 5.628114627e-16 -8.884964081e-18)
(4 -1.228892009e-17 2.167340699e-16)
(4 -2.943301767e-16 1.066014981e-16)
(4 2.470462902e-17 -1.257866853e-16)
(4 -2.156810883e-16 -1.677954993e-16)
(4 4.449135913e-16 1.898648766e-16)
(4 -5.620244149e-16 1.754914164e-16)
(4 5.519924293e-16 2.540831288e-16)
(4 3.82487702e-15 1.163967339e-15)
(4 3.011724435e-14 1.407169745e-14)
(4 2.537482883e-13 1.092702844e-13)
(4 1.937754836e-12 7.940414638e-13)
(4 1.37250687e-11 5.396303616e-12)
(4 9.081231381e-11 3.413175066e-11)
(4.000000001 5.591804145e-10 2.001057746e-10)
(4.000000004 3.193023854e-09 1.0832987e-09)
(4.000000021 1.685321953e-08 5.397347503e-09)
(4.000000108 8.199940238e-08 2.468229758e-08)
(4.000000507 3.670326287e-07 1.034040054e-07)
(4.000002194 1.509471629e-06 3.964265771e-07)
(4.000008747 5.701177273e-06 1.390295467e-06)
(4.000032157 1.977923789e-05 4.46142817e-06)
(4.000109079 6.307888756e-05 1.310860143e-05)
(4.000341792 0.0001851366526 3.529970543e-05)
(4.000990849 0.0005008036034 8.721651596e-05)
(4.002662332 0.001250624421 0.000197939292)
(4.006643441 0.002888282596 0.0004130748384)
(4.015428619 0.006180169969 0.0007933521236)
(4.033422202 0.0122747076 0.001403102027)
(4.067689669 0.02267088792 0.002285324277)
(4.128476672 0.03900813248 0.003426113275)
(4.229089865 0.06263745475 0.004720337236)
(4.384738565 0.09402547922 0.005957816622)
(4.6101577 0.1321615485 0.006848237974)
(4.916266224 0.1742220635 0.007089938136)
(5.306621559 0.2157271896 0.006466106343)
(5.77476817 0.2512759933 0.004932922812)
(6.303523484 0.2757138159 0.002660205008)
(6.866733888 0.2853789612 1.569523512e-06)
(7.433234774 0.2790065231 -0.002598882952)
(7.971995036 0.2579815508 -0.004728442405)
(8.457046497 0.2258805066 -0.006110300348)
(8.870943209 0.1874997841 -0.006655491176)
(9.2060676 0.147725033 -0.006452105438)
(9.463825766 0.1105916771 -0.0057070228)
(9.652355124 0.0787544029 -0.004669443175)
(9.783623403 0.05340310732 -0.003564505673)
(9.870718972 0.03451753517 -0.002553679242)
(9.925839944 0.02128750065 -0.001724396463)
(9.959147276 0.01253833345 -0.001101176748)
(9.978381375 0.007059808788 -0.0006667933028)
)
;

boundaryField
{
    left
    {
        type            dirichlet;
        value           uniform (4 0 0);
    }
    right
    {
        type            dirichlet;
        value           uniform (4 0 0);
    }
    sides
    {
        type            empty;
    }
}


// ************************************************************************* //
