/*--------------------------------*- C++ -*----------------------------------*\
| =========                 |                                                 |
| \\      /  F ield         | foam-extend: Open Source CFD                    |
|  \\    /   O peration     | Version:     4.1                                |
|   \\  /    A nd           | Web:         http://www.foam-extend.org         |
|    \\/     M anipulation  |                                                 |
\*---------------------------------------------------------------------------*/
FoamFile
{
    version     2.0;
    format      ascii;
    class       cellScalarField;
    location    "16.2";
    object      T;
}
// * * * * * * * * * * * * * * * * * * * * * * * * * * * * * * * * * * * * * //

dimensions      [0 0 0 0 1 0 0];

internalField   nonuniform 
100
(
(4 -5.703630593e-17 1.624202108e-17)
(4 -6.071965673e-17 3.028132648e-16)
(4 -2.58849462e-16 8.345263705e-17)
(4 1.313565389e-17 -9.310868318e-17)
(4 -1.07597352e-18 -1.348894855e-16)
(4 -2.746227546e-16 -1.59640363e-16)
(4 3.852559926e-16 -1.450274566e-16)
(4 -2.387434758e-16 -3.349249907e-16)
(4 8.769892468e-16 -1.834910773e-16)
(4 -1.535801506e-15 -3.559943566e-17)
(4 3.394153138e-16 -1.893054692e-16)
(4 1.739376687e-15 5.657441896e-17)
(4 8.846401226e-16 2.852623502e-16)
(4 2.681343205e-15 2.384983068e-15)
(4 8.179971404e-14 5.102469766e-14)
(4 1.379467634e-12 8.919044915e-13)
(4 2.520230107e-11 1.567943757e-11)
(4 3.842268887e-10 2.201758917e-10)
(4.000000005 5.2103229e-09 2.938571849e-09)
(4.00000006 6.552012721e-08 3.46336602e-08)
(4.000000676 7.089279536e-07 3.474451986e-07)
(4.000006652 6.700726582e-06 3.077160867e-06)
(4.000057471 5.530698748e-05 2.300704484e-05)
(4.000421151 0.0003762702414 0.0001350865018)
(4.002507769 0.002014544649 0.0006029592757)
(4.011914575 0.008389055445 0.002043628491)
(4.045310743 0.02739692654 0.00530968106)
(4.139807631 0.07124010789 0.01066597975)
(4.356051978 0.1498902536 0.01657802428)
(4.762022411 0.2590406737 0.01960287095)
(5.395543343 0.3726892348 0.01649989391)
(6.227025571 0.4517434894 0.007161966094)
(7.154586025 0.4662493089 -0.004667260878)
(8.042441845 0.4136860043 -0.01392574554)
(8.777948618 0.31828043 -0.01762578143)
(9.309437182 0.2140326768 -0.01613395124)
(9.646897929 0.126725704 -0.01189389045)
(9.836444685 0.06651629299 -0.007380445481)
(9.931227624 0.03114918879 -0.003950258297)
(9.973676059 0.01309283427 -0.001853296951)
(9.990798525 0.004967700313 -0.0007712644089)
(9.997052719 0.001710586743 -0.0002874153087)
(9.999131871 0.0005372943096 -9.667326291e-05)
(9.999764004 0.0001546855232 -2.955119448e-05)
(9.99994058 4.100523721e-05 -8.259633132e-06)
(9.999986095 1.005210182e-05 -2.12249355e-06)
(9.999996965 2.28810427e-06 -5.039667835e-07)
(9.99999938 4.854799311e-07 -1.110754794e-07)
(9.999999881 9.636601443e-08 -2.282080775e-08)
(9.999999979 1.795657335e-08 -4.387722767e-09)
(9.999999996 3.151176855e-09 -7.923534987e-10)
(9.999999999 5.223894559e-10 -1.348447289e-10)
(10 8.204226709e-11 -2.169566254e-11)
(10 1.223916269e-11 -3.310085972e-12)
(10 1.737487137e-12 -4.79583316e-13)
(10 2.342465497e-13 -6.593598574e-14)
(10 3.06509149e-14 -1.039509392e-14)
(10 1.280743924e-15 -9.285493165e-16)
(10 -5.899329712e-16 -3.827347378e-16)
(10 4.199719186e-17 -4.260764509e-16)
(10 3.385604347e-16 3.179730124e-16)
(10 -4.067471271e-17 -1.741953585e-16)
(10 3.908146557e-16 -1.779232802e-16)
(10 -3.260482689e-16 -3.584323913e-16)
(10 6.691227582e-17 -1.133436396e-16)
(10 -1.487939335e-16 -4.864111987e-18)
(10 1.437384799e-16 2.416939337e-16)
(10 -2.140884449e-16 1.990570452e-16)
(10 1.802023172e-16 1.79014267e-16)
(10 -3.331316163e-17 -1.628195494e-17)
(10 -2.180924077e-16 4.624248703e-17)
(10 -1.261506982e-16 -9.458588325e-17)
(10 1.091279137e-16 -9.230752001e-17)
(10 -4.324607705e-17 4.512316242e-17)
(10 -2.525113977e-16 1.20317119e-16)
(10 -3.086479111e-16 -2.579911778e-16)
(10 6.011768737e-17 -3.966428002e-16)
(10 4.109007442e-16 -4.558468754e-16)
(10 3.307531178e-17 4.568116934e-17)
(10 3.97076595e-18 -3.811985255e-16)
(10 4.909298308e-17 -2.557310107e-16)
(10 3.073855244e-16 -1.08368518e-16)
(10 4.084721613e-17 4.194343011e-16)
(10 8.445000605e-17 2.807514989e-16)
(10 1.562474413e-16 3.212662483e-17)
(10 -1.646430425e-16 -6.655904205e-16)
(10 1.459749713e-16 -6.102744161e-17)
(10 6.054090241e-17 3.901758602e-16)
(10 -6.42680181e-16 -3.676890188e-17)
(10 -9.47317345e-17 -1.228934433e-16)
(10 2.97363061e-17 4.77540858e-16)
(10 5.3118174e-16 -1.554461475e-18)
(10 -2.725048538e-16 1.751720923e-17)
(10 4.694673353e-16 9.565765638e-17)
(10 -4.961589906e-17 -2.763397145e-16)
(10 2.851168051e-16 -3.29296245e-16)
(10 5.916405776e-17 -1.791596588e-16)
(10 -2.245587233e-16 -1.177911074e-17)
(10 -7.069766082e-16 1.285747092e-16)
(10 -7.014640274e-16 3.502532408e-15)
)
;

boundaryField
{
    left
    {
        type            dirichlet;
        value           uniform (4 0 0);
    }
    right
    {
        type            dirichlet;
        value           uniform (4 0 0);
    }
    sides
    {
        type            empty;
    }
}


// ************************************************************************* //
