/*--------------------------------*- C++ -*----------------------------------*\
| =========                 |                                                 |
| \\      /  F ield         | foam-extend: Open Source CFD                    |
|  \\    /   O peration     | Version:     4.1                                |
|   \\  /    A nd           | Web:         http://www.foam-extend.org         |
|    \\/     M anipulation  |                                                 |
\*---------------------------------------------------------------------------*/
FoamFile
{
    version     2.0;
    format      ascii;
    class       cellScalarField;
    location    "17.5";
    object      T;
}
// * * * * * * * * * * * * * * * * * * * * * * * * * * * * * * * * * * * * * //

dimensions      [0 0 0 0 1 0 0];

internalField   nonuniform 
100
(
(4 -5.703630593e-17 1.624202108e-17)
(4 -1.314111401e-16 1.190958095e-16)
(4 -4.590282902e-17 1.498530742e-16)
(4 -3.213933547e-16 -1.06210667e-16)
(4 2.516615386e-16 6.675210288e-17)
(4 -5.636904639e-16 2.585681304e-17)
(4 3.21253693e-16 2.02590358e-16)
(4 -6.075495421e-16 -6.452355219e-17)
(4 9.23777403e-16 -1.573657785e-17)
(4 -1.281580333e-15 -1.213694584e-16)
(4 3.988846016e-16 1.21124163e-16)
(4 9.369100253e-16 3.84837936e-17)
(4 1.684387279e-15 -1.536078206e-16)
(4 -3.248713641e-16 -8.42636856e-17)
(4 -1.093202545e-16 6.975785365e-17)
(4 4.360725987e-15 2.978441007e-15)
(4 8.536633258e-14 5.22619905e-14)
(4 1.431948269e-12 9.043206405e-13)
(4 2.371276748e-11 1.413017551e-11)
(4 3.367079973e-10 1.896829432e-10)
(4.000000004 4.347342737e-09 2.376226826e-09)
(4.000000048 5.115002296e-08 2.623504179e-08)
(4.000000509 5.25282847e-07 2.514349418e-07)
(4.000004784 4.748295292e-06 2.121449314e-06)
(4.000039536 3.738575497e-05 1.513160286e-05)
(4.000278602 0.0002449495187 8.63785543e-05)
(4.001619106 0.001288489517 0.0003843516457)
(4.007643855 0.00538446049 0.001329783182)
(4.029363137 0.01797579791 0.003602909011)
(4.092752896 0.04852380919 0.007703779984)
(4.244360265 0.1073547315 0.01303963075)
(4.545176929 0.1972183289 0.01734102822)
(5.046113706 0.3044427925 0.01753769285)
(5.753625572 0.3991595788 0.01198768871)
(6.609250022 0.4487909873 0.002166987407)
(7.502899528 0.4364800809 -0.007993203845)
(8.315329519 0.370110359 -0.01467185374)
(8.962855204 0.2756025867 -0.01636075568)
(9.418326638 0.1814350647 -0.0140881346)
(9.702824911 0.1062539537 -0.01005578796)
(9.861542129 0.05567801522 -0.006150068701)
(9.941059061 0.02624928518 -0.003286644495)
(9.977019361 0.01119168517 -0.001555466362)
(9.991770908 0.004336596178 -0.000658572791)
(9.997285591 0.001534267991 -0.0002514978339)
(9.99917269 0.0004978230987 -8.722752669e-05)
(9.999766285 0.0001487642818 -2.764262533e-05)
(9.999938612 4.110648205e-05 -8.047194906e-06)
(9.999984962 1.054294446e-05 -2.16252208e-06)
(9.999996554 2.518966834e-06 -5.388381027e-07)
(9.999999259 5.625755302e-07 -1.250019721e-07)
(9.99999985 1.178280944e-07 -2.710092177e-08)
(9.999999971 2.321474749e-08 -5.510509426e-09)
(9.999999995 4.315113331e-09 -1.054309268e-09)
(9.999999999 7.588033855e-10 -1.903904024e-10)
(10 1.265675027e-10 -3.254378476e-11)
(10 2.007127186e-11 -5.279476355e-12)
(10 3.034878302e-12 -8.150396033e-13)
(10 4.38093296e-13 -1.214981875e-13)
(10 5.465395759e-14 -1.613976695e-14)
(10 9.417454236e-15 -2.115212265e-15)
(10 -9.589760777e-16 4.853369884e-16)
(10 -7.445979151e-16 -1.91541557e-16)
(10 6.510443376e-16 -2.896651832e-16)
(10 3.355952871e-16 1.929747143e-16)
(10 4.823314333e-16 7.738469686e-17)
(10 -4.146698516e-16 -8.444851577e-17)
(10 -6.063092722e-17 -6.876197956e-18)
(10 4.509427941e-16 3.417920561e-16)
(10 -3.039420786e-16 5.310597446e-16)
(10 -2.544146346e-16 -1.175955444e-16)
(10 -1.973941187e-16 2.590514961e-16)
(10 1.842452913e-16 3.747049024e-16)
(10 -8.478199791e-17 4.222818612e-16)
(10 1.937086331e-16 9.123021034e-18)
(10 4.858379304e-16 2.36481651e-16)
(10 -1.127406367e-16 7.034471783e-17)
(10 -1.02076357e-16 -1.357656077e-16)
(10 -2.402354673e-17 -8.38729299e-19)
(10 -8.451774319e-18 4.886504778e-16)
(10 -1.286835342e-16 -3.087983286e-17)
(10 1.905443298e-17 2.217483206e-16)
(10 -4.537691919e-16 6.036963333e-17)
(10 -3.009689106e-16 5.122981936e-17)
(10 9.323610091e-17 -5.457475074e-16)
(10 7.514258657e-18 8.699494212e-17)
(10 -2.233978899e-16 5.88398222e-17)
(10 -1.144312114e-17 8.277915326e-17)
(10 1.40651046e-16 2.223622666e-16)
(10 -3.500609286e-16 2.918335422e-16)
(10 1.903053555e-17 3.30357122e-17)
(10 -1.351279668e-16 7.524476231e-16)
(10 -3.437589422e-16 1.430529844e-16)
(10 1.113167589e-16 4.899424535e-16)
(10 -3.896268287e-16 1.124552219e-16)
(10 1.686236753e-16 -1.056516829e-16)
(10 -1.305512818e-16 -5.745511923e-16)
(10 1.060745786e-16 -4.492975118e-16)
(10 1.704558229e-16 3.251776314e-17)
(10 -1.207503614e-15 3.991051038e-15)
)
;

boundaryField
{
    left
    {
        type            dirichlet;
        value           uniform (4 0 0);
    }
    right
    {
        type            dirichlet;
        value           uniform (4 0 0);
    }
    sides
    {
        type            empty;
    }
}


// ************************************************************************* //
