/*--------------------------------*- C++ -*----------------------------------*\
| =========                 |                                                 |
| \\      /  F ield         | foam-extend: Open Source CFD                    |
|  \\    /   O peration     | Version:     4.1                                |
|   \\  /    A nd           | Web:         http://www.foam-extend.org         |
|    \\/     M anipulation  |                                                 |
\*---------------------------------------------------------------------------*/
FoamFile
{
    version     2.0;
    format      ascii;
    class       cellScalarField;
    location    "37.5";
    object      T;
}
// * * * * * * * * * * * * * * * * * * * * * * * * * * * * * * * * * * * * * //

dimensions      [0 0 0 0 1 0 0];

internalField   nonuniform 
100
(
(4 -5.703630593e-17 1.624202108e-17)
(4 -1.970231245e-16 -8.766848224e-17)
(4 -2.688927487e-17 -6.922291744e-17)
(4 1.115042664e-16 2.561139721e-16)
(4 -3.310496212e-16 3.489313636e-16)
(4 -3.325997349e-16 -7.442266947e-17)
(4 2.268812815e-16 1.092130992e-16)
(4 -5.741273921e-16 1.593302611e-16)
(4 7.935003736e-16 -5.135602279e-17)
(4 -1.280834442e-15 -1.875169004e-16)
(4 4.805781296e-16 -6.542760788e-19)
(4 -5.593775449e-16 -9.352038732e-19)
(4 1.323977618e-15 -1.588867456e-18)
(4 -6.271548832e-16 1.442198586e-16)
(4 3.614829626e-16 4.185508772e-17)
(4 -1.639588382e-16 2.436378281e-16)
(4 3.298148936e-17 -4.815554138e-17)
(4 6.354157758e-17 -7.236031132e-17)
(4 5.038125661e-16 1.583747442e-16)
(4 -1.069803263e-15 -2.196578225e-16)
(4 1.20657547e-15 -2.890222156e-16)
(4 -8.656347622e-16 1.524921034e-16)
(4 6.396873821e-16 -2.113176225e-16)
(4 -7.46371907e-16 5.129104579e-16)
(4 2.411103494e-16 -1.204151349e-16)
(4 -2.359145988e-16 -8.319695495e-17)
(4 1.118939044e-16 -1.34838683e-16)
(4 -2.882391119e-17 -2.70345449e-16)
(4 1.773576393e-16 8.683805358e-17)
(4 -3.190718279e-16 -1.098375641e-16)
(4 9.65261503e-16 -1.370388798e-16)
(4 -7.371561662e-16 -1.231643969e-16)
(4 7.563001567e-16 8.705878269e-17)
(4 -1.135633609e-15 1.686921155e-16)
(4 1.42519161e-15 8.357339856e-17)
(4 -1.448577988e-15 -2.537384304e-17)
(4 8.042426713e-16 -2.981720353e-16)
(4 -2.90675229e-16 2.85236491e-16)
(4 3.712723371e-16 9.453197888e-17)
(4 2.911988995e-17 2.11581193e-16)
(4 -9.576808654e-17 -1.515129247e-18)
(4 -1.131411727e-16 1.144220185e-16)
(4 1.582484824e-16 -2.949657308e-17)
(4 -9.078896845e-17 1.024997723e-16)
(4 -3.996077727e-16 2.194649778e-16)
(4 6.255785232e-16 -2.347896826e-17)
(4 -9.782320721e-16 3.941037683e-16)
(4 1.032406688e-14 6.032089861e-15)
(4 1.108591409e-13 5.147225813e-14)
(4 9.822773347e-13 4.429675317e-13)
(4 8.167698233e-12 3.532837017e-12)
(4 6.319805117e-11 2.618108597e-11)
(4 4.536182461e-10 1.790855647e-10)
(4.000000003 3.004946438e-09 1.124749866e-09)
(4.000000022 1.827814663e-08 6.449112721e-09)
(4.000000125 1.015766307e-07 3.357889591e-08)
(4.000000663 5.134704633e-07 1.580711947e-07)
(4.000003204 2.353329518e-06 6.707367982e-07)
(4.000014086 9.760496741e-06 2.561408099e-06)
(4.0000563 3.661259275e-05 8.7999945e-06)
(4.000204634 0.0001242751016 2.721526956e-05)
(4.000677264 0.000382224384 7.585381802e-05)
(4.002045045 0.001067250547 0.000190816874)
(4.005647703 0.002711543816 0.0004339061434)
(4.014304258 0.006284109109 0.0008931243699)
(4.033325674 0.01331862319 0.001665729586)
(4.071642849 0.02588088856 0.002816112349)
(4.142578909 0.04622764475 0.004313365547)
(4.263558185 0.07608436948 0.005973461505)
(4.454078242 0.1156621356 0.007446000321)
(4.731751982 0.1627718218 0.008278980751)
(5.10709898 0.2125239506 0.008060348191)
(5.578657473 0.2579789902 0.006586911646)
(6.130359882 0.2917266132 0.003980930897)
(6.732595477 0.3079021952 0.00068828346)
(7.347080174 0.3038707631 -0.002652229525)
(7.934160051 0.2809090834 -0.005413358462)
(8.460241294 0.2436542666 -0.007167527825)
(8.903112826 0.1986167176 -0.007783394037)
(9.253901602 0.1523936682 -0.007407049809)
(9.515723503 0.1102246588 -0.006358359131)
(9.70013393 0.07526274473 -0.005001007793)
(9.822875066 0.04858234727 -0.003639113189)
(9.900179867 0.02968672082 -0.002466262888)
(9.946311923 0.01719495909 -0.001564250981)
(9.97242936 0.009452530128 -0.000932059126)
(9.986474472 0.004937871672 -0.0005233458674)
(9.993657497 0.002454132745 -0.0002776315921)
(9.997155204 0.001161797099 -0.0001394628487)
(9.998778682 0.0005244818457 -6.646917188e-05)
(9.999497761 0.0002260370624 -3.01113979e-05)
(9.99980202 9.30993552e-05 -1.298674003e-05)
(9.999925132 3.668500204e-05 -5.340522204e-06)
(9.999972819 1.384366215e-05 -2.096974926e-06)
(9.999990518 5.008051717e-06 -7.872330817e-07)
(9.99999682 1.738466126e-06 -2.829158388e-07)
(9.999998973 5.79638584e-07 -9.744758899e-08)
(9.999999681 1.858001384e-07 -3.220602462e-08)
(9.999999904 5.730953198e-08 -1.022413279e-08)
(9.999999972 1.702489878e-08 -3.120976973e-09)
)
;

boundaryField
{
    left
    {
        type            dirichlet;
        value           uniform (4 0 0);
    }
    right
    {
        type            dirichlet;
        value           uniform (4 0 0);
    }
    sides
    {
        type            empty;
    }
}


// ************************************************************************* //
