1 22 64 43
42 43 64 63
2 23 65 44
43 44 65 64
3 24 66 45
44 45 66 65
4 25 67 46
45 46 67 66
5 26 68 47
46 47 68 67
6 27 69 48
47 48 69 68
7 28 70 49
48 49 70 69
8 29 71 50
49 50 71 70
9 30 72 51
50 51 72 71
10 31 73 52
51 52 73 72
11 32 74 53
52 53 74 73
12 33 75 54
53 54 75 74
13 34 76 55
54 55 76 75
14 35 77 56
55 56 77 76
15 36 78 57
56 57 78 77
16 37 79 58
57 58 79 78
17 38 80 59
58 59 80 79
18 39 81 60
59 60 81 80
19 40 82 61
60 61 82 81
61 62 83 82
43 64 106 85
84 85 106 105
44 65 107 86
85 86 107 106
45 66 108 87
86 87 108 107
46 67 109 88
87 88 109 108
47 68 110 89
88 89 110 109
48 69 111 90
89 90 111 110
49 70 112 91
90 91 112 111
50 71 113 92
91 92 113 112
51 72 114 93
92 93 114 113
52 73 115 94
93 94 115 114
53 74 116 95
94 95 116 115
54 75 117 96
95 96 117 116
55 76 118 97
96 97 118 117
56 77 119 98
97 98 119 118
57 78 120 99
98 99 120 119
58 79 121 100
99 100 121 120
59 80 122 101
100 101 122 121
60 81 123 102
101 102 123 122
61 82 124 103
102 103 124 123
103 104 125 124
85 106 148 127
126 127 148 147
86 107 149 128
127 128 149 148
87 108 150 129
128 129 150 149
88 109 151 130
129 130 151 150
89 110 152 131
130 131 152 151
90 111 153 132
131 132 153 152
91 112 154 133
132 133 154 153
92 113 155 134
133 134 155 154
93 114 156 135
134 135 156 155
94 115 157 136
135 136 157 156
95 116 158 137
136 137 158 157
96 117 159 138
137 138 159 158
97 118 160 139
138 139 160 159
98 119 161 140
139 140 161 160
99 120 162 141
140 141 162 161
100 121 163 142
141 142 163 162
101 122 164 143
142 143 164 163
102 123 165 144
143 144 165 164
103 124 166 145
144 145 166 165
145 146 167 166
127 148 190 169
168 169 190 189
128 149 191 170
169 170 191 190
129 150 192 171
170 171 192 191
130 151 193 172
171 172 193 192
131 152 194 173
172 173 194 193
132 153 195 174
173 174 195 194
133 154 196 175
174 175 196 195
134 155 197 176
175 176 197 196
135 156 198 177
176 177 198 197
136 157 199 178
177 178 199 198
137 158 200 179
178 179 200 199
138 159 201 180
179 180 201 200
139 160 202 181
180 181 202 201
140 161 203 182
181 182 203 202
141 162 204 183
182 183 204 203
142 163 205 184
183 184 205 204
143 164 206 185
184 185 206 205
144 165 207 186
185 186 207 206
145 166 208 187
186 187 208 207
187 188 209 208
169 190 232 211
210 211 232 231
170 191 233 212
211 212 233 232
171 192 234 213
212 213 234 233
172 193 235 214
213 214 235 234
173 194 236 215
214 215 236 235
174 195 237 216
215 216 237 236
175 196 238 217
216 217 238 237
176 197 239 218
217 218 239 238
177 198 240 219
218 219 240 239
178 199 241 220
219 220 241 240
179 200 242 221
220 221 242 241
180 201 243 222
221 222 243 242
181 202 244 223
222 223 244 243
182 203 245 224
223 224 245 244
183 204 246 225
224 225 246 245
184 205 247 226
225 226 247 246
185 206 248 227
226 227 248 247
186 207 249 228
227 228 249 248
187 208 250 229
228 229 250 249
229 230 251 250
211 232 274 253
252 253 274 273
212 233 275 254
253 254 275 274
213 234 276 255
254 255 276 275
214 235 277 256
255 256 277 276
215 236 278 257
256 257 278 277
216 237 279 258
257 258 279 278
217 238 280 259
258 259 280 279
218 239 281 260
259 260 281 280
219 240 282 261
260 261 282 281
220 241 283 262
261 262 283 282
221 242 284 263
262 263 284 283
222 243 285 264
263 264 285 284
223 244 286 265
264 265 286 285
224 245 287 266
265 266 287 286
225 246 288 267
266 267 288 287
226 247 289 268
267 268 289 288
227 248 290 269
268 269 290 289
228 249 291 270
269 270 291 290
229 250 292 271
270 271 292 291
271 272 293 292
253 274 316 295
294 295 316 315
254 275 317 296
295 296 317 316
255 276 318 297
296 297 318 317
256 277 319 298
297 298 319 318
257 278 320 299
298 299 320 319
258 279 321 300
299 300 321 320
259 280 322 301
300 301 322 321
260 281 323 302
301 302 323 322
261 282 324 303
302 303 324 323
262 283 325 304
303 304 325 324
263 284 326 305
304 305 326 325
264 285 327 306
305 306 327 326
265 286 328 307
306 307 328 327
266 287 329 308
307 308 329 328
267 288 330 309
308 309 330 329
268 289 331 310
309 310 331 330
269 290 332 311
310 311 332 331
270 291 333 312
311 312 333 332
271 292 334 313
312 313 334 333
313 314 335 334
295 316 358 337
336 337 358 357
296 317 359 338
337 338 359 358
297 318 360 339
338 339 360 359
298 319 361 340
339 340 361 360
299 320 362 341
340 341 362 361
300 321 363 342
341 342 363 362
301 322 364 343
342 343 364 363
302 323 365 344
343 344 365 364
303 324 366 345
344 345 366 365
304 325 367 346
345 346 367 366
305 326 368 347
346 347 368 367
306 327 369 348
347 348 369 368
307 328 370 349
348 349 370 369
308 329 371 350
349 350 371 370
309 330 372 351
350 351 372 371
310 331 373 352
351 352 373 372
311 332 374 353
352 353 374 373
312 333 375 354
353 354 375 374
313 334 376 355
354 355 376 375
355 356 377 376
337 358 400 379
378 379 400 399
338 359 401 380
379 380 401 400
339 360 402 381
380 381 402 401
340 361 403 382
381 382 403 402
341 362 404 383
382 383 404 403
342 363 405 384
383 384 405 404
343 364 406 385
384 385 406 405
344 365 407 386
385 386 407 406
345 366 408 387
386 387 408 407
346 367 409 388
387 388 409 408
347 368 410 389
388 389 410 409
348 369 411 390
389 390 411 410
349 370 412 391
390 391 412 411
350 371 413 392
391 392 413 412
351 372 414 393
392 393 414 413
352 373 415 394
393 394 415 414
353 374 416 395
394 395 416 415
354 375 417 396
395 396 417 416
355 376 418 397
396 397 418 417
397 398 419 418
379 400 442 421
420 421 442 441
380 401 443 422
421 422 443 442
381 402 444 423
422 423 444 443
382 403 445 424
423 424 445 444
383 404 446 425
424 425 446 445
384 405 447 426
425 426 447 446
385 406 448 427
426 427 448 447
386 407 449 428
427 428 449 448
387 408 450 429
428 429 450 449
388 409 451 430
429 430 451 450
389 410 452 431
430 431 452 451
390 411 453 432
431 432 453 452
391 412 454 433
432 433 454 453
392 413 455 434
433 434 455 454
393 414 456 435
434 435 456 455
394 415 457 436
435 436 457 456
395 416 458 437
436 437 458 457
396 417 459 438
437 438 459 458
397 418 460 439
438 439 460 459
439 440 461 460
421 442 484 463
462 463 484 483
422 443 485 464
463 464 485 484
423 444 486 465
464 465 486 485
424 445 487 466
465 466 487 486
425 446 488 467
466 467 488 487
426 447 489 468
467 468 489 488
427 448 490 469
468 469 490 489
428 449 491 470
469 470 491 490
429 450 492 471
470 471 492 491
430 451 493 472
471 472 493 492
431 452 494 473
472 473 494 493
432 453 495 474
473 474 495 494
433 454 496 475
474 475 496 495
434 455 497 476
475 476 497 496
435 456 498 477
476 477 498 497
436 457 499 478
477 478 499 498
437 458 500 479
478 479 500 499
438 459 501 480
479 480 501 500
439 460 502 481
480 481 502 501
481 482 503 502
463 484 526 505
504 505 526 525
464 485 527 506
505 506 527 526
465 486 528 507
506 507 528 527
466 487 529 508
507 508 529 528
467 488 530 509
508 509 530 529
468 489 531 510
509 510 531 530
469 490 532 511
510 511 532 531
470 491 533 512
511 512 533 532
471 492 534 513
512 513 534 533
472 493 535 514
513 514 535 534
473 494 536 515
514 515 536 535
474 495 537 516
515 516 537 536
475 496 538 517
516 517 538 537
476 497 539 518
517 518 539 538
477 498 540 519
518 519 540 539
478 499 541 520
519 520 541 540
479 500 542 521
520 521 542 541
480 501 543 522
521 522 543 542
481 502 544 523
522 523 544 543
523 524 545 544
505 526 568 547
546 547 568 567
506 527 569 548
547 548 569 568
507 528 570 549
548 549 570 569
508 529 571 550
549 550 571 570
509 530 572 551
550 551 572 571
510 531 573 552
551 552 573 572
511 532 574 553
552 553 574 573
512 533 575 554
553 554 575 574
513 534 576 555
554 555 576 575
514 535 577 556
555 556 577 576
515 536 578 557
556 557 578 577
516 537 579 558
557 558 579 578
517 538 580 559
558 559 580 579
518 539 581 560
559 560 581 580
519 540 582 561
560 561 582 581
520 541 583 562
561 562 583 582
521 542 584 563
562 563 584 583
522 543 585 564
563 564 585 584
523 544 586 565
564 565 586 585
565 566 587 586
547 568 610 589
588 589 610 609
548 569 611 590
589 590 611 610
549 570 612 591
590 591 612 611
550 571 613 592
591 592 613 612
551 572 614 593
592 593 614 613
552 573 615 594
593 594 615 614
553 574 616 595
594 595 616 615
554 575 617 596
595 596 617 616
555 576 618 597
596 597 618 617
556 577 619 598
597 598 619 618
557 578 620 599
598 599 620 619
558 579 621 600
599 600 621 620
559 580 622 601
600 601 622 621
560 581 623 602
601 602 623 622
561 582 624 603
602 603 624 623
562 583 625 604
603 604 625 624
563 584 626 605
604 605 626 625
564 585 627 606
605 606 627 626
565 586 628 607
606 607 628 627
607 608 629 628
589 610 652 631
630 631 652 651
590 611 653 632
631 632 653 652
591 612 654 633
632 633 654 653
592 613 655 634
633 634 655 654
593 614 656 635
634 635 656 655
594 615 657 636
635 636 657 656
595 616 658 637
636 637 658 657
596 617 659 638
637 638 659 658
597 618 660 639
638 639 660 659
598 619 661 640
639 640 661 660
599 620 662 641
640 641 662 661
600 621 663 642
641 642 663 662
601 622 664 643
642 643 664 663
602 623 665 644
643 644 665 664
603 624 666 645
644 645 666 665
604 625 667 646
645 646 667 666
605 626 668 647
646 647 668 667
606 627 669 648
647 648 669 668
607 628 670 649
648 649 670 669
649 650 671 670
631 652 694 673
672 673 694 693
632 653 695 674
673 674 695 694
633 654 696 675
674 675 696 695
634 655 697 676
675 676 697 696
635 656 698 677
676 677 698 697
636 657 699 678
677 678 699 698
637 658 700 679
678 679 700 699
638 659 701 680
679 680 701 700
639 660 702 681
680 681 702 701
640 661 703 682
681 682 703 702
641 662 704 683
682 683 704 703
642 663 705 684
683 684 705 704
643 664 706 685
684 685 706 705
644 665 707 686
685 686 707 706
645 666 708 687
686 687 708 707
646 667 709 688
687 688 709 708
647 668 710 689
688 689 710 709
648 669 711 690
689 690 711 710
649 670 712 691
690 691 712 711
691 692 713 712
673 694 736 715
714 715 736 735
674 695 737 716
715 716 737 736
675 696 738 717
716 717 738 737
676 697 739 718
717 718 739 738
677 698 740 719
718 719 740 739
678 699 741 720
719 720 741 740
679 700 742 721
720 721 742 741
680 701 743 722
721 722 743 742
681 702 744 723
722 723 744 743
682 703 745 724
723 724 745 744
683 704 746 725
724 725 746 745
684 705 747 726
725 726 747 746
685 706 748 727
726 727 748 747
686 707 749 728
727 728 749 748
687 708 750 729
728 729 750 749
688 709 751 730
729 730 751 750
689 710 752 731
730 731 752 751
690 711 753 732
731 732 753 752
691 712 754 733
732 733 754 753
733 734 755 754
715 736 778 757
756 757 778 777
716 737 779 758
757 758 779 778
717 738 780 759
758 759 780 779
718 739 781 760
759 760 781 780
719 740 782 761
760 761 782 781
720 741 783 762
761 762 783 782
721 742 784 763
762 763 784 783
722 743 785 764
763 764 785 784
723 744 786 765
764 765 786 785
724 745 787 766
765 766 787 786
725 746 788 767
766 767 788 787
726 747 789 768
767 768 789 788
727 748 790 769
768 769 790 789
728 749 791 770
769 770 791 790
729 750 792 771
770 771 792 791
730 751 793 772
771 772 793 792
731 752 794 773
772 773 794 793
732 753 795 774
773 774 795 794
733 754 796 775
774 775 796 795
775 776 797 796
757 778 820 799
798 799 820 819
758 779 821 800
799 800 821 820
759 780 822 801
800 801 822 821
760 781 823 802
801 802 823 822
761 782 824 803
802 803 824 823
762 783 825 804
803 804 825 824
763 784 826 805
804 805 826 825
764 785 827 806
805 806 827 826
765 786 828 807
806 807 828 827
766 787 829 808
807 808 829 828
767 788 830 809
808 809 830 829
768 789 831 810
809 810 831 830
769 790 832 811
810 811 832 831
770 791 833 812
811 812 833 832
771 792 834 813
812 813 834 833
772 793 835 814
813 814 835 834
773 794 836 815
814 815 836 835
774 795 837 816
815 816 837 836
775 796 838 817
816 817 838 837
817 818 839 838
799 820 862 841
800 821 863 842
801 822 864 843
802 823 865 844
803 824 866 845
804 825 867 846
805 826 868 847
806 827 869 848
807 828 870 849
808 829 871 850
809 830 872 851
810 831 873 852
811 832 874 853
812 833 875 854
813 834 876 855
814 835 877 856
815 836 878 857
816 837 879 858
817 838 880 859
840 841 862 861
841 842 863 862
842 843 864 863
843 844 865 864
844 845 866 865
845 846 867 866
846 847 868 867
847 848 869 868
848 849 870 869
849 850 871 870
850 851 872 871
851 852 873 872
852 853 874 873
853 854 875 874
854 855 876 875
855 856 877 876
856 857 878 877
857 858 879 878
858 859 880 879
859 860 881 880
0 21 22 1
1 22 23 2
2 23 24 3
3 24 25 4
4 25 26 5
5 26 27 6
6 27 28 7
7 28 29 8
8 29 30 9
9 30 31 10
10 31 32 11
11 32 33 12
12 33 34 13
13 34 35 14
14 35 36 15
15 36 37 16
16 37 38 17
17 38 39 18
18 39 40 19
19 40 41 20
0 42 63 21
42 84 105 63
84 126 147 105
126 168 189 147
168 210 231 189
210 252 273 231
252 294 315 273
294 336 357 315
336 378 399 357
378 420 441 399
420 462 483 441
462 504 525 483
504 546 567 525
546 588 609 567
588 630 651 609
630 672 693 651
672 714 735 693
714 756 777 735
756 798 819 777
798 840 861 819
20 41 83 62
62 83 125 104
104 125 167 146
146 167 209 188
188 209 251 230
230 251 293 272
272 293 335 314
314 335 377 356
356 377 419 398
398 419 461 440
440 461 503 482
482 503 545 524
524 545 587 566
566 587 629 608
608 629 671 650
650 671 713 692
692 713 755 734
734 755 797 776
776 797 839 818
818 839 881 860
0 1 43 42
42 43 85 84
84 85 127 126
126 127 169 168
168 169 211 210
210 211 253 252
252 253 295 294
294 295 337 336
336 337 379 378
378 379 421 420
420 421 463 462
462 463 505 504
504 505 547 546
546 547 589 588
588 589 631 630
630 631 673 672
672 673 715 714
714 715 757 756
756 757 799 798
798 799 841 840
1 2 44 43
43 44 86 85
85 86 128 127
127 128 170 169
169 170 212 211
211 212 254 253
253 254 296 295
295 296 338 337
337 338 380 379
379 380 422 421
421 422 464 463
463 464 506 505
505 506 548 547
547 548 590 589
589 590 632 631
631 632 674 673
673 674 716 715
715 716 758 757
757 758 800 799
799 800 842 841
2 3 45 44
44 45 87 86
86 87 129 128
128 129 171 170
170 171 213 212
212 213 255 254
254 255 297 296
296 297 339 338
338 339 381 380
380 381 423 422
422 423 465 464
464 465 507 506
506 507 549 548
548 549 591 590
590 591 633 632
632 633 675 674
674 675 717 716
716 717 759 758
758 759 801 800
800 801 843 842
3 4 46 45
45 46 88 87
87 88 130 129
129 130 172 171
171 172 214 213
213 214 256 255
255 256 298 297
297 298 340 339
339 340 382 381
381 382 424 423
423 424 466 465
465 466 508 507
507 508 550 549
549 550 592 591
591 592 634 633
633 634 676 675
675 676 718 717
717 718 760 759
759 760 802 801
801 802 844 843
4 5 47 46
46 47 89 88
88 89 131 130
130 131 173 172
172 173 215 214
214 215 257 256
256 257 299 298
298 299 341 340
340 341 383 382
382 383 425 424
424 425 467 466
466 467 509 508
508 509 551 550
550 551 593 592
592 593 635 634
634 635 677 676
676 677 719 718
718 719 761 760
760 761 803 802
802 803 845 844
5 6 48 47
47 48 90 89
89 90 132 131
131 132 174 173
173 174 216 215
215 216 258 257
257 258 300 299
299 300 342 341
341 342 384 383
383 384 426 425
425 426 468 467
467 468 510 509
509 510 552 551
551 552 594 593
593 594 636 635
635 636 678 677
677 678 720 719
719 720 762 761
761 762 804 803
803 804 846 845
6 7 49 48
48 49 91 90
90 91 133 132
132 133 175 174
174 175 217 216
216 217 259 258
258 259 301 300
300 301 343 342
342 343 385 384
384 385 427 426
426 427 469 468
468 469 511 510
510 511 553 552
552 553 595 594
594 595 637 636
636 637 679 678
678 679 721 720
720 721 763 762
762 763 805 804
804 805 847 846
7 8 50 49
49 50 92 91
91 92 134 133
133 134 176 175
175 176 218 217
217 218 260 259
259 260 302 301
301 302 344 343
343 344 386 385
385 386 428 427
427 428 470 469
469 470 512 511
511 512 554 553
553 554 596 595
595 596 638 637
637 638 680 679
679 680 722 721
721 722 764 763
763 764 806 805
805 806 848 847
8 9 51 50
50 51 93 92
92 93 135 134
134 135 177 176
176 177 219 218
218 219 261 260
260 261 303 302
302 303 345 344
344 345 387 386
386 387 429 428
428 429 471 470
470 471 513 512
512 513 555 554
554 555 597 596
596 597 639 638
638 639 681 680
680 681 723 722
722 723 765 764
764 765 807 806
806 807 849 848
9 10 52 51
51 52 94 93
93 94 136 135
135 136 178 177
177 178 220 219
219 220 262 261
261 262 304 303
303 304 346 345
345 346 388 387
387 388 430 429
429 430 472 471
471 472 514 513
513 514 556 555
555 556 598 597
597 598 640 639
639 640 682 681
681 682 724 723
723 724 766 765
765 766 808 807
807 808 850 849
10 11 53 52
52 53 95 94
94 95 137 136
136 137 179 178
178 179 221 220
220 221 263 262
262 263 305 304
304 305 347 346
346 347 389 388
388 389 431 430
430 431 473 472
472 473 515 514
514 515 557 556
556 557 599 598
598 599 641 640
640 641 683 682
682 683 725 724
724 725 767 766
766 767 809 808
808 809 851 850
11 12 54 53
53 54 96 95
95 96 138 137
137 138 180 179
179 180 222 221
221 222 264 263
263 264 306 305
305 306 348 347
347 348 390 389
389 390 432 431
431 432 474 473
473 474 516 515
515 516 558 557
557 558 600 599
599 600 642 641
641 642 684 683
683 684 726 725
725 726 768 767
767 768 810 809
809 810 852 851
12 13 55 54
54 55 97 96
96 97 139 138
138 139 181 180
180 181 223 222
222 223 265 264
264 265 307 306
306 307 349 348
348 349 391 390
390 391 433 432
432 433 475 474
474 475 517 516
516 517 559 558
558 559 601 600
600 601 643 642
642 643 685 684
684 685 727 726
726 727 769 768
768 769 811 810
810 811 853 852
13 14 56 55
55 56 98 97
97 98 140 139
139 140 182 181
181 182 224 223
223 224 266 265
265 266 308 307
307 308 350 349
349 350 392 391
391 392 434 433
433 434 476 475
475 476 518 517
517 518 560 559
559 560 602 601
601 602 644 643
643 644 686 685
685 686 728 727
727 728 770 769
769 770 812 811
811 812 854 853
14 15 57 56
56 57 99 98
98 99 141 140
140 141 183 182
182 183 225 224
224 225 267 266
266 267 309 308
308 309 351 350
350 351 393 392
392 393 435 434
434 435 477 476
476 477 519 518
518 519 561 560
560 561 603 602
602 603 645 644
644 645 687 686
686 687 729 728
728 729 771 770
770 771 813 812
812 813 855 854
15 16 58 57
57 58 100 99
99 100 142 141
141 142 184 183
183 184 226 225
225 226 268 267
267 268 310 309
309 310 352 351
351 352 394 393
393 394 436 435
435 436 478 477
477 478 520 519
519 520 562 561
561 562 604 603
603 604 646 645
645 646 688 687
687 688 730 729
729 730 772 771
771 772 814 813
813 814 856 855
16 17 59 58
58 59 101 100
100 101 143 142
142 143 185 184
184 185 227 226
226 227 269 268
268 269 311 310
310 311 353 352
352 353 395 394
394 395 437 436
436 437 479 478
478 479 521 520
520 521 563 562
562 563 605 604
604 605 647 646
646 647 689 688
688 689 731 730
730 731 773 772
772 773 815 814
814 815 857 856
17 18 60 59
59 60 102 101
101 102 144 143
143 144 186 185
185 186 228 227
227 228 270 269
269 270 312 311
311 312 354 353
353 354 396 395
395 396 438 437
437 438 480 479
479 480 522 521
521 522 564 563
563 564 606 605
605 606 648 647
647 648 690 689
689 690 732 731
731 732 774 773
773 774 816 815
815 816 858 857
18 19 61 60
60 61 103 102
102 103 145 144
144 145 187 186
186 187 229 228
228 229 271 270
270 271 313 312
312 313 355 354
354 355 397 396
396 397 439 438
438 439 481 480
480 481 523 522
522 523 565 564
564 565 607 606
606 607 649 648
648 649 691 690
690 691 733 732
732 733 775 774
774 775 817 816
816 817 859 858
19 20 62 61
61 62 104 103
103 104 146 145
145 146 188 187
187 188 230 229
229 230 272 271
271 272 314 313
313 314 356 355
355 356 398 397
397 398 440 439
439 440 482 481
481 482 524 523
523 524 566 565
565 566 608 607
607 608 650 649
649 650 692 691
691 692 734 733
733 734 776 775
775 776 818 817
817 818 860 859
21 63 64 22
63 105 106 64
105 147 148 106
147 189 190 148
189 231 232 190
231 273 274 232
273 315 316 274
315 357 358 316
357 399 400 358
399 441 442 400
441 483 484 442
483 525 526 484
525 567 568 526
567 609 610 568
609 651 652 610
651 693 694 652
693 735 736 694
735 777 778 736
777 819 820 778
819 861 862 820
22 64 65 23
64 106 107 65
106 148 149 107
148 190 191 149
190 232 233 191
232 274 275 233
274 316 317 275
316 358 359 317
358 400 401 359
400 442 443 401
442 484 485 443
484 526 527 485
526 568 569 527
568 610 611 569
610 652 653 611
652 694 695 653
694 736 737 695
736 778 779 737
778 820 821 779
820 862 863 821
23 65 66 24
65 107 108 66
107 149 150 108
149 191 192 150
191 233 234 192
233 275 276 234
275 317 318 276
317 359 360 318
359 401 402 360
401 443 444 402
443 485 486 444
485 527 528 486
527 569 570 528
569 611 612 570
611 653 654 612
653 695 696 654
695 737 738 696
737 779 780 738
779 821 822 780
821 863 864 822
24 66 67 25
66 108 109 67
108 150 151 109
150 192 193 151
192 234 235 193
234 276 277 235
276 318 319 277
318 360 361 319
360 402 403 361
402 444 445 403
444 486 487 445
486 528 529 487
528 570 571 529
570 612 613 571
612 654 655 613
654 696 697 655
696 738 739 697
738 780 781 739
780 822 823 781
822 864 865 823
25 67 68 26
67 109 110 68
109 151 152 110
151 193 194 152
193 235 236 194
235 277 278 236
277 319 320 278
319 361 362 320
361 403 404 362
403 445 446 404
445 487 488 446
487 529 530 488
529 571 572 530
571 613 614 572
613 655 656 614
655 697 698 656
697 739 740 698
739 781 782 740
781 823 824 782
823 865 866 824
26 68 69 27
68 110 111 69
110 152 153 111
152 194 195 153
194 236 237 195
236 278 279 237
278 320 321 279
320 362 363 321
362 404 405 363
404 446 447 405
446 488 489 447
488 530 531 489
530 572 573 531
572 614 615 573
614 656 657 615
656 698 699 657
698 740 741 699
740 782 783 741
782 824 825 783
824 866 867 825
27 69 70 28
69 111 112 70
111 153 154 112
153 195 196 154
195 237 238 196
237 279 280 238
279 321 322 280
321 363 364 322
363 405 406 364
405 447 448 406
447 489 490 448
489 531 532 490
531 573 574 532
573 615 616 574
615 657 658 616
657 699 700 658
699 741 742 700
741 783 784 742
783 825 826 784
825 867 868 826
28 70 71 29
70 112 113 71
112 154 155 113
154 196 197 155
196 238 239 197
238 280 281 239
280 322 323 281
322 364 365 323
364 406 407 365
406 448 449 407
448 490 491 449
490 532 533 491
532 574 575 533
574 616 617 575
616 658 659 617
658 700 701 659
700 742 743 701
742 784 785 743
784 826 827 785
826 868 869 827
29 71 72 30
71 113 114 72
113 155 156 114
155 197 198 156
197 239 240 198
239 281 282 240
281 323 324 282
323 365 366 324
365 407 408 366
407 449 450 408
449 491 492 450
491 533 534 492
533 575 576 534
575 617 618 576
617 659 660 618
659 701 702 660
701 743 744 702
743 785 786 744
785 827 828 786
827 869 870 828
30 72 73 31
72 114 115 73
114 156 157 115
156 198 199 157
198 240 241 199
240 282 283 241
282 324 325 283
324 366 367 325
366 408 409 367
408 450 451 409
450 492 493 451
492 534 535 493
534 576 577 535
576 618 619 577
618 660 661 619
660 702 703 661
702 744 745 703
744 786 787 745
786 828 829 787
828 870 871 829
31 73 74 32
73 115 116 74
115 157 158 116
157 199 200 158
199 241 242 200
241 283 284 242
283 325 326 284
325 367 368 326
367 409 410 368
409 451 452 410
451 493 494 452
493 535 536 494
535 577 578 536
577 619 620 578
619 661 662 620
661 703 704 662
703 745 746 704
745 787 788 746
787 829 830 788
829 871 872 830
32 74 75 33
74 116 117 75
116 158 159 117
158 200 201 159
200 242 243 201
242 284 285 243
284 326 327 285
326 368 369 327
368 410 411 369
410 452 453 411
452 494 495 453
494 536 537 495
536 578 579 537
578 620 621 579
620 662 663 621
662 704 705 663
704 746 747 705
746 788 789 747
788 830 831 789
830 872 873 831
33 75 76 34
75 117 118 76
117 159 160 118
159 201 202 160
201 243 244 202
243 285 286 244
285 327 328 286
327 369 370 328
369 411 412 370
411 453 454 412
453 495 496 454
495 537 538 496
537 579 580 538
579 621 622 580
621 663 664 622
663 705 706 664
705 747 748 706
747 789 790 748
789 831 832 790
831 873 874 832
34 76 77 35
76 118 119 77
118 160 161 119
160 202 203 161
202 244 245 203
244 286 287 245
286 328 329 287
328 370 371 329
370 412 413 371
412 454 455 413
454 496 497 455
496 538 539 497
538 580 581 539
580 622 623 581
622 664 665 623
664 706 707 665
706 748 749 707
748 790 791 749
790 832 833 791
832 874 875 833
35 77 78 36
77 119 120 78
119 161 162 120
161 203 204 162
203 245 246 204
245 287 288 246
287 329 330 288
329 371 372 330
371 413 414 372
413 455 456 414
455 497 498 456
497 539 540 498
539 581 582 540
581 623 624 582
623 665 666 624
665 707 708 666
707 749 750 708
749 791 792 750
791 833 834 792
833 875 876 834
36 78 79 37
78 120 121 79
120 162 163 121
162 204 205 163
204 246 247 205
246 288 289 247
288 330 331 289
330 372 373 331
372 414 415 373
414 456 457 415
456 498 499 457
498 540 541 499
540 582 583 541
582 624 625 583
624 666 667 625
666 708 709 667
708 750 751 709
750 792 793 751
792 834 835 793
834 876 877 835
37 79 80 38
79 121 122 80
121 163 164 122
163 205 206 164
205 247 248 206
247 289 290 248
289 331 332 290
331 373 374 332
373 415 416 374
415 457 458 416
457 499 500 458
499 541 542 500
541 583 584 542
583 625 626 584
625 667 668 626
667 709 710 668
709 751 752 710
751 793 794 752
793 835 836 794
835 877 878 836
38 80 81 39
80 122 123 81
122 164 165 123
164 206 207 165
206 248 249 207
248 290 291 249
290 332 333 291
332 374 375 333
374 416 417 375
416 458 459 417
458 500 501 459
500 542 543 501
542 584 585 543
584 626 627 585
626 668 669 627
668 710 711 669
710 752 753 711
752 794 795 753
794 836 837 795
836 878 879 837
39 81 82 40
81 123 124 82
123 165 166 124
165 207 208 166
207 249 250 208
249 291 292 250
291 333 334 292
333 375 376 334
375 417 418 376
417 459 460 418
459 501 502 460
501 543 544 502
543 585 586 544
585 627 628 586
627 669 670 628
669 711 712 670
711 753 754 712
753 795 796 754
795 837 838 796
837 879 880 838
40 82 83 41
82 124 125 83
124 166 167 125
166 208 209 167
208 250 251 209
250 292 293 251
292 334 335 293
334 376 377 335
376 418 419 377
418 460 461 419
460 502 503 461
502 544 545 503
544 586 587 545
586 628 629 587
628 670 671 629
670 712 713 671
712 754 755 713
754 796 797 755
796 838 839 797
838 880 881 839
