/*--------------------------------*- C++ -*----------------------------------*\
| =========                 |                                                 |
| \\      /  F ield         | foam-extend: Open Source CFD                    |
|  \\    /   O peration     | Version:     4.1                                |
|   \\  /    A nd           | Web:         http://www.foam-extend.org         |
|    \\/     M anipulation  |                                                 |
\*---------------------------------------------------------------------------*/
FoamFile
{
    version     2.0;
    format      ascii;
    class       cellScalarField;
    location    "23.1";
    object      T;
}
// * * * * * * * * * * * * * * * * * * * * * * * * * * * * * * * * * * * * * //

dimensions      [0 0 0 0 1 0 0];

internalField   nonuniform 
100
(
(4 -5.703630593e-17 1.624202108e-17)
(4 -5.38321961e-18 7.074032531e-17)
(4 -1.799227256e-16 8.801140833e-17)
(4 1.556785719e-16 -2.849651128e-17)
(4 -9.437441541e-17 1.292384528e-16)
(4 -4.956382918e-16 8.328759844e-17)
(4 3.235014552e-16 -5.59746843e-17)
(4 -4.360703492e-16 4.726979068e-17)
(4 8.278216997e-16 -1.995958134e-16)
(4 -1.282768892e-15 2.12609989e-16)
(4 -1.406334391e-16 1.041537919e-16)
(4 8.55190347e-16 -5.176316164e-17)
(4 -1.503465688e-16 1.292643426e-16)
(4 -2.363291023e-16 -1.844643975e-16)
(4 1.050161473e-15 5.647620111e-17)
(4 -8.549925695e-16 9.590502168e-17)
(4 8.108538537e-16 6.852742827e-17)
(4 -7.279847518e-16 1.502174365e-16)
(4 1.070855322e-15 -4.207300446e-17)
(4 -7.657684267e-16 7.708981885e-17)
(4 2.471130063e-16 -2.952437619e-17)
(4 -6.722099125e-17 2.017675264e-16)
(4 8.345345195e-17 2.479545768e-16)
(4 2.463614442e-15 2.08061725e-16)
(4 1.407824513e-14 7.512530709e-15)
(4 1.975479312e-13 1.127356625e-13)
(4 2.62960959e-12 1.447288176e-12)
(4 3.202374616e-11 1.691788933e-11)
(4 3.580291349e-10 1.813854462e-10)
(4.000000004 3.659708659e-09 1.762989246e-09)
(4.000000034 3.381196427e-08 1.537475839e-08)
(4.000000291 2.803739801e-07 1.194937959e-07)
(4.000002244 2.066619947e-06 8.145390653e-07)
(4.000015269 1.330380827e-05 4.760346626e-06)
(4.000090383 7.342920784e-05 2.342303687e-05)
(4.000459946 0.0003434790525 9.618975416e-05)
(4.002002425 0.001356994073 0.000329298147)
(4.007466651 0.004538830112 0.0009425214897)
(4.023966025 0.01292482382 0.002264962067)
(4.066691737 0.03155289367 0.004586165541)
(4.162221267 0.06652021434 0.007835091736)
(4.347903761 0.1219718511 0.01126066968)
(4.663717408 0.1958296763 0.0134602249)
(5.136638642 0.2770321748 0.0129703056)
(5.763732527 0.3473226682 0.009168032641)
(6.503972327 0.3879876696 0.002837115137)
(7.285699825 0.3881023663 -0.004100593191)
(8.027662428 0.3492451929 -0.009552608259)
(8.663320174 0.2839561947 -0.01225130386)
(9.156876123 0.209447436 -0.01215411818)
(9.505516683 0.1406911156 -0.01014092309)
(9.73037877 0.08637785297 -0.007373178625)
(9.86325318 0.04863842238 -0.00476303572)
(9.935425933 0.02520139013 -0.002767961944)
(9.971572669 0.0120531418 -0.001459923741)
(9.988315492 0.005337174612 -0.0007036481784)
(9.995508316 0.002194365454 -0.0003116357895)
(9.998382271 0.0008400285647 -0.0001274236469)
(9.999453108 0.0003002071404 -4.830034724e-05)
(9.999826135 0.0001004152835 -1.703507338e-05)
(9.999947921 3.151360868e-05 -5.608937377e-06)
(9.999985275 9.301287878e-06 -1.729386887e-06)
(9.999996062 2.587752144e-06 -5.007424156e-07)
(9.999999002 6.801224541e-07 -1.365215503e-07)
(9.99999976 1.692193175e-07 -3.513466493e-08)
(9.999999945 3.993826316e-08 -8.555372351e-09)
(9.999999988 8.958769524e-09 -1.975490588e-09)
(9.999999998 1.91353527e-09 -4.334687349e-10)
(10 3.898815702e-10 -9.056356029e-11)
(10 7.590518407e-11 -1.805081865e-11)
(10 1.41431976e-11 -3.437917824e-12)
(10 2.525186835e-12 -6.276526684e-13)
(10 4.308880234e-13 -1.098945678e-13)
(10 7.255868989e-14 -1.823250885e-14)
(10 1.322954154e-14 -3.328736744e-15)
(10 3.681658978e-16 -1.123167912e-15)
(10 -2.965238806e-17 3.738647158e-16)
(10 -9.322522759e-16 6.931178979e-16)
(10 1.509450641e-16 -2.33403252e-16)
(10 1.007969434e-16 -1.120396959e-16)
(10 -1.511798076e-16 4.767366597e-16)
(10 -3.15386335e-16 5.819517957e-16)
(10 1.934307637e-16 1.801516864e-16)
(10 -1.478323436e-16 -2.183686565e-17)
(10 1.267527985e-16 4.371330173e-16)
(10 -5.405663849e-16 2.179170232e-16)
(10 1.968967131e-16 -5.686015499e-16)
(10 4.095703136e-16 2.703500365e-16)
(10 2.84637368e-16 -6.733259489e-17)
(10 2.43530519e-16 -6.729475638e-17)
(10 -5.452031303e-16 -1.997571584e-17)
(10 -1.168182457e-16 1.475113063e-16)
(10 -2.103664615e-16 1.043479606e-16)
(10 -1.542001117e-16 -3.594289761e-16)
(10 -2.333451913e-17 -6.415492936e-18)
(10 2.809570043e-16 8.829101759e-17)
(10 9.490522687e-17 -3.007533094e-16)
(10 4.622905437e-16 1.189101208e-16)
(10 -3.148020557e-16 -3.372033368e-16)
(10 -1.180496745e-15 3.7117273e-15)
)
;

boundaryField
{
    left
    {
        type            dirichlet;
        value           uniform (4 0 0);
    }
    right
    {
        type            dirichlet;
        value           uniform (4 0 0);
    }
    sides
    {
        type            empty;
    }
}


// ************************************************************************* //
