/*--------------------------------*- C++ -*----------------------------------*\
| =========                 |                                                 |
| \\      /  F ield         | foam-extend: Open Source CFD                    |
|  \\    /   O peration     | Version:     4.1                                |
|   \\  /    A nd           | Web:         http://www.foam-extend.org         |
|    \\/     M anipulation  |                                                 |
\*---------------------------------------------------------------------------*/
FoamFile
{
    version     2.0;
    format      ascii;
    class       cellScalarField;
    location    "25.1";
    object      T;
}
// * * * * * * * * * * * * * * * * * * * * * * * * * * * * * * * * * * * * * //

dimensions      [0 0 0 0 1 0 0];

internalField   nonuniform 
100
(
(4 -5.703630593e-17 1.624202108e-17)
(4 -6.525113261e-17 2.204892966e-16)
(4 -1.493588157e-16 -6.918045872e-17)
(4 -7.899218339e-17 -5.751551054e-17)
(4 -1.762293565e-16 -1.830030338e-16)
(4 -3.826314992e-16 2.936965644e-16)
(4 3.47109366e-16 6.664832178e-17)
(4 -4.746967701e-16 -1.31157661e-16)
(4 8.809273981e-16 -5.863517443e-17)
(4 -1.082351262e-15 -4.072816638e-16)
(4 9.001416083e-17 -3.920361873e-17)
(4 1.40799204e-15 -1.139896662e-16)
(4 -1.2384139e-15 2.326734491e-16)
(4 4.599746603e-16 2.249115523e-17)
(4 2.155700376e-17 6.711547249e-17)
(4 -1.425667352e-16 2.242393141e-16)
(4 -6.470287371e-18 2.492238474e-17)
(4 -1.316994993e-17 7.531961891e-17)
(4 -5.157117856e-17 -2.769586762e-17)
(4 -1.221403309e-17 3.218256938e-17)
(4 -1.565211655e-18 2.160710178e-16)
(4 -2.427138838e-17 -5.451845372e-17)
(4 6.409612187e-16 1.11179482e-16)
(4 -9.121415521e-16 7.417480139e-17)
(4 8.492020069e-16 1.456347103e-16)
(4 -9.732061397e-16 2.712274821e-16)
(4 8.525311452e-16 4.045468532e-16)
(4 1.078445416e-14 5.701135059e-15)
(4 1.316877589e-13 7.173373187e-14)
(4 1.616560282e-12 8.66752967e-13)
(4 1.865643312e-11 9.606582245e-12)
(4 1.9819556e-10 9.782760845e-11)
(4.000000002 1.930094817e-09 9.070472958e-10)
(4.000000017 1.708156397e-08 7.592741942e-09)
(4.000000144 1.364087187e-07 5.692333976e-08)
(4.000001071 9.735785939e-07 3.769685083e-07)
(4.000007102 6.122637987e-06 2.166819618e-06)
(4.000041399 3.344229196e-05 1.065600605e-05)
(4.000210118 0.0001571304912 4.448861794e-05)
(4.000924325 0.0006327976376 0.0001573877985)
(4.003524914 0.00218673431 0.0004726310777)
(4.011693649 0.006510240229 0.001208768637)
(4.033932571 0.01678965713 0.002641793138)
(4.086697397 0.03773478651 0.004945095808)
(4.196431442 0.07435791489 0.007927747389)
(4.397599095 0.1292219537 0.01083840227)
(4.724443223 0.1991445265 0.01247777935)
(5.197485593 0.2735700172 0.01171219524)
(5.81026875 0.3366121374 0.008148273468)
(6.523937135 0.3726518263 0.002505096281)
(7.274313827 0.3727442288 -0.00363162406)
(7.989390468 0.3381887952 -0.008548796184)
(8.609276697 0.2793520196 -0.01116318847)
(9.099803798 0.2108149241 -0.01135436561)
(9.455296615 0.1458275639 -0.009775278425)
(9.691980732 0.09275267819 -0.00737708967)
(9.837181051 0.054407319 -0.004973491758)
(9.919492153 0.02951683031 -0.003031571815)
(9.962725798 0.01485075587 -0.001684907297)
(9.98382134 0.006947534319 -0.0008593735874)
(9.993407709 0.00302976316 -0.0004043340204)
(9.997474585 0.001234621478 -0.0001762573186)
(9.999089027 0.0004712147167 -7.145766578e-05)
(9.999690081 0.0001688262417 -2.703388941e-05)
(9.999900399 5.690345922e-05 -9.573047307e-06)
(9.999969713 1.808103609e-05 -3.181909718e-06)
(9.999991272 5.427130723e-06 -9.95281762e-07)
(9.999997612 1.541789733e-06 -2.936801288e-07)
(9.999999379 4.153398823e-07 -8.193305306e-08)
(9.999999846 1.062900201e-07 -2.165855833e-08)
(9.999999964 2.588512546e-08 -5.435829022e-09)
(9.999999992 6.009086781e-09 -1.297785911e-09)
(9.999999998 1.331893119e-09 -2.952811287e-10)
(10 2.82303734e-10 -6.41394122e-11)
(10 5.730299396e-11 -1.332284648e-11)
(10 1.1157154e-11 -2.649521907e-12)
(10 2.084979235e-12 -5.058108014e-13)
(10 3.709550787e-13 -9.414872891e-14)
(10 6.791153461e-14 -1.610084953e-14)
(10 1.382950063e-14 -2.825754084e-15)
(10 1.57552356e-16 -4.99388718e-16)
(10 -5.682637385e-17 1.416677202e-16)
(10 -6.154171314e-18 -1.681851825e-16)
(10 3.244949854e-16 -3.528969057e-16)
(10 -4.559362421e-16 -3.884959329e-16)
(10 4.92934569e-16 4.017755113e-17)
(10 5.706743777e-16 1.172373301e-16)
(10 -3.199877748e-16 -3.234691915e-16)
(10 -1.750340392e-16 -7.435095594e-16)
(10 1.958073511e-16 3.405562399e-17)
(10 -1.837647728e-18 5.650588974e-17)
(10 4.964396252e-18 1.605408961e-16)
(10 -4.993196564e-16 -2.475517186e-16)
(10 -2.776175121e-16 2.340271778e-17)
(10 -1.096701886e-16 -1.212940597e-16)
(10 3.129772989e-16 -2.540381885e-16)
(10 1.178019926e-16 8.919777896e-17)
(10 -1.388111706e-16 6.831833331e-16)
(10 -3.921151742e-16 -2.913794067e-17)
(10 4.55135196e-17 3.177160972e-15)
)
;

boundaryField
{
    left
    {
        type            dirichlet;
        value           uniform (4 0 0);
    }
    right
    {
        type            dirichlet;
        value           uniform (4 0 0);
    }
    sides
    {
        type            empty;
    }
}


// ************************************************************************* //
