/*--------------------------------*- C++ -*----------------------------------*\
| =========                 |                                                 |
| \\      /  F ield         | foam-extend: Open Source CFD                    |
|  \\    /   O peration     | Version:     4.1                                |
|   \\  /    A nd           | Web:         http://www.foam-extend.org         |
|    \\/     M anipulation  |                                                 |
\*---------------------------------------------------------------------------*/
FoamFile
{
    version     2.0;
    format      ascii;
    class       cellScalarField;
    location    "34.4";
    object      T;
}
// * * * * * * * * * * * * * * * * * * * * * * * * * * * * * * * * * * * * * //

dimensions      [0 0 0 0 1 0 0];

internalField   nonuniform 
100
(
(4 -5.703630593e-17 1.624202108e-17)
(4 -1.250233121e-16 -1.524749806e-17)
(4 -4.703781952e-17 -2.228699555e-18)
(4 -1.838859069e-17 -1.041775594e-17)
(4 8.409216185e-18 -4.137057769e-17)
(4 -2.87471216e-16 3.573149784e-16)
(4 3.446010175e-16 -2.283291626e-16)
(4 -1.622956964e-17 -8.937866186e-17)
(4 3.833232115e-16 5.861058175e-17)
(4 -1.17789934e-15 8.816928876e-17)
(4 -3.129016301e-17 -3.845706979e-17)
(4 3.129815702e-16 -7.481416849e-17)
(4 6.607869338e-16 2.837652643e-16)
(4 -5.29892706e-16 -5.245665104e-16)
(4 8.993423017e-16 1.340590967e-16)
(4 -7.756947634e-16 2.818940922e-18)
(4 7.027465789e-16 -3.309725405e-17)
(4 -9.376990304e-16 1.315523957e-16)
(4 6.862005368e-16 -2.55380421e-16)
(4 -2.244984237e-16 -7.301904393e-17)
(4 9.610258825e-17 1.720254788e-16)
(4 -1.121351877e-16 3.33096425e-16)
(4 5.071394791e-17 1.196377058e-17)
(4 -8.432696785e-17 -5.296156738e-17)
(4 9.542459585e-17 2.218875335e-16)
(4 -1.509441131e-16 1.987330599e-17)
(4 2.90756627e-16 -1.217560497e-16)
(4 -2.301366632e-16 -3.005596972e-17)
(4 -4.23011574e-16 2.037443913e-16)
(4 4.875768251e-16 -2.759473908e-17)
(4 -7.254166577e-17 9.304012867e-17)
(4 -1.283043692e-16 -8.472006776e-17)
(4 2.809129033e-17 -1.627639178e-16)
(4 -4.18237085e-16 -1.959171841e-17)
(4 8.641807532e-16 1.526145783e-16)
(4 -8.202901052e-16 2.627585094e-18)
(4 2.2012534e-16 2.067036859e-16)
(4 -3.600352492e-16 2.314820532e-16)
(4 3.281342205e-16 2.613067257e-17)
(4 1.993612767e-17 -1.158340381e-16)
(4 -4.549489809e-17 -1.728566585e-16)
(4 9.298792132e-16 5.587774401e-16)
(4 1.095419328e-14 6.880331247e-15)
(4 1.34285663e-13 6.365794209e-14)
(4 1.260715007e-12 5.899991208e-13)
(4 1.120602385e-11 5.033867645e-12)
(4 9.244375023e-11 3.974630214e-11)
(4.000000001 7.052680476e-10 2.888345575e-10)
(4.000000005 4.9485848e-09 1.919436053e-09)
(4.000000037 3.174253472e-08 1.158419226e-08)
(4.000000222 1.849601863e-07 6.304879038e-08)
(4.00000123 9.732832852e-07 3.076107439e-07)
(4.000006154 4.604287079e-06 1.339723317e-06)
(4.000027779 1.952888688e-05 5.196998713e-06)
(4.000112997 7.419933963e-05 1.794690131e-05)
(4.000414401 0.000252693867 5.521234803e-05)
(4.001372334 0.0007726769684 0.0001515401078)
(4.004113846 0.002126448194 0.0003717413442)
(4.011197001 0.005281902552 0.0008164808391)
(4.027765264 0.01187731916 0.001607957203)
(4.062955512 0.02425380782 0.002841739004)
(4.131024548 0.04511327706 0.004505942958)
(4.25128506 0.07666313182 0.006398372207)
(4.445896388 0.1193641402 0.008098516072)
(4.73513945 0.1707498524 0.009046703106)
(5.130993195 0.2250011804 0.008732922876)
(5.631096038 0.2737989195 0.006924360673)
(6.21570078 0.3084135787 0.00381477573)
(6.849456321 0.3223096675 3.042848499e-06)
(7.487970905 0.3131762105 -0.00370349919)
(8.087073239 0.2835143061 -0.006568879098)
(8.611597177 0.2396007464 -0.00815898916)
(9.040917214 0.1893863459 -0.008428064975)
(9.370021279 0.1402632343 -0.007650391115)
(9.606709233 0.09750587492 -0.006259746071)
(9.766678549 0.06372922092 -0.004683430625)
(9.868447666 0.03922569841 -0.00323356612)
(9.929484441 0.02277227885 -0.002073469774)
(9.964048026 0.01248830026 -0.001240815329)
(9.982554878 0.006478848217 -0.0006956180053)
(9.991938027 0.003184249866 -0.0003664890275)
(9.996448941 0.001484671364 -0.0001819487683)
(9.998507964 0.0006575808668 -8.532205429e-05)
(9.999401481 0.0002770314676 -3.787168136e-05)
(9.999770577 0.0001111527045 -1.594196472e-05)
(9.99991589 4.252623999e-05 -6.375425404e-06)
(9.999970481 1.553319152e-05 -2.426210077e-06)
(9.999990073 5.422981836e-06 -8.799669231e-07)
(9.999996798 1.81168642e-06 -3.046152869e-07)
(9.999999009 5.797972217e-07 -1.007813794e-07)
(9.999999705 1.779449743e-07 -3.190944717e-08)
(9.999999916 5.242855716e-08 -9.680776912e-09)
(9.999999977 1.484454263e-08 -2.817552498e-09)
(9.999999994 4.043108081e-09 -7.875937549e-10)
(9.999999998 1.060313646e-09 -2.116800245e-10)
(10 2.680005009e-10 -5.476017235e-11)
(10 6.53456636e-11 -1.365119111e-11)
(10 1.538270378e-11 -3.280363304e-12)
(10 3.49807468e-12 -7.614140031e-13)
(10 7.672569556e-13 -1.681424894e-13)
)
;

boundaryField
{
    left
    {
        type            dirichlet;
        value           uniform (4 0 0);
    }
    right
    {
        type            dirichlet;
        value           uniform (4 0 0);
    }
    sides
    {
        type            empty;
    }
}


// ************************************************************************* //
