/*--------------------------------*- C++ -*----------------------------------*\
| =========                 |                                                 |
| \\      /  F ield         | foam-extend: Open Source CFD                    |
|  \\    /   O peration     | Version:     4.1                                |
|   \\  /    A nd           | Web:         http://www.foam-extend.org         |
|    \\/     M anipulation  |                                                 |
\*---------------------------------------------------------------------------*/
FoamFile
{
    version     2.0;
    format      ascii;
    class       cellScalarField;
    location    "40.3";
    object      T;
}
// * * * * * * * * * * * * * * * * * * * * * * * * * * * * * * * * * * * * * //

dimensions      [0 0 0 0 1 0 0];

internalField   nonuniform 
100
(
(4 -5.703630593e-17 1.624202108e-17)
(4 -2.547866133e-16 4.3242645e-17)
(4 -6.696644416e-17 -1.344389517e-16)
(4 -1.347012266e-16 -1.9152257e-16)
(4 -7.658978849e-17 1.675761319e-16)
(4 -2.108618313e-16 5.079180132e-17)
(4 4.82628684e-16 -7.135002419e-17)
(4 -3.660091209e-16 -1.724413242e-16)
(4 1.011923719e-15 5.410583444e-17)
(4 -1.386596804e-15 1.834156612e-16)
(4 4.241612094e-16 1.115759269e-17)
(4 -3.610159976e-16 4.329446967e-18)
(4 9.258765013e-16 -7.159898914e-17)
(4 -2.940841908e-16 -1.086023063e-16)
(4 5.277026743e-16 -1.757297684e-17)
(4 -4.893841182e-16 2.693270376e-16)
(4 2.780521092e-17 6.025207692e-17)
(4 -1.583461412e-17 2.302586526e-17)
(4 -1.766669139e-16 4.935245374e-17)
(4 2.790470903e-16 -2.000487351e-16)
(4 -1.424583008e-16 1.162890948e-16)
(4 1.298396712e-16 -2.468944933e-18)
(4 -3.290821704e-17 1.989900327e-16)
(4 5.108449134e-17 9.851962542e-17)
(4 -2.364821882e-16 1.119942241e-16)
(4 1.495229423e-16 -1.593641982e-16)
(4 -3.451985162e-17 1.335553178e-16)
(4 -1.554076478e-16 3.394669748e-17)
(4 -3.524213034e-16 2.414337241e-16)
(4 4.233670416e-16 -7.574122456e-17)
(4 3.396991293e-16 4.439758714e-18)
(4 2.555868192e-17 -6.362663158e-17)
(4 1.952014519e-16 2.007430273e-16)
(4 -1.119971668e-15 3.219488376e-17)
(4 9.756054138e-16 1.043233387e-16)
(4 -7.245976897e-16 -3.819838116e-17)
(4 1.450946821e-15 -1.197048179e-16)
(4 -1.433832288e-15 -1.255116474e-17)
(4 8.359614332e-16 8.090179218e-17)
(4 -4.133703195e-16 -3.639700828e-16)
(4 7.02297011e-16 -2.422493123e-16)
(4 -7.760211696e-16 1.188625354e-16)
(4 3.510385692e-16 2.028298711e-17)
(4 -2.509575539e-16 2.769200872e-16)
(4 -5.706861288e-16 -7.806580902e-17)
(4 9.692809043e-16 7.564719453e-17)
(4 -8.854998382e-16 4.417671921e-17)
(4 8.08563761e-16 1.239373654e-16)
(4 -7.542025801e-16 1.277620639e-16)
(4 3.312543044e-16 1.20585673e-16)
(4 -1.261944676e-17 1.224741377e-16)
(4 2.76093469e-15 8.710273789e-16)
(4 2.732762459e-14 1.372709839e-14)
(4 2.494585806e-13 1.111374609e-13)
(4 2.043238222e-12 8.750749625e-13)
(4 1.557223929e-11 6.399933769e-12)
(4 1.105708065e-10 4.343905237e-11)
(4.000000001 7.285448408e-10 2.723522518e-10)
(4.000000005 4.435034754e-09 1.569934009e-09)
(4.00000003 2.483808348e-08 8.282588961e-09)
(4.000000163 1.274887173e-07 3.983953735e-08)
(4.000000804 5.979447538e-07 1.742157831e-07)
(4.000003626 2.557605887e-06 6.914018834e-07)
(4.000014968 9.967706214e-06 2.488502026e-06)
(4.00005654 3.539663522e-05 8.124007536e-06)
(4.000195611 0.0001146255027 2.407423708e-05)
(4.000620669 0.0003389584854 6.482995519e-05)
(4.001809487 0.000916897155 0.0001588584114)
(4.004857659 0.00227338851 0.0003546752605)
(4.01203723 0.005177685933 0.0007223541017)
(4.027604337 0.01085582554 0.001343231168)
(4.058742715 0.02099972997 0.00228143245)
(4.116324494 0.03756070475 0.003538182081)
(4.214970674 0.06225086156 0.005003156691)
(4.37184866 0.09579485696 0.006429791885)
(4.60389885 0.1371468614 0.007462569589)
(4.923759582 0.1830227063 0.007726445465)
(5.335372094 0.2280841078 0.006956151593)
(5.830735 0.2659006409 0.00511374274)
(6.389197934 0.2904761908 0.00243717462)
(6.979944583 0.2978322492 -0.0006107265152)
(7.567186743 0.2870639085 -0.00347722693)
(8.116588158 0.2604839719 -0.005683183534)
(8.601031045 0.2228459206 -0.006949143527)
(9.004190681 0.1799918696 -0.007240718851)
(9.321274249 0.1374383401 -0.00672995781)
(9.557264378 0.09934191013 -0.005703787434)
(9.723674764 0.0680567616 -0.004463683235)
(9.834991299 0.04424373756 -0.003251723495)
(9.905711251 0.02732661152 -0.002217600339)
(9.948430423 0.01605351009 -0.001421806622)
(9.972993565 0.008980226336 -0.0008598667099)
(9.986451977 0.00478858546 -0.0004918574261)
(9.99348608 0.002436615837 -0.0002667268019)
(9.996996613 0.001184328349 -0.0001373989394)
(9.99867125 0.0005504230366 -6.73536133e-05)
(9.999435567 0.0002448409076 -3.146988021e-05)
(9.999769643 0.0001043392069 -1.403531924e-05)
(9.999909615 4.263740103e-05 -5.983164479e-06)
(9.999965881 1.672274649e-05 -2.441013071e-06)
)
;

boundaryField
{
    left
    {
        type            dirichlet;
        value           uniform (4 0 0);
    }
    right
    {
        type            dirichlet;
        value           uniform (4 0 0);
    }
    sides
    {
        type            empty;
    }
}


// ************************************************************************* //
