/*--------------------------------*- C++ -*----------------------------------*\
| =========                 |                                                 |
| \\      /  F ield         | foam-extend: Open Source CFD                    |
|  \\    /   O peration     | Version:     4.1                                |
|   \\  /    A nd           | Web:         http://www.foam-extend.org         |
|    \\/     M anipulation  |                                                 |
\*---------------------------------------------------------------------------*/
FoamFile
{
    version     2.0;
    format      ascii;
    class       cellScalarField;
    location    "1.9";
    object      T;
}
// * * * * * * * * * * * * * * * * * * * * * * * * * * * * * * * * * * * * * //

dimensions      [0 0 0 0 1 0 0];

internalField   nonuniform 
100
(
(4.000483709 0.0003739507932 -0.0005068026497)
(4.003936758 0.01004561374 0.02591919622)
(4.404331582 0.5196605749 0.1680399302)
(6.358868575 1.332749414 0.009007316519)
(8.714269447 0.8735252875 -0.1354814335)
(9.75170392 0.2274111323 -0.05606494026)
(9.969410871 0.03269712732 -0.00974191243)
(9.997214732 0.00326292162 -0.001076596373)
(9.999794248 0.0002561219477 -9.014028769e-05)
(9.999986938 1.698197663e-05 -6.252132157e-06)
(9.99999926 9.936867493e-07 -3.783342173e-07)
(9.999999962 5.280764388e-08 -2.063990005e-08)
(9.999999998 2.599769644e-09 -1.037857122e-09)
(10 1.202663755e-10 -4.886153784e-11)
(10 5.283478708e-12 -2.178869517e-12)
(10 2.201363885e-13 -9.227388067e-14)
(10 1.051463569e-14 -4.353955965e-15)
(10 1.011691133e-15 -2.205979902e-17)
(10 -1.194421567e-15 5.006719034e-17)
(10 9.543037946e-16 4.192972056e-16)
(10 -9.016217601e-16 1.209613419e-15)
(10 -8.261497032e-17 4.737455208e-17)
(10 2.270233282e-16 2.037899095e-16)
(10 -2.667489736e-16 -2.692629294e-17)
(10 1.365340744e-16 1.746518197e-17)
(10 -2.18834464e-16 5.564595845e-16)
(10 -1.000861994e-15 5.07887954e-16)
(10 1.354184964e-16 -7.673887705e-17)
(10 4.236895691e-18 -2.400961636e-18)
(10 1.325615341e-19 -7.511989395e-20)
(10 4.147508004e-21 -2.350307432e-21)
(10 1.297648025e-22 -7.353504256e-23)
(10 4.060004921e-24 -2.300721203e-24)
(10 1.27027041e-25 -7.198360793e-26)
(10 3.974346698e-27 -2.252180343e-27)
(10 1.243469651e-28 -7.046485669e-29)
(10 3.890490452e-30 -2.20466028e-30)
(10 1.21723095e-31 -6.897793822e-32)
(10 3.808383711e-33 -2.158130793e-33)
(10 1.19153539e-34 -6.752176273e-35)
(10 3.727958021e-36 -2.112552493e-36)
(10 1.166358426e-37 -6.609492193e-38)
(10 3.649127368e-39 -2.067876271e-39)
(10 1.141671101e-40 -6.469577513e-41)
(10 3.571800555e-42 -2.024051105e-42)
(10 1.117447956e-43 -6.332293274e-44)
(10 3.495923991e-45 -1.98104981e-45)
(10 1.093688098e-46 -6.197651109e-47)
(10 3.421578807e-48 -1.938926417e-48)
(10 1.070457656e-49 -6.066062402e-50)
(10 3.349158103e-51 -1.897919602e-51)
(10 1.04796077e-52 -5.938750431e-53)
(10 3.279640458e-54 -1.858610717e-54)
(10 1.026641088e-55 -5.818334106e-56)
(10 3.21495279e-57 -1.822131539e-57)
(10 1.007306641e-58 -5.709539588e-59)
(10 3.158382985e-60 -1.790398233e-60)
(10 9.912601178e-62 -5.619934763e-62)
(10 3.114969402e-63 -1.766329398e-63)
(10 9.804072731e-65 -5.560530087e-65)
(10 3.091771569e-66 -1.753993635e-66)
(10 9.773117693e-68 -5.54606631e-68)
(10 3.097923021e-69 -1.758630917e-69)
(10 9.851674197e-71 -5.594826908e-71)
(10 3.14438752e-72 -1.78650422e-72)
(10 1.007668737e-73 -5.727871357e-74)
(10 3.243381198e-75 -1.844561752e-75)
(10 1.048776247e-76 -5.967674559e-77)
(10 3.407477588e-78 -1.939921148e-78)
(10 1.112390986e-79 -6.33625952e-80)
(10 3.648468753e-81 -2.079218679e-81)
(10 1.201969275e-82 -6.853003722e-83)
(10 3.976102244e-84 -2.267892385e-84)
(10 1.320120924e-85 -7.532366048e-86)
(10 4.396841546e-87 -2.509483217e-87)
(10 1.468239214e-88 -8.381808447e-89)
(10 4.912802223e-90 -2.805040094e-90)
(10 1.646208721e-91 -9.40017116e-92)
(10 5.520997277e-93 -3.152703612e-93)
(10 1.852227862e-94 -1.057670678e-94)
(10 6.212987614e-96 -3.547521328e-96)
(10 2.08276897e-97 -1.189089759e-97)
(10 6.974984052e-99 -3.981519365e-99)
(10 2.332682188e-100 -1.331308683e-100)
(10 7.788394308e-102 -4.444025085e-102)
(10 2.595433108e-103 -1.480586211e-103)
(10 8.630759737e-105 -4.922208238e-105)
(10 2.863450108e-106 -1.632605148e-106)
(10 9.476988273e-108 -5.401786694e-108)
(10 3.12854742e-109 -1.782713738e-109)
(10 1.030076599e-110 -5.867829681e-111)
(10 3.382384757e-112 -1.926186579e-112)
(10 1.1076021e-113 -6.305586969e-114)
(10 3.616923956e-115 -2.058482736e-115)
(10 1.177831922e-116 -6.701276132e-117)
(10 3.824846907e-118 -2.175480946e-118)
(10 1.238608897e-119 -7.042770153e-120)
(10 3.999905988e-121 -2.273675879e-121)
(10 1.288159693e-122 -7.320142303e-123)
(10 -9.653853943e-16 3.629062442e-15)
)
;

boundaryField
{
    left
    {
        type            dirichlet;
        value           uniform (4 0 0);
    }
    right
    {
        type            dirichlet;
        value           uniform (4 0 0);
    }
    sides
    {
        type            empty;
    }
}


// ************************************************************************* //
