/*--------------------------------*- C++ -*----------------------------------*\
| =========                 |                                                 |
| \\      /  F ield         | foam-extend: Open Source CFD                    |
|  \\    /   O peration     | Version:     4.1                                |
|   \\  /    A nd           | Web:         http://www.foam-extend.org         |
|    \\/     M anipulation  |                                                 |
\*---------------------------------------------------------------------------*/
FoamFile
{
    version     2.0;
    format      ascii;
    class       cellScalarField;
    location    "14.7";
    object      T;
}
// * * * * * * * * * * * * * * * * * * * * * * * * * * * * * * * * * * * * * //

dimensions      [0 0 0 0 1 0 0];

internalField   nonuniform 
100
(
(4 -5.703630593e-17 1.624202108e-17)
(4 -1.537942345e-16 -1.722540639e-18)
(4 -1.458835559e-16 -7.815429244e-17)
(4 1.09083064e-17 -2.182181404e-17)
(4 1.116515028e-16 3.337110713e-17)
(4 -4.643647939e-16 1.431728062e-16)
(4 4.261642655e-16 1.512597142e-16)
(4 -3.951844394e-16 5.258376648e-17)
(4 8.547310223e-16 6.964332936e-18)
(4 -1.281862412e-15 -2.033206512e-16)
(4 5.00530605e-16 -1.711192589e-16)
(4 5.896739266e-15 6.173020866e-15)
(4 1.874581833e-13 1.066957755e-13)
(4 2.981265003e-12 2.053896202e-12)
(4 6.253023673e-11 3.979681198e-11)
(4.000000001 9.788057567e-10 5.652309596e-10)
(4.000000012 1.387534328e-08 8.076562746e-09)
(4.000000166 1.834993559e-07 9.811245605e-08)
(4.000001917 2.018185024e-06 9.977143765e-07)
(4.000019167 1.943564185e-05 9.033733867e-06)
(4.00016773 0.0001620608281 6.702289054e-05)
(4.001214982 0.00107465006 0.0003728600763)
(4.006929232 0.005405401031 0.001518039698)
(4.030740768 0.0205784851 0.00455803023)
(4.107281776 0.06026886875 0.01022405903)
(4.300404393 0.1385608242 0.01723107451)
(4.689827856 0.2549144969 0.02154556639)
(5.327847164 0.3817265443 0.01876685631)
(6.189692064 0.4722570253 0.008274096167)
(7.162044106 0.4890408684 -0.005378813324)
(8.088891398 0.4288290103 -0.015803416)
(8.843057893 0.3217475767 -0.01943388155)
(9.371839154 0.2085202528 -0.01708439516)
(9.694078422 0.1177496788 -0.01197251553)
(9.866124734 0.05840508719 -0.006998838534)
(9.947205599 0.0256382275 -0.003501146352)
(9.981171368 0.01003077878 -0.001524660998)
(9.993902985 0.003521040831 -0.0005854446671)
(9.99819988 0.001115861616 -0.0002002782815)
(9.99951334 0.0003211510258 -6.157491285e-05)
(9.999879013 8.440667669e-05 -1.714321385e-05)
(9.999972225 2.036480474e-05 -4.351392263e-06)
(9.999994088 4.532643215e-06 -1.01309391e-06)
(9.999998829 9.349586756e-07 -2.175473601e-07)
(9.999999783 1.795064162e-07 -4.33044123e-08)
(9.999999962 3.220862581e-08 -8.027801182e-09)
(9.999999994 5.421425506e-09 -1.391871414e-09)
(9.999999999 8.590997627e-10 -2.265966523e-10)
(10 1.28583485e-10 -3.476308303e-11)
(10 1.823209686e-11 -5.041922096e-12)
(10 2.460305924e-12 -6.940933569e-13)
(10 3.142694495e-13 -9.139454922e-14)
(10 3.955428869e-14 -1.27967527e-14)
(10 1.876197728e-15 -1.196604719e-15)
(10 -2.510760223e-16 -1.703718932e-16)
(10 -3.233488998e-16 -6.133288778e-16)
(10 -1.343861599e-16 -1.724162951e-16)
(10 5.571978757e-17 -4.643920469e-17)
(10 -3.876183423e-16 -2.450719685e-16)
(10 -4.48341046e-16 4.097269859e-16)
(10 1.135384615e-16 -4.241500079e-16)
(10 2.973393973e-16 -2.335039434e-16)
(10 -4.086928698e-16 4.655094467e-16)
(10 2.367994044e-16 2.757140003e-16)
(10 -5.734023558e-16 2.120248617e-16)
(10 4.222062685e-17 -1.32916173e-16)
(10 -1.379051833e-17 -6.438814949e-17)
(10 7.101355565e-18 1.241982614e-16)
(10 -2.440793016e-16 -1.886241485e-16)
(10 -7.562251938e-17 3.439597755e-16)
(10 3.476751694e-16 -4.182758601e-16)
(10 -4.956734106e-16 -2.029364262e-16)
(10 1.418927661e-16 -1.70382657e-16)
(10 4.475578266e-16 1.534867094e-17)
(10 1.399185447e-16 -2.589771573e-16)
(10 1.517744895e-16 -5.280374624e-16)
(10 5.008193728e-16 -5.459526647e-16)
(10 3.439876833e-16 -2.88309479e-16)
(10 -4.855902203e-16 -2.123123295e-17)
(10 -4.960510811e-16 4.096999773e-16)
(10 1.221219112e-16 4.142298803e-16)
(10 1.761850376e-16 1.670025887e-16)
(10 -7.820311808e-17 4.396928624e-17)
(10 -6.18231892e-17 -3.638661439e-16)
(10 2.334492622e-16 1.195002057e-16)
(10 -1.488220083e-16 4.274132022e-16)
(10 4.012785198e-16 -4.075141303e-16)
(10 3.115453964e-16 1.839826925e-16)
(10 -2.05882621e-16 3.57957976e-16)
(10 -1.997712744e-16 1.896065439e-16)
(10 -4.936427274e-16 1.307010441e-17)
(10 -2.02273466e-16 2.745766732e-16)
(10 5.775040428e-17 -2.136300779e-16)
(10 5.191036988e-17 -1.672336736e-16)
(10 1.013839679e-17 6.652487714e-17)
(10 -4.486247991e-16 1.089306027e-16)
(10 4.545497407e-16 -2.019091297e-16)
(10 3.809978408e-16 -1.233323172e-16)
(10 1.217332111e-16 -2.645624766e-16)
(10 -8.380139597e-16 2.913146811e-15)
)
;

boundaryField
{
    left
    {
        type            dirichlet;
        value           uniform (4 0 0);
    }
    right
    {
        type            dirichlet;
        value           uniform (4 0 0);
    }
    sides
    {
        type            empty;
    }
}


// ************************************************************************* //
