/*--------------------------------*- C++ -*----------------------------------*\
| =========                 |                                                 |
| \\      /  F ield         | foam-extend: Open Source CFD                    |
|  \\    /   O peration     | Version:     4.1                                |
|   \\  /    A nd           | Web:         http://www.foam-extend.org         |
|    \\/     M anipulation  |                                                 |
\*---------------------------------------------------------------------------*/
FoamFile
{
    version     2.0;
    format      ascii;
    class       cellScalarField;
    location    "36.2";
    object      T;
}
// * * * * * * * * * * * * * * * * * * * * * * * * * * * * * * * * * * * * * //

dimensions      [0 0 0 0 1 0 0];

internalField   nonuniform 
100
(
(4 -5.703630593e-17 1.624202108e-17)
(4 -1.483955796e-16 -1.036995307e-16)
(4 5.704076334e-17 -5.936218475e-17)
(4 -1.555361375e-16 -9.848020125e-17)
(4 1.240262956e-16 -1.518632167e-16)
(4 -6.069537781e-16 -8.235595255e-17)
(4 4.45545135e-16 -4.160504306e-17)
(4 -4.421929865e-16 -1.980718758e-16)
(4 8.936979229e-16 -2.875002686e-17)
(4 -1.353920308e-15 2.722554707e-16)
(4 1.209721527e-16 7.798867959e-17)
(4 3.53152089e-16 -1.337416538e-16)
(4 8.358660977e-16 9.983096725e-17)
(4 -3.149623238e-16 -1.92415061e-16)
(4 5.747231668e-16 -6.662881966e-18)
(4 -6.854464307e-16 5.002317501e-16)
(4 -3.109167574e-17 -6.635735179e-19)
(4 2.760094546e-19 -6.149591978e-17)
(4 7.983821696e-17 2.404350957e-16)
(4 -2.693044727e-16 -1.766534858e-18)
(4 3.25316311e-16 7.928942408e-17)
(4 -6.014345749e-16 -2.695983842e-16)
(4 8.467417732e-16 -1.34719197e-16)
(4 -7.207050414e-16 -3.874983817e-17)
(4 6.701515347e-16 4.451192525e-17)
(4 -9.144155169e-16 7.283894486e-17)
(4 9.994316516e-16 -1.56508048e-17)
(4 -1.215613426e-15 1.757013396e-16)
(4 6.291284218e-16 -1.91257276e-16)
(4 -5.990088406e-16 2.740128342e-16)
(4 4.121954376e-16 -2.656689227e-16)
(4 -1.87948771e-17 2.624241515e-17)
(4 -2.298374477e-16 -1.095671438e-16)
(4 -3.966301507e-16 3.132854483e-16)
(4 7.548774917e-16 1.653170792e-16)
(4 -9.075384518e-16 -1.197587673e-17)
(4 4.949971631e-16 -2.049338441e-16)
(4 -4.246968548e-16 -1.773454402e-16)
(4 4.49142221e-16 1.38576245e-16)
(4 -1.189037278e-16 1.023740577e-16)
(4 -2.859493989e-17 -1.372983035e-16)
(4 -1.038706373e-16 2.603786661e-17)
(4 -1.931320868e-17 4.981520596e-17)
(4 6.991283426e-18 -4.909634721e-18)
(4 -1.517612561e-16 9.812301134e-16)
(4 1.537313967e-14 7.602893108e-15)
(4 1.47279165e-13 7.089429121e-14)
(4 1.358107593e-12 6.187720304e-13)
(4 1.151061659e-11 5.03592664e-12)
(4 9.074002857e-11 3.799354803e-11)
(4.000000001 6.624343927e-10 2.641386867e-10)
(4.000000005 4.454422899e-09 1.682211585e-09)
(4.000000032 2.743786929e-08 9.753513031e-09)
(4.000000189 1.539644326e-07 5.117978912e-08)
(4.000001008 7.832355581e-07 2.418720568e-07)
(4.000004891 3.599234253e-06 1.026111273e-06)
(4.000021525 1.4910357e-05 3.901225063e-06)
(4.000085812 5.565234517e-05 1.328858046e-05)
(4.000310068 0.0001872760811 4.058208013e-05)
(4.001016981 0.0005690613176 0.0001112611938)
(4.003034391 0.001564760601 0.0002742878838)
(4.008258643 0.003903370666 0.0006090127045)
(4.020565753 0.008857419572 0.001219561386)
(4.047010465 0.01833379363 0.002204599072)
(4.098977901 0.03471147712 0.003597939682)
(4.192621389 0.06027567945 0.005295281122)
(4.347750042 0.09624860746 0.007006042179)
(4.584587546 0.1416841373 0.008277649284)
(4.918618155 0.1927378699 0.008615537101)
(5.354821357 0.2428454076 0.007669150606)
(5.883393576 0.284028798 0.005402835133)
(6.478969324 0.3090109903 0.002159860925)
(7.104216151 0.3133526303 -0.001425924855)
(7.716954722 0.2967368877 -0.004637584916)
(8.278520846 0.2628961645 -0.006906875094)
(8.76067852 0.2182904359 -0.007969063818)
(9.149160171 0.1701594603 -0.007887739443)
(9.443364036 0.1247251041 -0.0069644241)
(9.653113272 0.08610093261 -0.005594463846)
(9.794100789 0.05606271675 -0.004136594913)
(9.883579855 0.03448155352 -0.002837246445)
(9.937274951 0.02006132193 -0.001815237865)
(9.967782912 0.01105571571 -0.001087920765)
(9.984216496 0.005778903745 -0.0006128705491)
(9.992619811 0.002868766861 -0.0003254485241)
(9.99670405 0.001354192297 -0.0001633046104)
(9.998593093 0.000608597033 -7.759797936e-05)
(9.999425541 0.0002607105592 -3.498446256e-05)
(9.999775451 0.0001065781139 -1.4991151e-05)
(9.999915904 4.162424677e-05 -6.115503061e-06)
(9.9999698 1.55478214e-05 -2.378595574e-06)
(9.999989592 5.560339634e-06 -8.833106768e-07)
(9.999996555 1.905872817e-06 -3.136098479e-07)
(9.999998904 6.267412204e-07 -1.065855919e-07)
(9.999999664 1.97931236e-07 -3.471868123e-08)
(9.999999901 6.008851399e-08 -1.085136121e-08)
(9.999999972 1.755208081e-08 -3.257924677e-09)
(9.999999992 4.937695382e-09 -9.405769743e-10)
(9.999999998 1.338963742e-09 -2.613906863e-10)
(9.999999999 3.502940486e-10 -6.998868515e-11)
)
;

boundaryField
{
    left
    {
        type            dirichlet;
        value           uniform (4 0 0);
    }
    right
    {
        type            dirichlet;
        value           uniform (4 0 0);
    }
    sides
    {
        type            empty;
    }
}


// ************************************************************************* //
