/*--------------------------------*- C++ -*----------------------------------*\
| =========                 |                                                 |
| \\      /  F ield         | foam-extend: Open Source CFD                    |
|  \\    /   O peration     | Version:     4.1                                |
|   \\  /    A nd           | Web:         http://www.foam-extend.org         |
|    \\/     M anipulation  |                                                 |
\*---------------------------------------------------------------------------*/
FoamFile
{
    version     2.0;
    format      ascii;
    class       cellScalarField;
    location    "8.8";
    object      T;
}
// * * * * * * * * * * * * * * * * * * * * * * * * * * * * * * * * * * * * * //

dimensions      [0 0 0 0 1 0 0];

internalField   nonuniform 
100
(
(4 -5.703630593e-17 1.624202108e-17)
(4 6.188639884e-17 -7.544961948e-17)
(4 3.779785877e-15 -5.504016405e-16)
(4 -8.83117269e-14 2.389630761e-14)
(4 3.306515882e-12 8.618741182e-13)
(4 -1.823634367e-11 5.678698532e-12)
(4.000000001 1.384654257e-09 9.718017542e-10)
(4.000000017 1.569408169e-08 7.536263343e-09)
(4.000000288 3.738454721e-07 3.055346504e-07)
(4.000006214 7.367665862e-06 3.835875127e-06)
(4.000077995 8.227210678e-05 4.591876559e-05)
(4.000940461 0.001037963588 0.0005451837662)
(4.009484813 0.009439635887 0.003631225148)
(4.062419804 0.05047107862 0.01335045701)
(4.267414528 0.1670133255 0.02877513448)
(4.793009613 0.366730164 0.03653878432)
(5.733049384 0.564451814 0.02282807226)
(6.955412612 0.6350980549 -0.005729942944)
(8.149952612 0.5401645125 -0.02760215485)
(9.051706712 0.3570979607 -0.03118404577)
(9.590153929 0.1879689398 -0.02232535935)
(9.849860748 0.08048390649 -0.01176851382)
(9.952985044 0.02857828426 -0.004866519265)
(9.987287836 0.008564181511 -0.001639704574)
(9.997000287 0.002200858065 -0.0004625173321)
(9.999375632 0.0004920938467 -0.0001115641334)
(9.999884189 9.699279354e-05 -2.341778063e-05)
(9.999980672 1.705214546e-05 -4.341198361e-06)
(9.999997072 2.702364982e-06 -7.198204797e-07)
(9.999999594 3.896904676e-07 -1.079338655e-07)
(9.999999948 5.156384041e-08 -1.477617749e-08)
(9.999999994 6.307519114e-09 -1.862378927e-09)
(9.999999999 7.180310953e-10 -2.17702845e-10)
(10 7.651500548e-11 -2.375455653e-11)
(10 7.673455386e-12 -2.432924955e-12)
(10 7.313867214e-13 -2.357749223e-13)
(10 6.490466476e-14 -2.179205031e-14)
(10 2.740707825e-15 -1.671091921e-15)
(10 1.707721519e-15 -1.083823093e-16)
(10 -1.74183539e-15 4.475807504e-16)
(10 1.171627323e-15 -8.583349511e-16)
(10 -1.632272684e-17 3.89935032e-16)
(10 -4.525308788e-16 -3.912693487e-16)
(10 2.528400078e-16 1.427913115e-16)
(10 -1.731789125e-16 3.687522779e-16)
(10 3.024203855e-16 -1.234106395e-16)
(10 -3.933482675e-16 5.678067477e-16)
(10 -2.127016799e-16 3.075276247e-16)
(10 -3.585186516e-16 -2.912002206e-16)
(10 6.11053739e-16 -2.862891572e-16)
(10 -1.289120826e-16 -1.473832038e-16)
(10 2.621960164e-18 4.08174867e-16)
(10 -7.63475591e-16 4.870954662e-16)
(10 -1.021948643e-16 5.893654566e-16)
(10 -1.419044083e-16 -2.452216883e-16)
(10 -1.076396606e-16 -2.423275642e-16)
(10 2.146748667e-17 1.518570587e-16)
(10 -3.495224437e-16 4.372692379e-16)
(10 1.85585421e-16 2.672864502e-16)
(10 1.682844298e-16 1.16800662e-16)
(10 2.773879283e-16 -1.926685935e-16)
(10 -4.550683624e-16 -4.210708909e-16)
(10 1.984760646e-16 7.938729745e-17)
(10 2.176540909e-16 1.941904957e-16)
(10 1.914057254e-16 1.564400612e-16)
(10 3.96726376e-16 -6.142898978e-16)
(10 -7.8922837e-17 6.213081054e-16)
(10 -2.585798506e-16 2.639403212e-16)
(10 3.099361965e-16 2.205613676e-16)
(10 -2.253598174e-16 -2.27149278e-16)
(10 -5.845415719e-17 1.269389151e-16)
(10 -4.113289305e-16 3.103697465e-16)
(10 -2.804513888e-16 1.823053899e-16)
(10 -2.177170218e-17 -7.571648838e-17)
(10 2.115558615e-16 -8.349992142e-17)
(10 -6.780030098e-17 1.549248937e-16)
(10 -1.820881838e-16 -6.651417344e-17)
(10 -2.315712357e-16 1.288297897e-17)
(10 -3.604858548e-17 7.797505717e-16)
(10 -1.959022461e-16 2.966755624e-16)
(10 -4.527813795e-16 2.84229793e-16)
(10 8.517485773e-18 3.109506195e-17)
(10 -5.821685624e-17 2.011315598e-16)
(10 -1.57599631e-16 4.256786583e-17)
(10 -7.511947905e-17 -4.617334172e-16)
(10 2.315652255e-16 -3.373756552e-16)
(10 1.914212538e-16 -5.530711089e-16)
(10 -3.754423464e-17 -3.116279267e-16)
(10 4.619326547e-17 3.20197965e-16)
(10 -4.965320512e-17 -5.651813039e-18)
(10 3.232626165e-16 3.50258352e-16)
(10 -4.601928857e-16 -7.640301957e-17)
(10 2.618813494e-16 2.949202433e-17)
(10 -1.365865064e-16 -1.744219838e-17)
(10 2.188364463e-16 -5.564608176e-16)
(10 1.000862123e-15 -5.078880214e-16)
(10 -1.354184949e-16 7.67388769e-17)
(10 -4.236895985e-18 2.400961845e-18)
(10 -1.325615648e-19 7.511991338e-20)
(10 -1.871128794e-15 3.645346242e-15)
)
;

boundaryField
{
    left
    {
        type            dirichlet;
        value           uniform (4 0 0);
    }
    right
    {
        type            dirichlet;
        value           uniform (4 0 0);
    }
    sides
    {
        type            empty;
    }
}


// ************************************************************************* //
