/*--------------------------------*- C++ -*----------------------------------*\
| =========                 |                                                 |
| \\      /  F ield         | foam-extend: Open Source CFD                    |
|  \\    /   O peration     | Version:     4.1                                |
|   \\  /    A nd           | Web:         http://www.foam-extend.org         |
|    \\/     M anipulation  |                                                 |
\*---------------------------------------------------------------------------*/
FoamFile
{
    version     2.0;
    format      ascii;
    class       cellScalarField;
    location    "15.3";
    object      T;
}
// * * * * * * * * * * * * * * * * * * * * * * * * * * * * * * * * * * * * * //

dimensions      [0 0 0 0 1 0 0];

internalField   nonuniform 
100
(
(4 -5.703630593e-17 1.624202108e-17)
(4 -8.819311817e-17 -1.998426251e-17)
(4 7.771569004e-17 9.188186162e-17)
(4 -7.716973786e-17 7.650221424e-17)
(4 -6.464032918e-17 -3.090678881e-17)
(4 -4.958213439e-16 1.312200424e-16)
(4 4.108802747e-16 -5.663269369e-17)
(4 -4.578245356e-16 1.699792097e-16)
(4 6.982656367e-16 -8.984002256e-17)
(4 -1.162354756e-15 -1.463838097e-16)
(4 2.22267922e-17 3.337613449e-17)
(4 1.655763365e-15 -1.60836247e-16)
(4 8.954415302e-15 9.423492673e-15)
(4 2.372785955e-13 1.372077432e-13)
(4 4.004755664e-12 2.728163987e-12)
(4 7.702553039e-11 4.71440571e-11)
(4.000000001 1.144734474e-09 6.591715024e-10)
(4.000000014 1.583621113e-08 9.005537411e-09)
(4.000000182 1.987783543e-07 1.039160688e-07)
(4.000002021 2.105611841e-06 1.024816788e-06)
(4.000019564 1.963065907e-05 8.923888479e-06)
(4.000165062 0.0001571079157 6.329920625e-05)
(4.001152098 0.00100242132 0.0003400553295)
(4.006380868 0.004907674641 0.001357156824)
(4.027785278 0.01841955231 0.004052210183)
(4.096128614 0.05378587633 0.009157377116)
(4.269053249 0.124458276 0.01575185461)
(4.62156252 0.232284424 0.0204272184)
(5.20945068 0.3552489484 0.01901470269)
(6.022616321 0.4514550036 0.0102130773)
(6.9669049 0.4826166902 -0.002563214226)
(7.897547193 0.4387787262 -0.01347156981)
(8.683605444 0.3426242505 -0.0184635877)
(9.257695338 0.2318514765 -0.01742145333)
(9.623210541 0.1370873541 -0.01297923175)
(9.827629248 0.07136696515 -0.008042031615)
(9.928763434 0.03294622309 -0.004260479615)
(9.973321233 0.0135777467 -0.001964733683)
(9.99091343 0.005026879375 -0.0007990708142)
(9.997174684 0.001681892137 -0.0002896031555)
(9.99919484 0.0005114029393 -9.434387032e-05)
(9.999788859 0.0001420674921 -2.783319673e-05)
(9.99994885 3.623803193e-05 -7.485557425e-06)
(9.999988509 8.527490258e-06 -1.846199507e-06)
(9.999997597 1.859491403e-06 -4.198279774e-07)
(9.999999531 3.773105266e-07 -8.846005571e-08)
(9.999999914 7.152231602e-08 -1.734912388e-08)
(9.999999985 1.271228539e-08 -3.180390192e-09)
(9.999999998 2.125922151e-09 -5.4706143e-10)
(10 3.355993999e-10 -8.861352521e-11)
(10 5.015846011e-11 -1.356083892e-11)
(10 7.121019629e-12 -1.968830209e-12)
(10 9.607901853e-13 -2.706115444e-13)
(10 1.235559182e-13 -3.612711121e-14)
(10 1.376797035e-14 -4.502397652e-15)
(10 -5.259654539e-16 8.634016553e-16)
(10 7.775640805e-17 6.057674152e-17)
(10 -6.423401449e-17 -2.582974346e-16)
(10 -2.320058762e-16 2.642345918e-17)
(10 1.179234671e-16 2.105747843e-16)
(10 -1.516243339e-16 3.396790168e-16)
(10 -2.355834178e-16 4.013697055e-16)
(10 3.179905494e-16 -7.637592781e-17)
(10 3.000446546e-16 -1.157032916e-16)
(10 7.84539861e-16 -9.729450079e-17)
(10 -2.755190368e-16 2.68029797e-16)
(10 -3.074007062e-16 9.305979745e-17)
(10 4.685502938e-19 -2.278436573e-16)
(10 3.243849525e-16 1.84566418e-16)
(10 3.339187905e-16 4.606708736e-16)
(10 -3.694193833e-16 3.635153973e-16)
(10 -3.925018737e-16 -1.607105779e-17)
(10 -2.188150583e-16 1.418423309e-16)
(10 9.897167751e-17 -7.8710662e-16)
(10 2.41447541e-16 -1.709049847e-16)
(10 2.947807002e-16 5.273160207e-16)
(10 -7.597362996e-16 1.967696512e-16)
(10 1.480248883e-16 1.888474285e-16)
(10 -3.573813294e-16 3.134977658e-16)
(10 3.848474563e-17 1.956762484e-16)
(10 3.484426032e-16 7.176951906e-17)
(10 -4.628501087e-17 2.172139463e-16)
(10 4.204351767e-16 9.028287933e-17)
(10 -7.172626863e-17 4.736001818e-16)
(10 -9.514365189e-18 1.806310852e-16)
(10 1.224428712e-16 1.69016061e-16)
(10 -1.386663698e-16 -5.100432218e-17)
(10 2.708538276e-16 -2.584973214e-16)
(10 7.639066811e-16 -1.070047179e-16)
(10 1.487706777e-16 4.951829546e-16)
(10 -2.165928087e-17 3.027186365e-16)
(10 -7.823054707e-17 1.777209292e-16)
(10 -7.404936938e-17 -1.139307241e-16)
(10 2.162310605e-16 7.729198264e-17)
(10 -1.349454502e-16 7.966426964e-16)
(10 -2.104681933e-17 1.950381514e-16)
(10 1.776880797e-18 2.941083152e-16)
(10 -1.634701254e-16 -2.390532838e-16)
(10 -4.263477393e-16 -4.735306236e-16)
(10 -1.288685913e-15 4.000853122e-15)
)
;

boundaryField
{
    left
    {
        type            dirichlet;
        value           uniform (4 0 0);
    }
    right
    {
        type            dirichlet;
        value           uniform (4 0 0);
    }
    sides
    {
        type            empty;
    }
}


// ************************************************************************* //
