/*--------------------------------*- C++ -*----------------------------------*\
| =========                 |                                                 |
| \\      /  F ield         | foam-extend: Open Source CFD                    |
|  \\    /   O peration     | Version:     4.1                                |
|   \\  /    A nd           | Web:         http://www.foam-extend.org         |
|    \\/     M anipulation  |                                                 |
\*---------------------------------------------------------------------------*/
FoamFile
{
    version     2.0;
    format      ascii;
    class       cellScalarField;
    location    "47.1";
    object      T;
}
// * * * * * * * * * * * * * * * * * * * * * * * * * * * * * * * * * * * * * //

dimensions      [0 0 0 0 1 0 0];

internalField   nonuniform 
100
(
(4 -5.703630593e-17 1.624202108e-17)
(4 -1.467105312e-16 1.770355452e-16)
(4 -1.970928957e-16 -3.172733721e-17)
(4 -1.093865322e-17 4.433624705e-17)
(4 1.175740733e-16 -2.010723863e-17)
(4 -3.565595414e-16 -1.170443282e-16)
(4 2.985006982e-16 1.963230078e-17)
(4 -3.42770412e-16 5.791970151e-17)
(4 8.423752937e-16 1.654980519e-16)
(4 -1.384201553e-15 3.539085112e-16)
(4 3.401901618e-16 -1.03117963e-16)
(4 -3.508580123e-16 -1.242804378e-16)
(4 1.230444867e-15 -3.062415624e-16)
(4 -5.360172026e-16 9.475109841e-17)
(4 1.640577095e-16 -1.026390999e-16)
(4 -5.619403482e-17 -2.508428118e-18)
(4 4.185155722e-17 5.560017343e-17)
(4 -2.337764133e-16 -5.494856843e-17)
(4 -1.576175355e-16 -1.255175659e-16)
(4 1.157871715e-17 1.371033053e-17)
(4 5.164818075e-17 -4.78907094e-17)
(4 -2.18912055e-16 -7.409077686e-17)
(4 1.140700467e-16 -4.927858941e-17)
(4 -4.102576792e-17 4.427289779e-17)
(4 3.163745218e-17 1.51750528e-16)
(4 7.90559713e-17 -5.751401571e-17)
(4 2.633056426e-18 8.442564897e-18)
(4 -8.354682929e-17 5.428237133e-17)
(4 -5.243470673e-16 2.240196091e-17)
(4 5.367142365e-16 1.954214256e-17)
(4 -2.515442632e-16 1.140259378e-16)
(4 7.900581871e-17 -7.872174617e-17)
(4 -8.377218841e-17 7.408380404e-17)
(4 -5.69381797e-16 3.051328588e-16)
(4 4.103047623e-16 1.697313822e-16)
(4 -3.250132473e-16 3.019911679e-16)
(4 6.939202339e-16 2.314805752e-16)
(4 -1.069867856e-15 -1.024915018e-16)
(4 6.143074759e-16 -1.287944647e-16)
(4 -1.648489614e-17 -7.339377609e-17)
(4 5.683556156e-17 6.710275536e-17)
(4 1.430987148e-17 1.06131817e-16)
(4 -6.971493647e-17 6.674607708e-17)
(4 -6.112397366e-17 -8.035269353e-17)
(4 -2.455041064e-16 3.097794797e-17)
(4 8.245296293e-16 -7.133991843e-17)
(4 -6.743804291e-16 -3.80948788e-17)
(4 9.04888799e-16 -9.546929858e-18)
(4 -7.594043649e-16 -7.101263523e-17)
(4 4.11118266e-16 1.469953406e-17)
(4 -8.526228994e-17 1.679474192e-16)
(4 2.514689795e-16 -1.986260708e-16)
(4 -1.413265278e-16 -7.672232722e-18)
(4 1.772389988e-16 -9.620510804e-17)
(4 -1.273857414e-16 1.820857215e-16)
(4 -1.78587326e-16 1.313482164e-16)
(4 -2.117840594e-16 2.444218133e-16)
(4 1.434663798e-16 -1.351739714e-16)
(4 -8.929687319e-17 -4.841686109e-17)
(4 5.947259754e-17 1.069754746e-16)
(4 -7.804397727e-17 1.79860592e-16)
(4 6.921492933e-17 -4.142151573e-17)
(4 2.761737243e-15 4.511618324e-16)
(4 1.343776352e-14 7.545170847e-15)
(4 1.257869136e-13 5.239856279e-14)
(4 9.084660118e-13 3.646773739e-13)
(4 6.21519705e-12 2.391014888e-12)
(4 3.9781239e-11 1.464740198e-11)
(4 2.377825566e-10 8.352869984e-11)
(4.000000002 1.323729217e-09 4.419936783e-10)
(4.000000009 6.844925792e-09 2.164317638e-09)
(4.000000044 3.280415172e-08 9.785964575e-09)
(4.000000202 1.454663962e-07 4.079321043e-08)
(4.000000869 5.962409165e-07 1.566294841e-07)
(4.000003461 2.257978827e-06 5.537487389e-07)
(4.000012782 7.901430534e-06 1.802886883e-06)
(4.000043786 2.556372599e-05 5.408355736e-06)
(4.000139259 7.653742308e-05 1.496029718e-05)
(4.000411728 0.0002123086735 3.819425371e-05)
(4.001133281 0.0005463851482 9.008876575e-05)
(4.002908883 0.001306509323 0.0001965085172)
(4.006975121 0.00290726297 0.0003967446956)
(4.015654239 0.006029816356 0.00074193094)
(4.032947095 0.01167518388 0.001285655049)
(4.0651605 0.02113726462 0.002064476679)
(4.121348919 0.03583707787 0.003070364244)
(4.213255198 0.05698656294 0.004223458675)
(4.354431981 0.08511524463 0.005358945112)
(4.558377669 0.1195794493 0.006241819903)
(4.835833167 0.1582410595 0.006615174697)
(5.191771589 0.197503238 0.00627292275)
(5.622908512 0.232798862 0.005133318474)
(6.11659567 0.2594651932 0.003283733024)
(6.651657742 0.2737729949 0.0009750580699)
(7.201166291 0.273791167 -0.00143650489)
(7.736529463 0.2598082887 -0.003580828048)
(8.231861596 0.2341871007 -0.00516584904)
(8.667547955 0.2007271453 -0.006039211058)
(9.032236761 0.1637665339 -0.006203089678)
(9.323020647 0.1273062245 -0.005785024427)
)
;

boundaryField
{
    left
    {
        type            dirichlet;
        value           uniform (4 0 0);
    }
    right
    {
        type            dirichlet;
        value           uniform (4 0 0);
    }
    sides
    {
        type            empty;
    }
}


// ************************************************************************* //
