/*--------------------------------*- C++ -*----------------------------------*\
| =========                 |                                                 |
| \\      /  F ield         | foam-extend: Open Source CFD                    |
|  \\    /   O peration     | Version:     4.1                                |
|   \\  /    A nd           | Web:         http://www.foam-extend.org         |
|    \\/     M anipulation  |                                                 |
\*---------------------------------------------------------------------------*/
FoamFile
{
    version     2.0;
    format      ascii;
    class       cellScalarField;
    location    "35.1";
    object      T;
}
// * * * * * * * * * * * * * * * * * * * * * * * * * * * * * * * * * * * * * //

dimensions      [0 0 0 0 1 0 0];

internalField   nonuniform 
100
(
(4 -5.703630593e-17 1.624202108e-17)
(4 -1.053896916e-16 5.314983369e-17)
(4 -2.730912494e-17 7.48814194e-18)
(4 -1.865189616e-17 -3.061885001e-17)
(4 -1.451620817e-17 4.795333202e-17)
(4 -2.749100079e-16 1.035913052e-16)
(4 7.072597615e-17 1.010205142e-16)
(4 -3.902230289e-16 -1.275734991e-16)
(4 9.169058969e-16 1.555396166e-16)
(4 -1.258926176e-15 9.424729329e-17)
(4 1.100522373e-16 -1.506232754e-16)
(4 5.073822057e-17 3.277387858e-17)
(4 7.868654749e-16 1.558188865e-16)
(4 -1.735158881e-16 3.691700446e-16)
(4 1.597134699e-16 -1.423621448e-16)
(4 -3.638445274e-16 5.411512559e-17)
(4 6.600002756e-16 9.699005551e-17)
(4 -9.155070594e-16 -2.440552643e-16)
(4 9.17368202e-16 -8.540268446e-18)
(4 -8.079880382e-16 -7.098868722e-17)
(4 9.406839481e-16 3.262513052e-17)
(4 -8.780959185e-16 1.095443139e-16)
(4 8.110333231e-16 -2.737176487e-16)
(4 -6.977326619e-16 1.360476038e-16)
(4 2.315232458e-16 -2.3988733e-16)
(4 8.074599466e-17 2.086153986e-16)
(4 -9.896694376e-17 1.279098239e-16)
(4 -1.386760315e-16 -3.88626521e-17)
(4 -5.250639162e-16 -8.859340907e-17)
(4 5.390120368e-16 -3.290310094e-18)
(4 3.074730349e-17 2.692583855e-17)
(4 -1.020105524e-16 -2.494201171e-17)
(4 1.393787188e-16 -1.535784833e-16)
(4 -6.100106354e-16 7.280961872e-17)
(4 9.993371934e-16 8.554306239e-17)
(4 -1.008023951e-15 -2.828510269e-17)
(4 5.124638169e-16 2.181854724e-17)
(4 -2.644632426e-16 1.657713062e-16)
(4 8.76994333e-17 1.85181231e-16)
(4 1.245742661e-16 -7.410238435e-17)
(4 -3.039159179e-17 -1.064776505e-16)
(4 9.159676705e-17 -8.878775427e-17)
(4 3.553724408e-16 2.830524317e-16)
(4 6.974784838e-15 4.812899514e-15)
(4 9.614029731e-14 4.648483789e-14)
(4 9.02716351e-13 4.193892598e-13)
(4 7.957987354e-12 3.5631759e-12)
(4 6.528956816e-11 2.799161721e-11)
(4.000000001 4.960243219e-10 2.027230498e-10)
(4.000000004 3.471115071e-09 1.344894922e-09)
(4.000000026 2.224516078e-08 8.119638115e-09)
(4.000000156 1.297724105e-07 4.431539266e-08)
(4.000000865 6.852865264e-07 2.173912824e-07)
(4.000004346 3.261365785e-06 9.545714598e-07)
(4.000019749 1.395043637e-05 3.743373324e-06)
(4.000081055 5.357955921e-05 1.310154257e-05)
(4.000300511 0.0001848499934 4.094753301e-05)
(4.001007846 0.0005737178916 0.000114433158)
(4.003064452 0.001605449703 0.0002864363963)
(4.008471514 0.004061279727 0.0006432929676)
(4.021360556 0.009314152833 0.001298202019)
(4.049295744 0.01942320085 0.002356419375)
(4.104502216 0.0369380977 0.003847615102)
(4.204262099 0.06424746768 0.005644421228)
(4.369548249 0.1024884681 0.007413435557)
(4.621302062 0.150346187 0.008652285952)
(4.974706564 0.2033376173 0.008834490248)
(5.433031567 0.254161047 0.007620238178)
(5.983435945 0.2942893237 0.005035086371)
(6.596848662 0.3163555063 0.001515340727)
(7.232616812 0.3163942535 -0.002218546501)
(7.846650263 0.2949917957 -0.005406975808)
(8.400341017 0.2568960072 -0.007499181314)
(8.867349256 0.2093503773 -0.008295667971)
(9.236438947 0.1599299505 -0.00794157859)
(9.510235497 0.1147272341 -0.006804071293)
(9.701187441 0.07741008576 -0.005310023588)
(9.826590023 0.04920522659 -0.003815570685)
(9.904257308 0.02951022582 -0.002542832829)
(9.949689151 0.01672340234 -0.001580086748)
(9.97482505 0.008967894307 -0.0009192629122)
(9.987996777 0.004556947493 -0.0005023984273)
(9.99454299 0.002197158649 -0.0002586607131)
(9.997632607 0.001006519065 -0.0001257610981)
(9.999019169 0.0004386410017 -5.786749482e-05)
(9.99961159 0.0001820796366 -2.524887756e-05)
(9.99985286 7.207793279e-05 -1.046508256e-05)
(9.99994663 2.724219341e-05 -4.127170766e-06)
(9.999981449 9.841863237e-06 -1.551099493e-06)
(9.999993815 3.402451452e-06 -5.563300388e-07)
(9.99999802 1.126827211e-06 -1.90688729e-07)
(9.999999391 3.578762302e-07 -6.254340923e-08)
(9.99999982 1.091103968e-07 -1.965351982e-08)
(9.999999949 3.19663756e-08 -5.924016989e-09)
(9.999999986 9.008237484e-09 -1.714759479e-09)
(9.999999996 2.444100389e-09 -4.771735831e-10)
(9.999999999 6.390471203e-10 -1.277870714e-10)
(10 1.611706262e-10 -3.296781501e-11)
(10 3.923919285e-11 -8.202456837e-12)
(10 9.228460612e-12 -1.964268838e-12)
)
;

boundaryField
{
    left
    {
        type            dirichlet;
        value           uniform (4 0 0);
    }
    right
    {
        type            dirichlet;
        value           uniform (4 0 0);
    }
    sides
    {
        type            empty;
    }
}


// ************************************************************************* //
