/*--------------------------------*- C++ -*----------------------------------*\
| =========                 |                                                 |
| \\      /  F ield         | foam-extend: Open Source CFD                    |
|  \\    /   O peration     | Version:     4.1                                |
|   \\  /    A nd           | Web:         http://www.foam-extend.org         |
|    \\/     M anipulation  |                                                 |
\*---------------------------------------------------------------------------*/
FoamFile
{
    version     2.0;
    format      ascii;
    class       cellScalarField;
    location    "35.2";
    object      T;
}
// * * * * * * * * * * * * * * * * * * * * * * * * * * * * * * * * * * * * * //

dimensions      [0 0 0 0 1 0 0];

internalField   nonuniform 
100
(
(4 -5.703630593e-17 1.624202108e-17)
(4 -1.639708742e-16 4.486171769e-17)
(4 -2.011975337e-17 -9.181642138e-18)
(4 -1.534181018e-17 -5.302623454e-17)
(4 -2.265480671e-17 6.039465956e-17)
(4 -4.21655579e-16 6.691927532e-17)
(4 3.472010355e-16 2.038897274e-17)
(4 -2.293478845e-16 -3.217444081e-17)
(4 8.086537828e-16 3.676970065e-17)
(4 -1.308594997e-15 4.597236291e-17)
(4 2.287987787e-16 -2.056612029e-16)
(4 5.50825652e-17 6.94728803e-17)
(4 8.170550312e-16 3.601507914e-17)
(4 1.122938114e-16 2.370458441e-16)
(4 1.174565736e-17 -1.888214718e-17)
(4 -2.943125286e-16 1.274482372e-16)
(4 5.324416007e-16 1.227636145e-16)
(4 -9.352907568e-16 6.514731062e-17)
(4 9.650797915e-16 -1.203634086e-16)
(4 -9.178365168e-16 -1.864474206e-16)
(4 9.491118806e-16 -3.069876383e-17)
(4 -7.805566652e-16 1.961584918e-16)
(4 8.567478613e-16 -8.780949891e-17)
(4 -8.813122958e-16 1.918157073e-16)
(4 6.573783412e-16 -1.317524388e-16)
(4 1.192592658e-16 3.01616489e-16)
(4 -2.371912633e-16 1.923560851e-16)
(4 -1.845058544e-16 -1.033980965e-16)
(4 -4.685860399e-16 -1.451438458e-16)
(4 5.486421294e-16 -6.345473244e-18)
(4 3.923046113e-17 4.827008799e-17)
(4 -1.547741144e-16 -6.061545473e-17)
(4 5.494367086e-17 -8.043032952e-17)
(4 -6.509034876e-16 7.696241864e-17)
(4 9.661381087e-16 9.556973563e-17)
(4 -9.6652168e-16 -2.866464754e-17)
(4 4.875722979e-16 3.156266526e-17)
(4 -4.143312105e-16 1.573643667e-16)
(4 3.044685978e-16 -1.208565715e-16)
(4 3.116921246e-16 -2.81579356e-16)
(4 -1.299885405e-17 -1.685170504e-16)
(4 4.218698674e-17 -1.880764382e-16)
(4 1.480259546e-16 2.459356587e-16)
(4 4.701969049e-15 2.821000794e-15)
(4 6.562852956e-14 3.227394027e-14)
(4 6.280609605e-13 2.923881001e-13)
(4 5.576476286e-12 2.510639057e-12)
(4 4.620969019e-11 1.993036534e-11)
(4 3.548304439e-10 1.4601529e-10)
(4.000000003 2.512231143e-09 9.810116289e-10)
(4.000000019 1.630691702e-08 6.005570091e-09)
(4.000000115 9.646276965e-08 3.327715364e-08)
(4.000000648 5.170743657e-07 1.659149612e-07)
(4.000003303 2.500131874e-06 7.410982153e-07)
(4.000015243 1.087188606e-05 2.95809684e-06)
(4.000063557 4.246530984e-05 1.054176383e-05)
(4.000239424 0.0001490208623 3.355425051e-05)
(4.000815877 0.000470462144 9.550869019e-05)
(4.002520267 0.001338998119 0.0002435074564)
(4.007076457 0.003444530426 0.0005570694899)
(4.018117329 0.008031598492 0.001145264196)
(4.042438407 0.01702424656 0.002118225506)
(4.091277638 0.03290047158 0.00352566399)
(4.180933492 0.05813730967 0.00527600597)
(4.331802254 0.09419702068 0.007077504849)
(4.565135657 0.1403176268 0.008455517677)
(4.897650757 0.1926605422 0.008876538514)
(5.335328832 0.2444220371 0.007950640455)
(5.868678256 0.2871883523 0.005623346243)
(6.471711716 0.3132107841 0.002252181432)
(7.105667743 0.3177387225 -0.00148644272)
(7.726594012 0.3004318307 -0.00482456697)
(8.294297303 0.2652800981 -0.007157555378)
(8.779703885 0.2191551121 -0.008212297585)
(9.168536718 0.1696912843 -0.008070156101)
(9.460839954 0.1233591329 -0.007063523065)
(9.667392574 0.08433389569 -0.005616568935)
(9.804809995 0.05430525415 -0.004105205541)
(9.891014712 0.03298804076 -0.002779730353)
(9.942081765 0.01893173499 -0.001753547054)
(9.97069014 0.01027939035 -0.001035029884)
(9.985867331 0.005288007823 -0.0005736107705)
(9.99350254 0.002580782679 -0.000299344699)
(9.997149663 0.001196507271 -0.0001474693694)
(9.998805939 0.0005276400807 -6.873309772e-05)
(9.999521928 0.0002215937633 -3.036858513e-05)
(9.99981691 8.873580966e-05 -1.274273689e-05)
(9.99993287 3.392129091e-05 -5.086333307e-06)
(9.999976415 1.239295909e-05 -1.934308637e-06)
(9.999992053 4.332026651e-06 -7.01874013e-07)
(9.99999743 1.450415811e-06 -2.433343547e-07)
(9.999999201 4.656279312e-07 -8.070985909e-08)
(9.999999761 1.434758111e-07 -2.564306998e-08)
(9.999999931 4.247645007e-08 -7.813602494e-09)
(9.999999981 1.20940888e-08 -2.285947855e-09)
(9.999999995 3.314882316e-09 -6.42825325e-10)
(9.999999999 8.75459695e-10 -1.739355755e-10)
(10 2.229846093e-10 -4.533058793e-11)
(10 5.482364313e-11 -1.139191283e-11)
(10 1.301689179e-11 -2.75692536e-12)
)
;

boundaryField
{
    left
    {
        type            dirichlet;
        value           uniform (4 0 0);
    }
    right
    {
        type            dirichlet;
        value           uniform (4 0 0);
    }
    sides
    {
        type            empty;
    }
}


// ************************************************************************* //
