/*--------------------------------*- C++ -*----------------------------------*\
| =========                 |                                                 |
| \\      /  F ield         | foam-extend: Open Source CFD                    |
|  \\    /   O peration     | Version:     4.1                                |
|   \\  /    A nd           | Web:         http://www.foam-extend.org         |
|    \\/     M anipulation  |                                                 |
\*---------------------------------------------------------------------------*/
FoamFile
{
    version     2.0;
    format      ascii;
    class       cellScalarField;
    location    "10.9";
    object      T;
}
// * * * * * * * * * * * * * * * * * * * * * * * * * * * * * * * * * * * * * //

dimensions      [0 0 0 0 1 0 0];

internalField   nonuniform 
100
(
(4 -5.703630593e-17 1.624202108e-17)
(4 -1.108627272e-17 -1.296422117e-16)
(4 -1.590685281e-17 3.40363902e-16)
(4 -2.727072101e-16 1.104913028e-16)
(4 9.080426166e-17 3.125051237e-16)
(4 -3.007347657e-16 -1.594790021e-15)
(4 1.719506831e-14 6.258695671e-14)
(4 1.60049713e-12 3.523242891e-13)
(4 1.340790684e-11 1.865850403e-11)
(4.000000001 7.499100253e-10 4.561552024e-10)
(4.00000001 1.031118627e-08 6.23535754e-09)
(4.00000016 1.927737071e-07 1.274213012e-07)
(4.000002582 2.932790928e-06 1.555720678e-06)
(4.000030952 3.273449259e-05 1.705314865e-05)
(4.000333117 0.0003497885052 0.0001696343966)
(4.003027112 0.002930912077 0.001135910894)
(4.020019441 0.01656055014 0.004812173969)
(4.093505626 0.06323140864 0.01326283332)
(4.317427588 0.1698037156 0.02434562302)
(4.815528953 0.3335797355 0.02934598426)
(5.650306376 0.4953398047 0.02023424518)
(6.732563267 0.5710968697 7.582626905e-05)
(7.84234711 0.5228252664 -0.01854601089)
(8.759753609 0.3874321913 -0.02591449103)
(9.381415286 0.2363573071 -0.02240400294)
(9.731934998 0.1205204783 -0.01442507332)
(9.898641497 0.05207907906 -0.007395051717)
(9.966362408 0.01931442316 -0.003129691332)
(9.990134983 0.006220139961 -0.001120205859)
(9.99742475 0.001758414973 -0.0003453443944)
(9.999397216 0.0004407505436 -9.306417376e-05)
(9.99987258 9.886107608e-05 -2.21976997e-05)
(9.999975507 2.001284807e-05 -4.737185931e-06)
(9.999995691 3.684929184e-06 -9.131489987e-07)
(9.999999302 6.215618894e-07 -1.6033393e-07)
(9.999999895 9.667274317e-08 -2.583624496e-08)
(9.999999985 1.394658976e-08 -3.84653108e-09)
(9.999999998 1.876406592e-09 -5.323062664e-10)
(10 2.366000169e-10 -6.884198712e-11)
(10 2.809131014e-11 -8.361779131e-12)
(10 3.151652641e-12 -9.580881164e-13)
(10 3.334453417e-13 -1.043696883e-13)
(10 3.338919458e-14 -1.117975903e-14)
(10 7.619394013e-16 1.681021301e-17)
(10 -3.999678584e-16 2.629754824e-16)
(10 -1.133061016e-16 1.232090739e-16)
(10 -2.550383769e-16 1.946713902e-16)
(10 -1.550708175e-16 -2.773749561e-16)
(10 4.08754574e-16 -7.352057892e-17)
(10 -2.027382428e-17 -2.316485977e-16)
(10 7.328287538e-17 -3.927836583e-16)
(10 -3.851315997e-16 -1.012188642e-16)
(10 2.385997551e-16 -6.920838939e-18)
(10 -1.683327425e-16 3.283867835e-16)
(10 1.796667586e-16 5.61743985e-16)
(10 -2.784390567e-16 -7.084204363e-17)
(10 2.019849723e-16 2.430930025e-16)
(10 -2.600977162e-16 2.940002439e-16)
(10 2.174063661e-16 5.46193723e-17)
(10 6.387964886e-17 2.985668898e-16)
(10 3.059496701e-17 3.408961025e-16)
(10 -5.266715445e-16 4.445698713e-16)
(10 -3.495370342e-16 -3.70568211e-16)
(10 1.91628851e-16 -8.748415209e-16)
(10 5.036914754e-17 1.989202642e-17)
(10 1.219403616e-16 3.691184942e-16)
(10 -1.526396654e-16 4.124193036e-16)
(10 -1.322485317e-16 4.097979511e-18)
(10 -3.401115935e-16 -4.415595328e-16)
(10 1.6700685e-16 -5.895450097e-16)
(10 3.5375934e-16 -4.052217355e-16)
(10 3.148176949e-16 -8.065902574e-17)
(10 4.564927438e-16 -1.637534956e-16)
(10 1.85964314e-16 4.392074324e-17)
(10 -1.710748456e-18 5.177535747e-16)
(10 -1.847927591e-16 5.91637566e-16)
(10 2.281334325e-16 4.672521071e-18)
(10 -4.313311538e-16 -4.953255904e-16)
(10 4.445499307e-16 5.818219819e-17)
(10 2.262882468e-16 1.959635084e-16)
(10 4.007101611e-16 -1.731678406e-16)
(10 -1.471226457e-16 -3.932332407e-16)
(10 1.61552912e-16 2.366355084e-16)
(10 2.270861013e-16 3.746004701e-16)
(10 1.828715918e-16 3.196643965e-16)
(10 -1.827563333e-16 -2.767147825e-16)
(10 1.565928018e-16 6.160380519e-17)
(10 -3.119270258e-16 2.379022807e-16)
(10 4.593988462e-16 3.832337904e-16)
(10 -3.817954528e-16 -3.411569132e-16)
(10 -3.764792908e-17 1.252183372e-16)
(10 -1.557991574e-16 6.354682186e-16)
(10 -6.271847216e-16 2.79897155e-16)
(10 3.013673708e-17 -1.418887296e-16)
(10 3.376524335e-16 -6.385584556e-17)
(10 -1.711844209e-16 2.263353132e-16)
(10 -2.523298773e-16 -1.508225036e-16)
(10 -2.922187995e-16 -7.778029022e-17)
(10 1.808607958e-16 3.070162787e-16)
(10 -8.027611406e-16 3.407613642e-15)
)
;

boundaryField
{
    left
    {
        type            dirichlet;
        value           uniform (4 0 0);
    }
    right
    {
        type            dirichlet;
        value           uniform (4 0 0);
    }
    sides
    {
        type            empty;
    }
}


// ************************************************************************* //
