/*--------------------------------*- C++ -*----------------------------------*\
| =========                 |                                                 |
| \\      /  F ield         | foam-extend: Open Source CFD                    |
|  \\    /   O peration     | Version:     4.1                                |
|   \\  /    A nd           | Web:         http://www.foam-extend.org         |
|    \\/     M anipulation  |                                                 |
\*---------------------------------------------------------------------------*/
FoamFile
{
    version     2.0;
    format      ascii;
    class       cellScalarField;
    location    "26.7";
    object      T;
}
// * * * * * * * * * * * * * * * * * * * * * * * * * * * * * * * * * * * * * //

dimensions      [0 0 0 0 1 0 0];

internalField   nonuniform 
100
(
(4 -5.703630593e-17 1.624202108e-17)
(4 -9.340523122e-17 2.031465013e-16)
(4 1.89600988e-17 2.830274389e-16)
(4 -2.118619467e-16 -5.969043062e-17)
(4 -1.124362965e-16 -6.146304258e-17)
(4 -4.195392294e-16 -9.385381912e-17)
(4 4.05910692e-16 3.81794699e-17)
(4 -2.914147416e-16 1.143522265e-16)
(4 8.606314144e-16 -7.747828849e-17)
(4 -1.355186338e-15 -1.290332805e-16)
(4 4.040894542e-16 -1.668594856e-16)
(4 1.217312191e-16 1.429227811e-16)
(4 8.360800846e-17 -4.915645187e-16)
(4 1.196092478e-15 1.310491249e-16)
(4 -9.420902039e-16 -2.472487395e-16)
(4 9.435789822e-16 -1.404348282e-17)
(4 -1.052698279e-15 1.514224526e-16)
(4 8.128144124e-16 -1.736547797e-16)
(4 -7.989187009e-16 1.358391478e-16)
(4 5.492968947e-16 -8.836627974e-17)
(4 -8.982220106e-17 6.823378368e-17)
(4 3.04013768e-17 -3.062396602e-18)
(4 -7.708929842e-17 3.065645686e-16)
(4 -2.292775291e-16 3.676315855e-17)
(4 -3.94335281e-18 1.550614171e-16)
(4 -1.717244481e-16 1.20768961e-16)
(4 9.867239318e-17 -4.205453706e-17)
(4 1.199311761e-17 6.149320778e-17)
(4 -4.764568242e-16 -6.198034369e-17)
(4 1.11092681e-15 1.399697231e-15)
(4 3.387208887e-14 1.817111554e-14)
(4 4.027644799e-13 2.131581572e-13)
(4 4.578243513e-12 2.348839889e-12)
(4 4.839583641e-11 2.385435634e-11)
(4 4.714586801e-10 2.220249357e-10)
(4.000000004 4.201593496e-09 1.878785238e-09)
(4.000000036 3.401429425e-08 1.434708839e-08)
(4.000000271 2.481805346e-07 9.784126368e-08)
(4.000001846 1.614041676e-06 5.874911718e-07)
(4.000011189 9.239510846e-06 3.064061286e-06)
(4.000059745 4.6087588e-05 1.375414877e-05)
(4.000279332 0.0001992252068 5.292829679e-05)
(4.001141461 0.0007455624337 0.00017459947)
(4.004083158 0.002420680102 0.0004948263074)
(4.012834558 0.006846289363 0.001208464272)
(4.035633855 0.01695084621 0.002550414686)
(4.087905564 0.03693543801 0.00465948722)
(4.193904932 0.0712040706 0.007366602714)
(4.384968757 0.1220647883 0.01003788791)
(4.692542332 0.1869821529 0.01165759986)
(5.136724459 0.2571039782 0.01122753289)
(5.714614966 0.3186886418 0.008315362842)
(6.394634909 0.357524965 0.00340269081)
(7.121082321 0.3643788943 -0.002238197854)
(7.828071189 0.3385592387 -0.007097246606)
(8.456968901 0.2877337584 -0.01007390544)
(8.969903744 0.2243796678 -0.01084780548)
(9.354624298 0.1610291877 -0.00982582228)
(9.620729609 0.1066555206 -0.007794060148)
(9.790927671 0.06537212147 -0.005527955072)
(9.891845058 0.03717528138 -0.003550584667)
(9.947455868 0.0196627406 -0.002083352337)
(9.976003093 0.009696058483 -0.001124034075)
(9.989685772 0.004467885516 -0.0005605177604)
(9.995822493 0.00192806852 -0.0002594476386)
(9.998403457 0.0007808733064 -0.0001118806861)
(9.999423453 0.000297418852 -4.509317866e-05)
(9.999802984 0.0001067451204 -1.703648864e-05)
(9.999936201 3.61702998e-05 -6.049444902e-06)
(9.999980394 1.159273539e-05 -2.0238635e-06)
(9.999994274 3.520691517e-06 -6.393933606e-07)
(9.999998408 1.014917984e-06 -1.911636968e-07)
(9.999999578 2.781778191e-07 -5.419621823e-08)
(9.999999893 7.26115933e-08 -1.459781037e-08)
(9.999999974 1.80784457e-08 -3.742389144e-09)
(9.999999994 4.29976343e-09 -9.147478942e-10)
(9.999999999 9.783362035e-10 -2.135324323e-10)
(10 2.132555973e-10 -4.767589574e-11)
(10 4.459842704e-11 -1.019777411e-11)
(10 8.956789303e-12 -2.094122735e-12)
(10 1.726760798e-12 -4.114614312e-13)
(10 3.206565958e-13 -7.825334298e-14)
(10 6.067793448e-14 -1.43163138e-14)
(10 1.174642128e-14 -3.063102008e-15)
(10 1.640297102e-15 -9.237177744e-16)
(10 -2.804634309e-16 2.909359475e-16)
(10 4.510780585e-17 -3.79975602e-17)
(10 9.721700361e-17 -1.50399101e-16)
(10 -3.380823133e-16 -2.007248378e-16)
(10 3.619456443e-16 -9.020016592e-17)
(10 3.301035464e-16 -2.552959807e-16)
(10 3.492222174e-16 -4.769448847e-16)
(10 -7.911651678e-17 -2.077957058e-16)
(10 3.254715452e-16 -2.50665022e-16)
(10 -2.142233643e-16 5.668241929e-18)
(10 -5.271642217e-17 -7.652386516e-16)
(10 -3.5606318e-16 1.013675379e-18)
(10 3.481387204e-16 1.905440708e-18)
(10 6.587695043e-17 -2.578550118e-16)
(10 -1.760248203e-15 3.882529767e-15)
)
;

boundaryField
{
    left
    {
        type            dirichlet;
        value           uniform (4 0 0);
    }
    right
    {
        type            dirichlet;
        value           uniform (4 0 0);
    }
    sides
    {
        type            empty;
    }
}


// ************************************************************************* //
