/*--------------------------------*- C++ -*----------------------------------*\
| =========                 |                                                 |
| \\      /  F ield         | foam-extend: Open Source CFD                    |
|  \\    /   O peration     | Version:     4.1                                |
|   \\  /    A nd           | Web:         http://www.foam-extend.org         |
|    \\/     M anipulation  |                                                 |
\*---------------------------------------------------------------------------*/
FoamFile
{
    version     2.0;
    format      ascii;
    class       cellScalarField;
    location    "31.2";
    object      T;
}
// * * * * * * * * * * * * * * * * * * * * * * * * * * * * * * * * * * * * * //

dimensions      [0 0 0 0 1 0 0];

internalField   nonuniform 
100
(
(4 -5.703630593e-17 1.624202108e-17)
(4 -2.553153449e-16 2.193062579e-16)
(4 5.602662226e-17 4.90848235e-17)
(4 1.053981899e-16 -9.004090522e-17)
(4 -1.724736104e-17 -3.514599597e-17)
(4 -3.047266488e-16 -2.528306214e-16)
(4 3.531995544e-16 -5.809302964e-17)
(4 -3.411107875e-16 9.052561598e-17)
(4 7.846454747e-16 1.832730732e-16)
(4 -1.309437241e-15 -7.46868366e-17)
(4 4.094528883e-16 1.436891731e-16)
(4 -3.456937654e-16 -1.753561413e-17)
(4 1.04761404e-15 3.703072095e-17)
(4 -4.478025399e-16 -3.217164002e-16)
(4 4.039726929e-16 -5.617004037e-17)
(4 -6.240340664e-17 6.826837885e-17)
(4 -3.508147503e-17 8.406277845e-17)
(4 -1.100041094e-16 -5.612094382e-17)
(4 3.496062482e-18 7.974445174e-17)
(4 1.371304931e-16 3.78880686e-17)
(4 -1.633924679e-16 1.806124076e-16)
(4 -1.440508319e-16 -1.039517875e-16)
(4 -1.333694015e-17 -1.528872301e-17)
(4 -1.232144915e-16 -2.936641222e-18)
(4 -1.330218403e-16 3.204395428e-17)
(4 -1.744096795e-16 -9.577309072e-17)
(4 2.410414837e-16 -1.11701885e-16)
(4 -1.053087581e-16 1.024814985e-16)
(4 -4.339623103e-16 5.721030719e-17)
(4 3.42279934e-16 -4.155751436e-17)
(4 -1.112309789e-16 -1.665585063e-16)
(4 2.515828907e-16 -1.397805603e-16)
(4 -1.532831338e-17 9.468483924e-17)
(4 -3.924216667e-16 -1.077404234e-16)
(4 9.105393529e-16 2.536613826e-18)
(4 -9.799987186e-16 4.311002381e-17)
(4 5.657594032e-16 8.422976427e-16)
(4 1.841516856e-14 1.040374316e-14)
(4 2.157920595e-13 1.087692339e-13)
(4 2.19635789e-12 1.06357883e-12)
(4 2.082067355e-11 9.694587747e-12)
(4 1.828688939e-10 8.142665533e-11)
(4.000000002 1.479105766e-09 6.265493777e-10)
(4.000000012 1.095145659e-08 4.385877135e-09)
(4.000000083 7.370774157e-08 2.769396747e-08)
(4.000000528 4.473251341e-07 1.562831022e-07)
(4.00000302 2.428707429e-06 7.817592516e-07)
(4.000015487 1.172453009e-05 3.446677049e-06)
(4.000070893 5.014597096e-05 1.335573558e-05)
(4.00028931 0.0001898277184 4.546488828e-05)
(4.001053265 0.0006366580536 0.0001361183511)
(4.003428435 0.001896323896 0.0003591264178)
(4.010010737 0.005032367374 0.0008368161684)
(4.02632484 0.01194161114 0.001725513468)
(4.062616269 0.02543490379 0.003152542919)
(4.135340692 0.04881099467 0.005103514355)
(4.267090135 0.08470845661 0.007305666685)
(4.483619212 0.1334119236 0.009195690791)
(4.807529764 0.1913309057 0.01004965987)
(5.24996367 0.250660754 0.009266086635)
(5.803427534 0.3008932296 0.006675751586)
(6.439319632 0.3319000654 0.002696829569)
(7.112146207 0.3373260146 -0.001777502531)
(7.769443404 0.3167076705 -0.005715148057)
(8.363761025 0.2753577786 -0.008328333342)
(8.862281898 0.2222183308 -0.009312649164)
(9.251076787 0.1668300896 -0.008853076107)
(9.533599614 0.1167636302 -0.00744402175)
(9.725275754 0.07634285407 -0.005649013582)
(9.846926666 0.04672088495 -0.003916109547)
(9.91928944 0.02681378136 -0.002500334146)
(9.959705892 0.01445781109 -0.001479081437)
(9.980938726 0.007336864066 -0.0008144246651)
(9.99144874 0.003510124336 -0.0004190029292)
(9.996358489 0.00158582619 -0.0002020599072)
(9.998526539 0.0006776483452 -9.159036439e-05)
(9.99943291 0.0002743105026 -3.912031742e-05)
(9.999792182 0.0001053472555 -1.578019604e-05)
(9.999927405 3.843979453e-05 -6.023848733e-06)
(9.999975801 1.334540744e-05 -2.180301702e-06)
(9.999992294 4.414421001e-06 -7.495755646e-07)
(9.999997653 1.393117809e-06 -2.451886821e-07)
(9.999999316 4.199896307e-07 -7.642970816e-08)
(9.999999809 1.211083921e-07 -2.273824729e-08)
(9.999999949 3.344470517e-08 -6.465621699e-09)
(9.999999987 8.855545728e-09 -1.759625176e-09)
(9.999999997 2.250815734e-09 -4.589419659e-10)
(9.999999999 5.497798494e-10 -1.148625288e-10)
(10 1.291914592e-10 -2.7618596e-11)
(10 2.923882619e-11 -6.38629304e-12)
(10 6.376734483e-12 -1.421858014e-12)
(10 1.340518306e-12 -3.058643731e-13)
(10 2.727471324e-13 -6.362036273e-14)
(10 5.061224848e-14 -1.136226588e-14)
(10 1.489142153e-14 -2.87643527e-15)
(10 3.369704621e-15 -1.676612795e-15)
(10 -1.099352228e-15 2.277903074e-16)
(10 6.439470118e-17 -4.736548204e-16)
(10 1.592097776e-16 -1.715174424e-16)
(10 -1.06053232e-15 4.220952065e-15)
)
;

boundaryField
{
    left
    {
        type            dirichlet;
        value           uniform (4 0 0);
    }
    right
    {
        type            dirichlet;
        value           uniform (4 0 0);
    }
    sides
    {
        type            empty;
    }
}


// ************************************************************************* //
