/*--------------------------------*- C++ -*----------------------------------*\
| =========                 |                                                 |
| \\      /  F ield         | foam-extend: Open Source CFD                    |
|  \\    /   O peration     | Version:     4.1                                |
|   \\  /    A nd           | Web:         http://www.foam-extend.org         |
|    \\/     M anipulation  |                                                 |
\*---------------------------------------------------------------------------*/
FoamFile
{
    version     2.0;
    format      ascii;
    class       cellScalarField;
    location    "33.9";
    object      T;
}
// * * * * * * * * * * * * * * * * * * * * * * * * * * * * * * * * * * * * * //

dimensions      [0 0 0 0 1 0 0];

internalField   nonuniform 
100
(
(4 -5.703630593e-17 1.624202108e-17)
(4 -3.583739197e-17 8.306228716e-17)
(4 -2.435118443e-16 -4.544120322e-17)
(4 1.116452251e-16 -4.590615119e-17)
(4 5.180485115e-17 1.494869269e-17)
(4 -2.135125368e-16 8.409968985e-17)
(4 2.143260993e-16 1.559549321e-16)
(4 -3.164220001e-16 -6.022949346e-17)
(4 9.321535528e-16 8.611827042e-18)
(4 -1.276239347e-15 -2.240169667e-16)
(4 3.707909708e-16 -1.317535538e-16)
(4 -3.075013319e-16 -5.163901094e-17)
(4 1.331284491e-15 -2.027457994e-16)
(4 -4.609885457e-16 -7.750308269e-17)
(4 7.49183526e-16 -7.536769611e-17)
(4 -5.47942393e-16 -1.826052901e-16)
(4 5.047178518e-16 3.138554994e-17)
(4 1.124596177e-17 -1.428823256e-16)
(4 -1.463769882e-16 -1.383606269e-17)
(4 -8.278893215e-17 2.367508619e-17)
(4 7.709054125e-17 2.759424156e-16)
(4 -2.780432601e-16 2.853543933e-17)
(4 5.607578865e-16 1.072563253e-16)
(4 -5.79108825e-16 2.611715209e-17)
(4 4.613174552e-16 5.674083106e-17)
(4 -2.964727512e-16 2.508564902e-16)
(4 -6.861879466e-17 3.812409227e-16)
(4 -2.20244532e-17 1.330750097e-16)
(4 -5.632632643e-16 4.100094131e-17)
(4 3.286451527e-16 1.150324203e-16)
(4 -1.406949769e-16 -1.764269661e-16)
(4 -2.035934189e-17 -1.284704596e-16)
(4 4.052477393e-17 1.861965991e-16)
(4 -4.729760215e-16 -2.248841266e-17)
(4 8.772033257e-16 1.065240766e-16)
(4 -9.182444829e-16 2.127266148e-16)
(4 5.219084055e-16 -4.972833676e-17)
(4 -3.673994873e-16 2.267472113e-16)
(4 4.862558586e-16 4.510108771e-17)
(4 -2.202169231e-16 -2.741793784e-17)
(4 -8.559902164e-17 1.833570206e-16)
(4 7.394959724e-15 4.403026142e-15)
(4 8.62039157e-14 4.299802591e-14)
(4 8.474717213e-13 4.010183359e-13)
(4 7.710982092e-12 3.514602182e-12)
(4 6.528322346e-11 2.849856744e-11)
(4.000000001 5.113043552e-10 2.128067331e-10)
(4.000000004 3.685136751e-09 1.454162145e-09)
(4.000000028 2.429363888e-08 9.029501404e-09)
(4.000000173 1.455296036e-07 5.057402061e-08)
(4.000000981 7.871917722e-07 2.538256449e-07)
(4.000005039 3.825287585e-06 1.136010803e-06)
(4.000023319 1.664535578e-05 4.521419235e-06)
(4.000097122 6.477439785e-05 1.598958508e-05)
(4.000364047 0.000225501349 5.026917188e-05)
(4.001229886 0.0007034209328 0.0001406950447)
(4.003753857 0.001970777844 0.0003512018353)
(4.010382931 0.004973470326 0.0007833168794)
(4.026115503 0.01134039845 0.001563489534)
(4.05995648 0.0234383249 0.002795335881)
(4.126133932 0.04404820825 0.004476232021)
(4.244140855 0.07550446535 0.006408660034)
(4.436583808 0.1183995516 0.008166034838)
(4.724397377 0.1703315447 0.009170266275)
(5.120219133 0.2254158651 0.008886944967)
(5.622073526 0.2751299968 0.007065196295)
(6.21010896 0.3104706108 0.003898066759)
(6.848350398 0.3246726374 3.167036558e-06)
(7.491457626 0.3153400867 -0.003782751472)
(8.094317354 0.2850640115 -0.006697892182)
(8.621135831 0.2403344468 -0.008297003809)
(9.051125348 0.1893404449 -0.008540073887)
(9.379532877 0.1396476127 -0.007717888253)
(9.614659396 0.09659705444 -0.006282103327)
(9.772736676 0.06277446084 -0.004672157021)
(9.872698944 0.03838951158 -0.003204273935)
(9.932250955 0.02212838249 -0.002039609315)
(9.965726105 0.01204115815 -0.001210824346)
(9.983507475 0.006194709707 -0.0006729900614)
(9.992445786 0.0030174516 -0.0003513313676)
(9.996703786 0.001393606015 -0.0001727396346)
(9.998628696 0.0006111051482 -8.018144703e-05)
(9.999455587 0.0002547693021 -3.521219445e-05)
(9.999793559 0.0001011105281 -1.465869744e-05)
(9.99992516 3.824822586e-05 -5.795077585e-06)
(9.999974037 1.380780273e-05 -2.179257093e-06)
(9.999991373 4.762716131e-06 -7.807666696e-07)
(9.999997252 1.571471035e-06 -2.668930787e-07)
(9.99999916 4.965591461e-07 -8.716918441e-08)
(9.999999753 1.50427383e-07 -2.723801546e-08)
(9.99999993 4.373608288e-08 -8.153160263e-09)
(9.999999981 1.221696327e-08 -2.340683038e-09)
(9.999999995 3.282003374e-09 -6.452557362e-10)
(9.999999999 8.487837434e-10 -1.709946478e-10)
(10 2.115201962e-10 -4.360756948e-11)
(10 5.084194742e-11 -1.07130346e-11)
(10 1.179492376e-11 -2.538828848e-12)
(10 2.645108476e-12 -5.799772265e-13)
(10 5.716660949e-13 -1.290959265e-13)
(10 1.170513376e-13 -2.363855683e-14)
)
;

boundaryField
{
    left
    {
        type            dirichlet;
        value           uniform (4 0 0);
    }
    right
    {
        type            dirichlet;
        value           uniform (4 0 0);
    }
    sides
    {
        type            empty;
    }
}


// ************************************************************************* //
