/*--------------------------------*- C++ -*----------------------------------*\
| =========                 |                                                 |
| \\      /  F ield         | foam-extend: Open Source CFD                    |
|  \\    /   O peration     | Version:     4.1                                |
|   \\  /    A nd           | Web:         http://www.foam-extend.org         |
|    \\/     M anipulation  |                                                 |
\*---------------------------------------------------------------------------*/
FoamFile
{
    version     2.0;
    format      ascii;
    class       cellScalarField;
    location    "4.7";
    object      T;
}
// * * * * * * * * * * * * * * * * * * * * * * * * * * * * * * * * * * * * * //

dimensions      [0 0 0 0 1 0 0];

internalField   nonuniform 
100
(
(4 -6.719324651e-10 1.132442626e-10)
(4.000000024 4.604085312e-08 6.274869875e-09)
(3.999999891 -5.611674811e-07 2.029138052e-07)
(4.000016367 2.953194876e-05 1.665486369e-05)
(4.000246822 0.0001831243422 9.09260196e-05)
(4.003943191 0.005409387355 0.004345299516)
(4.070843541 0.07988477156 0.03088393552)
(4.482589333 0.3651421534 0.06758686711)
(5.614103845 0.7552535646 0.04411222469)
(7.2767176 0.848477174 -0.02720125927)
(8.735012177 0.5787867727 -0.05815422202)
(9.561353395 0.2603092972 -0.03997000869)
(9.88402224 0.08261486262 -0.01612642204)
(9.975882715 0.01961143806 -0.004474764125)
(9.995924355 0.003658518332 -0.0009312819005)
(9.999423046 0.0005587223609 -0.0001541779303)
(9.999929763 7.220263306e-05 -2.119606118e-05)
(9.999992483 8.107564923e-06 -2.49947358e-06)
(9.99999928 8.080192743e-07 -2.591926553e-07)
(9.999999937 7.270305036e-08 -2.410120448e-08)
(9.999999995 5.987998151e-09 -2.040862595e-09)
(10 4.565735954e-10 -1.593509039e-10)
(10 3.253072555e-11 -1.158964429e-11)
(10 2.180864327e-12 -7.920247666e-13)
(10 1.39913233e-13 -5.185343937e-14)
(10 6.884007618e-15 -2.011897695e-15)
(10 -1.536305219e-15 2.106065724e-16)
(10 1.285338753e-15 5.036390715e-16)
(10 -1.876284736e-15 3.481821449e-16)
(10 5.556734339e-16 -7.751533129e-16)
(10 1.546920327e-16 -6.829749216e-17)
(10 -2.301543438e-16 2.831706637e-16)
(10 2.468981866e-16 -5.621982824e-16)
(10 -3.765987556e-17 -1.828485523e-16)
(10 1.016671022e-16 3.582876659e-16)
(10 -2.057259336e-16 5.982302716e-16)
(10 -2.651729021e-16 2.454608073e-17)
(10 -1.540179681e-16 5.030351224e-17)
(10 -3.405800277e-16 4.098751271e-16)
(10 2.279628567e-17 1.218824616e-16)
(10 -2.649686367e-16 2.453198505e-16)
(10 -1.894145409e-17 4.265472996e-17)
(10 -2.350597153e-17 1.461799514e-16)
(10 -4.54259239e-16 -9.928045786e-17)
(10 -1.210248154e-18 -3.765913057e-16)
(10 1.093612822e-16 -2.476806326e-16)
(10 8.523293909e-17 -4.060719251e-16)
(10 -5.817897996e-17 -2.008818928e-16)
(10 3.82304655e-17 2.275369465e-16)
(10 -1.685932662e-17 -1.087825639e-17)
(10 2.413900432e-16 1.962281516e-16)
(10 -2.66512645e-16 -2.695542951e-17)
(10 1.364883093e-16 1.74959894e-17)
(10 -2.188385326e-16 5.564619606e-16)
(10 -1.000862168e-15 5.078880458e-16)
(10 1.354184939e-16 -7.673887638e-17)
(10 4.236895964e-18 -2.400961834e-18)
(10 1.325615644e-19 -7.511991314e-20)
(10 4.147509993e-21 -2.350308642e-21)
(10 1.297649075e-22 -7.353510516e-23)
(10 4.060009799e-24 -2.300724081e-24)
(10 1.270272517e-25 -7.198373192e-26)
(10 3.974355599e-27 -2.252185607e-27)
(10 1.243473523e-28 -7.046508804e-29)
(10 3.890508449e-30 -2.204671151e-30)
(10 1.217239909e-31 -6.897848306e-32)
(10 3.808430225e-33 -2.158159109e-33)
(10 1.191559747e-34 -6.752324104e-35)
(10 3.728083609e-36 -2.112628333e-36)
(10 1.166421359e-37 -6.609870033e-38)
(10 3.649432069e-39 -2.068058123e-39)
(10 1.141813318e-40 -6.470421321e-41)
(10 3.572439844e-42 -2.024428212e-42)
(10 1.117724433e-43 -6.333914564e-44)
(10 3.497071927e-45 -1.981718763e-45)
(10 1.094143753e-46 -6.200287697e-47)
(10 3.42329405e-48 -1.939910357e-48)
(10 1.071060555e-49 -6.069479961e-50)
(10 3.351072669e-51 -1.898983985e-51)
(10 1.048464345e-52 -5.941431881e-53)
(10 3.280374945e-54 -1.858921038e-54)
(10 1.026344847e-55 -5.816085238e-56)
(10 3.211168734e-57 -1.819703301e-57)
(10 1.004692006e-58 -5.693383038e-59)
(10 3.143422569e-60 -1.781312942e-60)
(10 9.834959756e-62 -5.573269491e-62)
(10 3.077105648e-63 -1.743732507e-63)
(10 9.627471188e-65 -5.455689985e-65)
(10 3.012187818e-66 -1.706944907e-66)
(10 9.424360014e-68 -5.340591059e-68)
(10 2.948639562e-69 -1.670933417e-69)
(10 9.225533886e-71 -5.22792038e-71)
(10 2.886431987e-72 -1.635681663e-72)
(10 9.030902402e-74 -5.117626719e-74)
(10 2.825536807e-75 -1.601173617e-75)
(10 8.840377066e-77 -5.009659929e-77)
(10 2.765926336e-78 -1.567393588e-78)
(10 8.653871251e-80 -4.903970918e-80)
(10 2.707573469e-81 -1.534326218e-81)
(10 -1.803787511e-15 3.926314642e-15)
)
;

boundaryField
{
    left
    {
        type            dirichlet;
        value           uniform (4 0 0);
    }
    right
    {
        type            dirichlet;
        value           uniform (4 0 0);
    }
    sides
    {
        type            empty;
    }
}


// ************************************************************************* //
