/*--------------------------------*- C++ -*----------------------------------*\
| =========                 |                                                 |
| \\      /  F ield         | foam-extend: Open Source CFD                    |
|  \\    /   O peration     | Version:     4.1                                |
|   \\  /    A nd           | Web:         http://www.foam-extend.org         |
|    \\/     M anipulation  |                                                 |
\*---------------------------------------------------------------------------*/
FoamFile
{
    version     2.0;
    format      ascii;
    class       cellScalarField;
    location    "37.9";
    object      T;
}
// * * * * * * * * * * * * * * * * * * * * * * * * * * * * * * * * * * * * * //

dimensions      [0 0 0 0 1 0 0];

internalField   nonuniform 
100
(
(4 -5.703630593e-17 1.624202108e-17)
(4 -4.379571291e-17 -1.163327838e-16)
(4 -7.236388839e-17 2.703984874e-17)
(4 2.252933558e-16 -9.964392509e-17)
(4 -1.925109777e-16 3.02694996e-16)
(4 -4.375972902e-16 -1.274213889e-16)
(4 4.970284579e-16 -6.179219319e-17)
(4 -4.853635852e-16 1.168512952e-16)
(4 9.000598327e-16 -1.323832459e-16)
(4 -1.342867327e-15 -9.024272114e-17)
(4 6.18991802e-17 1.210568356e-16)
(4 -1.488887951e-16 -7.382007524e-17)
(4 1.131867278e-15 2.655025743e-17)
(4 -5.331899701e-16 -4.641866189e-17)
(4 4.552963988e-16 -1.172286474e-17)
(4 -5.521156451e-16 4.367762949e-16)
(4 2.338864538e-16 -2.078036342e-16)
(4 -2.149962254e-17 -5.719696667e-17)
(4 1.021004322e-16 1.65181793e-16)
(4 -2.203290288e-16 -4.228126259e-17)
(4 6.323073345e-16 2.712573158e-16)
(4 -6.995707821e-16 2.568935487e-16)
(4 6.999114234e-16 5.141196241e-17)
(4 -1.02538358e-15 -4.158572741e-17)
(4 7.475169712e-16 4.838994417e-17)
(4 -8.538035303e-16 -4.439947691e-17)
(4 5.527843692e-16 -1.99018529e-16)
(4 -6.876253948e-16 3.022863864e-16)
(4 -2.206412998e-16 -3.130442794e-16)
(4 -5.518326355e-17 -4.811172237e-17)
(4 8.438219751e-16 7.495380955e-17)
(4 -1.091071332e-15 -4.545867257e-17)
(4 8.878151296e-16 -1.096356421e-16)
(4 -1.379909254e-15 -1.722566578e-16)
(4 1.751980994e-15 -3.484085093e-17)
(4 -1.701058676e-15 -4.507336534e-17)
(4 1.265829362e-15 -1.437635683e-17)
(4 -9.110918238e-16 4.14550102e-16)
(4 7.126873608e-16 7.087306861e-17)
(4 -1.181601865e-16 -2.709429975e-18)
(4 -8.173763089e-17 2.202229438e-17)
(4 1.13354543e-17 -2.363860399e-16)
(4 -8.733652116e-18 -1.738789605e-16)
(4 -7.897223504e-17 1.799438937e-16)
(4 -2.460499894e-16 7.324612205e-17)
(4 8.16333244e-16 -1.09100888e-16)
(4 -7.500082583e-16 1.781696086e-16)
(4 9.263703677e-16 1.41869164e-15)
(4 2.444931098e-14 1.263664274e-14)
(4 2.336295447e-13 1.076159666e-13)
(4 2.019862686e-12 8.927131876e-13)
(4 1.623367692e-11 6.886699195e-12)
(4 1.214555989e-10 4.926675311e-11)
(4.000000001 8.417327254e-10 3.248526192e-10)
(4.000000006 5.376855963e-09 1.963856045e-09)
(4.000000038 3.149998738e-08 1.082538132e-08)
(4.000000211 1.684513192e-07 5.414537356e-08)
(4.00000108 8.190961833e-07 2.448090188e-07)
(4.000005027 3.611865946e-06 9.981664955e-07)
(4.00002131 1.442373294e-05 3.66628438e-06)
(4.000082203 5.215661411e-05 1.213128646e-05)
(4.000288756 0.0001709167677 3.619031483e-05)
(4.000925082 0.0005083581714 9.74621592e-05)
(4.002708584 0.001375112075 0.000237292077)
(4.007266144 0.003390697588 0.0005230877699)
(4.017909068 0.007639919704 0.001045343752)
(4.040675992 0.01576987535 0.001895422527)
(4.085397483 0.02989478254 0.003118861685)
(4.166258394 0.05217439008 0.00465333369)
(4.301151087 0.08403301543 0.006279645987)
(4.509240608 0.1251905613 0.00762478613)
(4.806730461 0.1728943999 0.008243344084)
(5.201700891 0.2218177138 0.007765667767)
(5.689678643 0.2649086617 0.006056412629)
(6.25177957 0.2950675154 0.003306237751)
(6.856574539 0.3070977423 2.336829858e-06)
(7.465479114 0.2991801091 -0.003218381276)
(8.040090264 0.2732933308 -0.005770553686)
(8.549175112 0.2344637025 -0.007288993026)
(8.973284821 0.1892148932 -0.007700585463)
(9.306016197 0.1438552646 -0.007187449135)
(9.552205475 0.1031861012 -0.006077885716)
(9.724239804 0.06992849851 -0.004722360338)
(9.837929841 0.04483499752 -0.003401427602)
(9.909077896 0.02723225769 -0.002285296313)
(9.951295304 0.01568952368 -0.00143879286)
(9.97507719 0.008584897566 -0.0008519095239)
(9.98781076 0.004466670607 -0.0004757824626)
(9.994298773 0.002212411185 -0.0002512616555)
(9.99744816 0.001044423842 -0.0001257441604)
(9.998906218 0.0004704349431 -5.974869431e-05)
(9.999550725 0.0002023972699 -2.700237763e-05)
(9.999823023 8.326271082e-05 -1.162515445e-05)
(9.999933093 3.278569598e-05 -4.774823282e-06)
(9.999975705 1.236922305e-05 -1.873588165e-06)
(9.999991521 4.475589069e-06 -7.032507335e-07)
(9.999997153 1.554616041e-06 -2.528111513e-07)
(9.99999908 5.188797445e-07 -8.714386645e-08)
(9.999999713 1.665623133e-07 -2.883457544e-08)
(9.999999914 5.146827795e-08 -9.1682708e-09)
)
;

boundaryField
{
    left
    {
        type            dirichlet;
        value           uniform (4 0 0);
    }
    right
    {
        type            dirichlet;
        value           uniform (4 0 0);
    }
    sides
    {
        type            empty;
    }
}


// ************************************************************************* //
