/*--------------------------------*- C++ -*----------------------------------*\
| =========                 |                                                 |
| \\      /  F ield         | foam-extend: Open Source CFD                    |
|  \\    /   O peration     | Version:     4.1                                |
|   \\  /    A nd           | Web:         http://www.foam-extend.org         |
|    \\/     M anipulation  |                                                 |
\*---------------------------------------------------------------------------*/
FoamFile
{
    version     2.0;
    format      ascii;
    class       cellScalarField;
    location    "48.8";
    object      T;
}
// * * * * * * * * * * * * * * * * * * * * * * * * * * * * * * * * * * * * * //

dimensions      [0 0 0 0 1 0 0];

internalField   nonuniform 
100
(
(4 -5.703630593e-17 1.624202108e-17)
(4 -6.246541914e-17 4.112517909e-17)
(4 6.027059996e-17 -4.943915472e-17)
(4 -6.824507531e-17 -1.093854149e-17)
(4 4.830923865e-17 -3.554872815e-17)
(4 -4.544084633e-16 -3.434244202e-17)
(4 4.353128338e-16 1.252345627e-16)
(4 -5.203466885e-16 9.8628857e-17)
(4 7.986055609e-16 3.758360623e-17)
(4 -1.282375824e-15 -2.602533471e-16)
(4 3.924226554e-16 -1.73318619e-17)
(4 -3.424557213e-16 6.092305932e-17)
(4 9.852157364e-16 -1.04618211e-16)
(4 -6.236546374e-16 2.033530657e-16)
(4 1.36031492e-16 -8.125506464e-17)
(4 8.241710903e-17 -1.248419605e-16)
(4 1.098981258e-16 2.067596073e-17)
(4 3.140256389e-17 -1.194105937e-16)
(4 5.403431269e-17 9.276260942e-17)
(4 -2.035028051e-16 -1.550493197e-16)
(4 2.142765137e-16 -8.668330494e-17)
(4 -1.498891997e-16 -3.728061927e-17)
(4 1.52410367e-16 2.318163661e-17)
(4 1.107439114e-16 6.884454423e-17)
(4 -9.847828922e-17 9.007889966e-17)
(4 -3.772024398e-17 1.614200128e-16)
(4 -1.235084637e-17 2.023968556e-17)
(4 -6.011259548e-17 3.101526496e-17)
(4 -3.933395234e-16 1.292530851e-16)
(4 4.092261413e-16 -1.285168887e-16)
(4 4.825678487e-17 -1.010908218e-16)
(4 4.574108991e-17 7.785983719e-18)
(4 -5.55373718e-17 -8.988491099e-17)
(4 -2.982299144e-16 -5.197560332e-17)
(4 2.966197476e-16 -6.797627927e-18)
(4 -4.398211977e-16 -1.227610538e-16)
(4 9.840953931e-16 -4.471236719e-17)
(4 -8.640410913e-16 1.280678828e-16)
(4 3.217854053e-16 4.754151391e-17)
(4 8.400660746e-17 -1.352928785e-16)
(4 -1.256742761e-16 -4.576790146e-17)
(4 -1.06707681e-16 5.584639068e-18)
(4 -1.819974876e-17 -2.551915369e-17)
(4 8.706835374e-18 1.752094138e-16)
(4 -4.861643542e-16 -4.278910165e-17)
(4 8.055080381e-16 -5.165199039e-17)
(4 -9.079741295e-16 1.063536238e-16)
(4 8.987289627e-16 -2.527006583e-17)
(4 -9.919445732e-16 -6.412181357e-17)
(4 5.774784545e-16 3.840432049e-17)
(4 -7.152451322e-17 -1.100992495e-16)
(4 -5.562082065e-17 3.800465869e-17)
(4 9.845494189e-17 -6.798888273e-17)
(4 -5.745314623e-18 -9.423470262e-17)
(4 -4.124047832e-17 1.45272783e-16)
(4 2.548837647e-16 -1.428008419e-16)
(4 5.95672303e-17 8.942388774e-17)
(4 -6.590354648e-17 6.111162486e-17)
(4 3.140548172e-17 -1.571755131e-16)
(4 8.473389459e-18 -1.53695606e-17)
(4 -1.273038717e-16 -3.691694077e-17)
(4 1.211947238e-16 -1.952111364e-16)
(4 -4.688170882e-17 -1.483300649e-16)
(4 2.312167571e-17 -1.50331345e-16)
(4 2.706692213e-16 2.670922018e-16)
(4 2.450914514e-15 8.525434424e-16)
(4 2.185855417e-14 1.002115377e-14)
(4 1.672806539e-13 6.828975997e-14)
(4 1.171040951e-12 4.564481431e-13)
(4 7.690615883e-12 2.885401609e-12)
(4 4.736075724e-11 1.699934835e-11)
(4 2.72611709e-10 9.334344998e-11)
(4.000000002 1.463259596e-09 4.762820803e-10)
(4.00000001 7.307359351e-09 2.253211836e-09)
(4.000000046 3.388976523e-08 9.865553776e-09)
(4.000000206 1.457737489e-07 3.992978652e-08)
(4.000000862 5.811196745e-07 1.492935049e-07)
(4.000003347 2.146479381e-06 5.155605957e-07)
(4.000012081 7.347876187e-06 1.644810756e-06)
(4.00004056 2.332572771e-05 4.850494965e-06)
(4.000126787 6.872908148e-05 1.323180849e-05)
(4.000369443 0.0001881775491 3.341944968e-05)
(4.001004906 0.0004793742648 7.822240926e-05)
(4.002555532 0.001137793472 0.0001698283376)
(4.006086094 0.002519778328 0.0003422889519)
(4.013597472 0.005214492623 0.0006408663312)
(4.028551554 0.01009846241 0.001115112821)
(4.056450504 0.01832859579 0.001803366814)
(4.105295471 0.0312219924 0.002709499616)
(4.18565913 0.04998759796 0.003777899491)
(4.310081143 0.0753235451 0.004877669834)
(4.491593438 0.1069658769 0.00580839487)
(4.7414225 0.1433398678 0.006334771894)
(5.066246042 0.1814843343 0.006246172906)
(5.465677311 0.2173637075 0.005424185916)
(5.930762163 0.2465577622 0.003893313374)
(6.444104549 0.2651706003 0.001832759944)
(6.981804944 0.2706963434 -0.0004591243966)
(7.516850026 0.2625728127 -0.002637533208)
(8.023142376 0.2422551474 -0.004396125532)
)
;

boundaryField
{
    left
    {
        type            dirichlet;
        value           uniform (4 0 0);
    }
    right
    {
        type            dirichlet;
        value           uniform (4 0 0);
    }
    sides
    {
        type            empty;
    }
}


// ************************************************************************* //
