/*--------------------------------*- C++ -*----------------------------------*\
| =========                 |                                                 |
| \\      /  F ield         | foam-extend: Open Source CFD                    |
|  \\    /   O peration     | Version:     4.1                                |
|   \\  /    A nd           | Web:         http://www.foam-extend.org         |
|    \\/     M anipulation  |                                                 |
\*---------------------------------------------------------------------------*/
FoamFile
{
    version     2.0;
    format      ascii;
    class       cellScalarField;
    location    "31.8";
    object      T;
}
// * * * * * * * * * * * * * * * * * * * * * * * * * * * * * * * * * * * * * //

dimensions      [0 0 0 0 1 0 0];

internalField   nonuniform 
100
(
(4 -5.703630593e-17 1.624202108e-17)
(4 -9.795813568e-17 -1.695720442e-17)
(4 7.263673203e-17 6.819287526e-17)
(4 -1.556717966e-16 5.212306336e-19)
(4 1.25677254e-16 8.072660879e-17)
(4 -5.445695107e-16 8.201634659e-19)
(4 5.538387888e-16 -5.17740424e-17)
(4 -4.425971875e-16 -2.416678287e-16)
(4 9.596119533e-16 1.27188183e-16)
(4 -1.520388386e-15 7.707486185e-17)
(4 2.850627889e-16 -1.44771881e-16)
(4 9.119763834e-17 -1.82665665e-16)
(4 1.007102203e-15 1.44509527e-17)
(4 -6.334978809e-16 -4.40448081e-16)
(4 6.40699312e-16 -2.789765028e-16)
(4 -7.3430719e-16 2.984630974e-18)
(4 7.372899483e-16 1.119974285e-17)
(4 -6.794796017e-16 1.590042684e-16)
(4 2.405511122e-16 1.060707364e-16)
(4 6.793073695e-17 -1.175050165e-17)
(4 -9.954242299e-17 -1.014225669e-16)
(4 1.461208018e-16 -2.883845779e-18)
(4 -1.15856769e-16 2.281629533e-17)
(4 1.358940195e-16 -1.036632258e-17)
(4 5.86667794e-17 2.842540002e-16)
(4 -4.806948062e-17 -2.683939076e-17)
(4 -8.834213591e-17 2.303507781e-17)
(4 -2.031007639e-16 -4.208217115e-17)
(4 -1.8160717e-16 1.109846887e-16)
(4 2.073291812e-16 3.147204277e-18)
(4 1.204183824e-16 6.46636478e-17)
(4 1.517069476e-16 3.076338563e-17)
(4 -5.159874926e-17 1.615977498e-16)
(4 -5.175252059e-16 -1.790512807e-16)
(4 1.159129148e-15 -2.203660734e-16)
(4 -9.095612155e-16 -3.219277331e-17)
(4 3.487792597e-16 -1.349856101e-16)
(4 4.554413217e-16 1.375376827e-15)
(4 1.990449674e-14 1.085096605e-14)
(4 2.292212348e-13 1.14183662e-13)
(4 2.292834995e-12 1.0995249e-12)
(4 2.134725385e-11 9.844725456e-12)
(4 1.842714207e-10 8.124820794e-11)
(4.000000002 1.465414883e-09 6.14592109e-10)
(4.000000012 1.067323246e-08 4.231584074e-09)
(4.00000008 7.070816242e-08 2.630086911e-08)
(4.000000502 4.227875917e-07 1.462772201e-07)
(4.000002836 2.264889119e-06 7.224763997e-07)
(4.000014368 1.080906315e-05 3.152523544e-06)
(4.000065128 4.580875715e-05 1.212209637e-05)
(4.000263749 0.0001722502587 4.106065873e-05)
(4.000954985 0.0005752618051 0.00012265478)
(4.003098321 0.001710267924 0.0003237261191)
(4.009035476 0.004540362102 0.0007565389821)
(4.02377477 0.01080077325 0.001568468535)
(4.056680772 0.02310658832 0.002888456705)
(4.122977469 0.04461834745 0.0047257283)
(4.243933198 0.07804233411 0.006857201848)
(4.444441633 0.1240709079 0.008781675691)
(4.747415381 0.1798656157 0.009817637743)
(5.165990035 0.2385114419 0.009351444036)
(5.696263522 0.2901533341 0.007134840816)
(6.313974698 0.3247213794 0.003465967858)
(6.977364091 0.3352003982 -0.0008688867574)
(7.635827567 0.3199604348 -0.004880465429)
(8.241315562 0.2830877866 -0.007742763923)
(8.758294599 0.2326836427 -0.00905662619)
(9.169040391 0.1780628079 -0.008903299855)
(9.473342863 0.1271293621 -0.007706141288)
(9.683979027 0.08484959764 -0.006007079405)
(9.820464062 0.05304169323 -0.004273388553)
(9.903403418 0.03111359511 -0.002798627081)
(9.950754559 0.01715620896 -0.001697845773)
(9.976195836 0.008907944345 -0.000958775159)
(9.989081482 0.004362554564 -0.0005059211716)
(9.995243598 0.002018415919 -0.0002502693364)
(9.998030271 0.0008836178368 -0.0001163887921)
(9.999223795 0.0003665721765 -5.101210483e-05)
(9.999708639 0.0001443223326 -2.111870706e-05)
(9.999895714 5.400150963e-05 -8.275297823e-06)
(9.99996437 1.922994994e-05 -3.075002958e-06)
(9.999988368 6.525815765e-06 -1.085478953e-06)
(9.999996367 2.113216059e-06 -3.646140118e-07)
(9.999998914 6.538189763e-07 -1.167249907e-07)
(9.999999689 1.935139343e-07 -3.56665235e-08)
(9.999999914 5.485668798e-08 -1.041697063e-08)
(9.999999977 1.491132732e-08 -2.912028113e-09)
(9.999999994 3.891032524e-09 -7.801677567e-10)
(9.999999999 9.757821481e-10 -2.00566413e-10)
(10 2.354237172e-10 -4.953768446e-11)
(10 5.470023522e-11 -1.176749628e-11)
(10 1.225353725e-11 -2.692656027e-12)
(10 2.646653417e-12 -5.934384697e-13)
(10 5.528437844e-13 -1.257055833e-13)
(10 1.063562816e-13 -2.565042044e-14)
(10 2.56186786e-14 -4.042153497e-15)
(10 9.060981762e-15 -2.752326335e-15)
(10 -2.370358354e-16 -6.481050267e-16)
(10 1.822484994e-16 1.146709627e-17)
(10 -8.547049294e-16 2.5887262e-15)
)
;

boundaryField
{
    left
    {
        type            dirichlet;
        value           uniform (4 0 0);
    }
    right
    {
        type            dirichlet;
        value           uniform (4 0 0);
    }
    sides
    {
        type            empty;
    }
}


// ************************************************************************* //
