/*--------------------------------*- C++ -*----------------------------------*\
| =========                 |                                                 |
| \\      /  F ield         | foam-extend: Open Source CFD                    |
|  \\    /   O peration     | Version:     4.1                                |
|   \\  /    A nd           | Web:         http://www.foam-extend.org         |
|    \\/     M anipulation  |                                                 |
\*---------------------------------------------------------------------------*/
FoamFile
{
    version     2.0;
    format      ascii;
    class       cellScalarField;
    location    "28.5";
    object      T;
}
// * * * * * * * * * * * * * * * * * * * * * * * * * * * * * * * * * * * * * //

dimensions      [0 0 0 0 1 0 0];

internalField   nonuniform 
100
(
(4 -5.703630593e-17 1.624202108e-17)
(4 -2.133094228e-16 1.671413889e-16)
(4 -1.98395133e-16 -5.463044817e-17)
(4 -7.911975584e-17 1.132481703e-16)
(4 -1.41976794e-16 -3.696253e-17)
(4 -4.683679119e-16 -1.108730409e-16)
(4 4.234338968e-16 1.465804401e-16)
(4 -4.078172546e-16 1.722532169e-16)
(4 8.216279416e-16 1.090138372e-16)
(4 -1.160921968e-15 -1.794393007e-16)
(4 -3.659379591e-17 -1.318069039e-17)
(4 3.331465242e-16 8.217804438e-17)
(4 3.701017688e-16 -9.71134954e-17)
(4 2.350947511e-17 5.370128525e-17)
(4 -4.996203953e-17 1.319886934e-16)
(4 -3.686015903e-17 1.524051541e-16)
(4 -2.589080437e-17 2.492776327e-17)
(4 -1.481384525e-16 4.353183715e-17)
(4 -4.188336331e-17 4.915412073e-17)
(4 -8.356545439e-17 -6.728912129e-17)
(4 -9.64583337e-17 -2.67405783e-16)
(4 8.396131234e-16 1.089359908e-16)
(4 -7.351034332e-16 -2.139949003e-16)
(4 8.236015265e-16 1.257999366e-16)
(4 -7.175903867e-16 -2.389128412e-17)
(4 7.429630728e-16 1.138071013e-17)
(4 -1.047402862e-15 -4.174930893e-17)
(4 1.002631049e-15 -4.266931095e-16)
(4 -7.645596051e-16 2.948238733e-16)
(4 5.071292689e-16 1.792050796e-17)
(4 8.231918288e-17 1.153974316e-16)
(4 5.638469025e-17 -7.442920755e-17)
(4 2.571307854e-15 1.802055883e-15)
(4 4.424949715e-14 2.458944953e-14)
(4 5.203651578e-13 2.678384589e-13)
(4 5.554309251e-12 2.759896239e-12)
(4 5.518543248e-11 2.632735767e-11)
(4.000000001 5.057331827e-10 2.30329866e-10)
(4.000000004 4.246147593e-09 1.835468638e-09)
(4.000000035 3.244592764e-08 1.322066532e-08)
(4.00000025 2.23818279e-07 8.518513606e-08)
(4.000001616 1.379757007e-06 4.851382496e-07)
(4.000009331 7.52473013e-06 2.416744411e-06)
(4.00004776 3.603231608e-05 1.046086611e-05)
(4.000215748 0.0001509207054 3.923690916e-05)
(4.000859293 0.0005526776588 0.0001275582358)
(4.003022227 0.001773085392 0.0003601234714)
(4.0094181 0.005000767659 0.0008852466856)
(4.026121252 0.0124521611 0.001899510481)
(4.064810293 0.02750048959 0.003564039961)
(4.14464231 0.05411584803 0.00584890697)
(4.292027174 0.09531144188 0.008375702916)
(4.53650364 0.1508914444 0.01039271172)
(4.902322 0.2155988618 0.01098940895)
(5.397978746 0.279095102 0.009508973331)
(6.008265278 0.3285075524 0.005942015186)
(6.693415277 0.3527748579 0.001039787779)
(7.397000114 0.3467340798 -0.003958914053)
(8.059873998 0.3128622015 -0.007842545373)
(8.634473742 0.2599017893 -0.009890155847)
(9.093983534 0.1993171772 -0.01005031658)
(9.433873181 0.1414760841 -0.008802634214)
(9.666984595 0.0931744949 -0.006846431671)
(9.815576289 0.05707076788 -0.004807458149)
(9.903805498 0.03258503353 -0.003079999317)
(9.952711324 0.01738030156 -0.00181385748)
(9.978071244 0.008678463129 -0.0009874785673)
(9.990398057 0.004064937169 -0.0004992212076)
(9.996025561 0.001789530519 -0.0002352588312)
(9.998443036 0.0007418548242 -0.0001036831864)
(9.999422031 0.0002901260344 -4.285863756e-05)
(9.999796435 0.0001072285297 -1.665981775e-05)
(9.999931887 3.751746116e-05 -6.104377425e-06)
(9.99997832 1.24473297e-05 -2.113056944e-06)
(9.999993428 3.922259634e-06 -6.924282644e-07)
(9.9999981 1.175682006e-06 -2.15215134e-07)
(9.999999475 3.357311996e-07 -6.356221159e-08)
(9.999999862 9.146949306e-08 -1.786923073e-08)
(9.999999965 2.380992823e-08 -4.789710858e-09)
(9.999999992 5.929690969e-09 -1.226004941e-09)
(9.999999998 1.414732462e-09 -3.001270385e-10)
(10 3.237718409e-10 -7.036606231e-11)
(10 7.116544351e-11 -1.582494152e-11)
(10 1.504222291e-11 -3.418362248e-12)
(10 3.057065325e-12 -7.09888874e-13)
(10 6.018995557e-13 -1.412969512e-13)
(10 1.149895928e-13 -2.805621676e-14)
(10 1.955837294e-14 -3.724292063e-15)
(10 8.23557476e-15 -2.519108996e-15)
(10 9.451146191e-17 2.180243705e-16)
(10 1.406310051e-16 3.193817528e-17)
(10 9.795671518e-18 4.228533436e-16)
(10 2.374188684e-16 -1.983633687e-16)
(10 -2.059419935e-16 -1.580904728e-16)
(10 -8.9171343e-17 -7.043801543e-16)
(10 5.319179418e-16 -8.193056811e-16)
(10 4.814885825e-17 -6.59192724e-16)
(10 1.076932033e-16 -2.776476686e-16)
(10 2.097686372e-17 -9.101636346e-17)
(10 -1.558821654e-15 4.467865015e-15)
)
;

boundaryField
{
    left
    {
        type            dirichlet;
        value           uniform (4 0 0);
    }
    right
    {
        type            dirichlet;
        value           uniform (4 0 0);
    }
    sides
    {
        type            empty;
    }
}


// ************************************************************************* //
