/*--------------------------------*- C++ -*----------------------------------*\
| =========                 |                                                 |
| \\      /  F ield         | foam-extend: Open Source CFD                    |
|  \\    /   O peration     | Version:     4.1                                |
|   \\  /    A nd           | Web:         http://www.foam-extend.org         |
|    \\/     M anipulation  |                                                 |
\*---------------------------------------------------------------------------*/
FoamFile
{
    version     2.0;
    format      ascii;
    class       cellScalarField;
    location    "33.2";
    object      T;
}
// * * * * * * * * * * * * * * * * * * * * * * * * * * * * * * * * * * * * * //

dimensions      [0 0 0 0 1 0 0];

internalField   nonuniform 
100
(
(4 -5.703630593e-17 1.624202108e-17)
(4 -5.358688101e-17 -5.348441072e-17)
(4 -1.989018906e-16 -2.521599393e-17)
(4 1.586946299e-17 4.099527283e-17)
(4 -5.737742616e-17 -1.130243097e-16)
(4 -4.332503856e-16 1.210704662e-16)
(4 4.488399564e-16 8.41466592e-18)
(4 -4.530881951e-16 -4.457535915e-17)
(4 7.817517073e-16 1.256885101e-17)
(4 -1.308784496e-15 1.14057695e-17)
(4 4.205973138e-16 -5.151333709e-17)
(4 -3.884938793e-16 4.973494065e-17)
(4 9.434143933e-16 -9.037339352e-17)
(4 -4.932240096e-16 -8.949027123e-17)
(4 4.916105016e-16 -9.128266024e-17)
(4 -1.048228927e-16 1.235566205e-16)
(4 9.905672744e-17 -4.617968764e-17)
(4 9.903887411e-17 -1.492212244e-16)
(4 9.119401995e-17 3.182452848e-16)
(4 -4.282099806e-16 -3.453298429e-16)
(4 1.030999179e-15 -8.740673921e-17)
(4 -9.450157203e-16 5.794991964e-17)
(4 7.553356343e-16 -1.989842929e-16)
(4 -5.752855033e-16 3.570349559e-16)
(4 -4.147890937e-17 1.211691775e-16)
(4 -2.59052247e-17 -1.278690688e-17)
(4 -8.099771555e-18 3.695650799e-17)
(4 2.75482624e-17 -4.197758097e-17)
(4 -4.623495068e-16 2.077108203e-17)
(4 3.677794143e-16 -1.360825677e-16)
(4 2.809276147e-16 7.035750451e-18)
(4 -5.357315134e-16 2.478389882e-16)
(4 -1.347571985e-16 5.319187645e-17)
(4 -2.990362666e-16 1.633290943e-16)
(4 5.949561693e-16 9.390710271e-17)
(4 -8.070393839e-16 -2.76270838e-16)
(4 5.830382624e-16 8.136680565e-18)
(4 -5.943258336e-16 9.283582998e-17)
(4 4.940008838e-16 -1.409232904e-16)
(4 9.549915488e-17 3.850585621e-16)
(4 1.058093809e-14 5.972872465e-15)
(4 1.1985244e-13 5.98810419e-14)
(4 1.181534594e-12 5.616986454e-13)
(4 1.083176856e-11 4.955455748e-12)
(4 9.227552696e-11 4.041242914e-11)
(4.000000001 7.262700073e-10 3.030151371e-10)
(4.000000006 5.252022951e-09 2.075572967e-09)
(4.000000039 3.46771697e-08 1.289195496e-08)
(4.000000247 2.076088444e-07 7.204663553e-08)
(4.000001397 1.11954672e-06 3.597648063e-07)
(4.000007146 5.409264037e-06 1.597262686e-06)
(4.000032852 2.334115462e-05 6.288037654e-06)
(4.000135607 8.984342258e-05 2.193434198e-05)
(4.000502707 0.0003086537087 6.784446684e-05)
(4.00167643 0.0009481132535 0.0001863650809)
(4.005042405 0.002610854275 0.0004555243385)
(4.013724495 0.006464981263 0.0009926013307)
(4.033928539 0.01444228844 0.001931097617)
(4.076482044 0.02920353102 0.003356764927)
(4.157858519 0.05362829719 0.005210818723)
(4.299595501 0.08972185766 0.007205330602)
(4.525121497 0.1371763291 0.00882080436)
(4.853892229 0.1922237482 0.009435918297)
(5.294213217 0.2475655956 0.008567205658)
(5.837419372 0.2938171265 0.006112074582)
(6.456237768 0.3221502283 0.002457845043)
(7.108762614 0.327093375 -0.001621151478)
(7.747099092 0.3082513166 -0.005238507444)
(8.32767575 0.2702093448 -0.007706421691)
(8.819629103 0.2207794062 -0.00873538999)
(9.208765526 0.1684774481 -0.008451045001)
(9.496649668 0.120303197 -0.007258141054)
(9.696205213 0.0805303731 -0.005645389533)
(9.826043543 0.05062380415 -0.004024335468)
(9.905471034 0.0299364603 -0.002650250326)
(9.951230213 0.01668051848 -0.001621745587)
(9.976096588 0.008771450695 -0.0009262325686)
(9.988862129 0.004359669309 -0.0004955289817)
(9.995062304 0.002051175611 -0.000249086467)
(9.997915509 0.0009148437355 -0.0001179523143)
(9.999161269 0.000387342447 -5.274129451e-05)
(9.999678042 0.0001558975558 -2.231498094e-05)
(9.999881983 5.972482947e-05 -8.95116005e-06)
(9.999958649 2.180727436e-05 -3.410140874e-06)
(9.999986138 7.598412746e-06 -1.235939478e-06)
(9.999995549 2.529582234e-06 -4.268079101e-07)
(9.99999863 8.055532687e-07 -1.406434735e-07)
(9.999999595 2.456747348e-07 -4.428614606e-08)
(9.999999885 7.18348543e-08 -1.334314555e-08)
(9.999999969 2.016011887e-08 -3.851643106e-09)
(9.999999992 5.436199492e-09 -1.066506369e-09)
(9.999999998 1.409911785e-09 -2.83608687e-10)
(9.999999999 3.520653052e-10 -7.251178529e-11)
(10 8.472332171e-11 -1.784470848e-11)
(10 1.966602663e-11 -4.231246368e-12)
(10 4.409174967e-12 -9.676911009e-13)
(10 9.527612181e-13 -2.147675288e-13)
(10 1.921111753e-13 -4.431515725e-14)
(10 4.424569984e-14 -7.909242577e-15)
(10 1.275682718e-14 2.164445056e-15)
)
;

boundaryField
{
    left
    {
        type            dirichlet;
        value           uniform (4 0 0);
    }
    right
    {
        type            dirichlet;
        value           uniform (4 0 0);
    }
    sides
    {
        type            empty;
    }
}


// ************************************************************************* //
