/*--------------------------------*- C++ -*----------------------------------*\
| =========                 |                                                 |
| \\      /  F ield         | foam-extend: Open Source CFD                    |
|  \\    /   O peration     | Version:     4.1                                |
|   \\  /    A nd           | Web:         http://www.foam-extend.org         |
|    \\/     M anipulation  |                                                 |
\*---------------------------------------------------------------------------*/
FoamFile
{
    version     2.0;
    format      ascii;
    class       cellScalarField;
    location    "13.9";
    object      T;
}
// * * * * * * * * * * * * * * * * * * * * * * * * * * * * * * * * * * * * * //

dimensions      [0 0 0 0 1 0 0];

internalField   nonuniform 
100
(
(4 -5.703630593e-17 1.624202108e-17)
(4 -1.879183929e-16 -1.451617861e-16)
(4 1.340029382e-16 9.975868022e-17)
(4 -2.399704288e-16 -9.080139952e-17)
(4 1.048514403e-16 -2.534347585e-17)
(4 -4.82440283e-16 -7.325110042e-18)
(4 5.330838724e-16 -7.71463579e-17)
(4 -3.89434355e-16 -1.630931622e-16)
(4 8.634052651e-16 -1.037839305e-16)
(4 -1.448332392e-15 2.347994352e-16)
(4 1.07121068e-14 1.231827305e-14)
(4 3.436041534e-13 1.806097558e-13)
(4 5.335107384e-12 3.93677715e-12)
(4 1.231212226e-10 7.784933286e-11)
(4.000000002 1.901339288e-09 1.105300278e-09)
(4.000000025 2.787382073e-08 1.651252281e-08)
(4.000000338 3.753410315e-07 2.001810399e-07)
(4.000003911 4.112519873e-06 2.038786728e-06)
(4.000039203 3.985493592e-05 1.856744018e-05)
(4.000342221 0.0003298036291 0.0001341894163)
(4.002418447 0.002106463634 0.0007039194345)
(4.01317316 0.009974744859 0.002644038364)
(4.055054902 0.03524862411 0.007207326072)
(4.17959824 0.09496394656 0.01444618984)
(4.468252126 0.199564043 0.02128992966)
(5.000058555 0.3339562447 0.02232390413)
(5.79268641 0.4530809163 0.01430644342)
(6.763182617 0.5061666611 3.803223913e-05)
(7.752613477 0.4720121547 -0.01333876487)
(8.602670038 0.371878782 -0.020041212)
(9.22477551 0.2502432762 -0.01931510157)
(9.616428908 0.1452593567 -0.01429785879)
(9.830468199 0.07340332003 -0.008651456955)
(9.93286663 0.03256592826 -0.004418489923)
(9.976090119 0.01278586547 -0.001944039521)
(9.992307656 0.004475508369 -0.0007478981646)
(9.997754109 0.001406468076 -0.0002545619931)
(9.999402116 0.0003994283132 -7.741389552e-05)
(9.99985419 0.0001031435181 -2.121276204e-05)
(9.999967273 2.435825849e-05 -5.276869677e-06)
(9.999993209 5.289324179e-06 -1.199681147e-06)
(9.999998692 1.061451842e-06 -2.50782226e-07)
(9.999999765 1.977870495e-07 -4.846894028e-08)
(9.999999961 3.437208448e-08 -8.704710625e-09)
(9.999999994 5.593793236e-09 -1.459401974e-09)
(9.999999999 8.557722787e-10 -2.293862963e-10)
(10 1.235086028e-10 -3.393255455e-11)
(10 1.687215382e-11 -4.740921225e-12)
(10 2.187832518e-12 -6.276764965e-13)
(10 2.735710662e-13 -8.060452119e-14)
(10 2.933721167e-14 -9.227260667e-15)
(10 1.389596335e-15 -8.229819784e-16)
(10 6.374058719e-16 7.161407188e-17)
(10 -1.369837777e-16 -1.637477759e-16)
(10 3.850696199e-16 -9.766685221e-16)
(10 -1.123649845e-16 -1.34657817e-16)
(10 -2.454042261e-16 -2.380256296e-16)
(10 3.680231281e-16 -5.812653504e-16)
(10 5.075232339e-16 1.414958e-17)
(10 -4.941804996e-16 3.800055877e-17)
(10 -9.500141981e-17 3.619656556e-16)
(10 -5.914592294e-17 -6.214562999e-17)
(10 -4.226611005e-17 1.821551024e-16)
(10 -4.649342898e-16 9.491570329e-17)
(10 1.800314885e-16 2.669847727e-16)
(10 3.230826937e-16 7.460323882e-18)
(10 2.906197721e-17 2.260786431e-16)
(10 -2.526213948e-16 1.239391496e-16)
(10 7.734881039e-17 -2.186539641e-16)
(10 -8.484259095e-17 -4.893492375e-17)
(10 3.521669861e-16 -2.54190046e-16)
(10 -9.44752227e-17 4.499402921e-16)
(10 -1.32733554e-16 4.758408688e-16)
(10 8.658578571e-17 3.278794225e-16)
(10 -1.485807857e-16 1.245610988e-16)
(10 1.750207813e-16 1.68955199e-16)
(10 4.544032285e-17 2.437434315e-16)
(10 1.826529709e-16 1.493724593e-16)
(10 -1.770419999e-17 -1.930104757e-16)
(10 -4.577812989e-16 7.684348277e-17)
(10 -1.586247575e-16 -4.082575434e-17)
(10 -6.72294916e-17 1.988743054e-16)
(10 -2.056539473e-16 -3.616034317e-16)
(10 6.037346953e-17 -2.783482033e-16)
(10 2.427078463e-16 -1.572775224e-16)
(10 -3.793187334e-16 -4.620875068e-17)
(10 1.550762292e-16 2.546135998e-16)
(10 8.060251647e-17 -3.010427299e-16)
(10 -6.471366727e-17 2.013081375e-16)
(10 1.138026983e-16 -5.926908763e-16)
(10 5.253074661e-16 -2.13189445e-16)
(10 3.075767807e-16 1.213633782e-16)
(10 -4.255586933e-17 4.614013586e-16)
(10 1.23342383e-16 3.419041996e-16)
(10 -2.393690327e-17 5.079049476e-16)
(10 -4.225166547e-16 8.564601813e-17)
(10 -4.655719011e-16 7.547495831e-17)
(10 6.510139413e-17 9.256499661e-17)
(10 -2.677174787e-16 6.621366894e-18)
(10 -1.835759477e-15 3.957286855e-15)
)
;

boundaryField
{
    left
    {
        type            dirichlet;
        value           uniform (4 0 0);
    }
    right
    {
        type            dirichlet;
        value           uniform (4 0 0);
    }
    sides
    {
        type            empty;
    }
}


// ************************************************************************* //
