/*--------------------------------*- C++ -*----------------------------------*\
| =========                 |                                                 |
| \\      /  F ield         | foam-extend: Open Source CFD                    |
|  \\    /   O peration     | Version:     4.1                                |
|   \\  /    A nd           | Web:         http://www.foam-extend.org         |
|    \\/     M anipulation  |                                                 |
\*---------------------------------------------------------------------------*/
FoamFile
{
    version     2.0;
    format      ascii;
    class       cellScalarField;
    location    "23.3";
    object      T;
}
// * * * * * * * * * * * * * * * * * * * * * * * * * * * * * * * * * * * * * //

dimensions      [0 0 0 0 1 0 0];

internalField   nonuniform 
100
(
(4 -5.703630593e-17 1.624202108e-17)
(4 -4.777468613e-17 1.367411055e-16)
(4 -6.272507894e-17 -1.377204298e-16)
(4 1.539103143e-16 -9.685402998e-17)
(4 -2.215691957e-16 1.631970815e-16)
(4 -4.560495178e-16 1.801855831e-16)
(4 3.685549469e-16 -4.27661388e-17)
(4 -3.845259823e-16 1.909380703e-16)
(4 7.302291266e-16 -8.775316667e-17)
(4 -1.254916396e-15 1.966456508e-17)
(4 3.569304657e-17 -1.804407713e-17)
(4 8.518876551e-16 -4.394175773e-17)
(4 -2.953015912e-16 1.643207766e-16)
(4 -3.349416513e-16 1.579551473e-17)
(4 9.972243769e-16 1.168420932e-16)
(4 -9.285118229e-16 2.187069332e-16)
(4 9.412711145e-16 3.994406458e-17)
(4 -8.117268389e-16 3.095434053e-16)
(4 8.8469279e-16 5.173063636e-17)
(4 -7.864114632e-16 9.857393325e-17)
(4 7.142395176e-16 -2.972587817e-16)
(4 -3.55732719e-16 3.754819439e-16)
(4 -4.312806997e-17 -5.834348189e-17)
(4 1.055660686e-15 7.747608537e-16)
(4 6.545760291e-15 3.521439698e-15)
(4 8.532185455e-14 4.990348874e-14)
(4 1.16756478e-12 6.485927256e-13)
(4 1.450994208e-11 7.737458152e-12)
(4 1.654865097e-10 8.472608746e-11)
(4.000000002 1.730677857e-09 8.44958404e-10)
(4.000000016 1.64192813e-08 7.582436159e-09)
(4.000000144 1.401510121e-07 6.082912064e-08)
(4.000001145 1.067957395e-06 4.308173438e-07)
(4.000008074 7.154500743e-06 2.636833883e-06)
(4.000049809 4.135514088e-05 1.36718722e-05)
(4.000265265 0.0002034345538 5.937261929e-05)
(4.001211213 0.0008468229297 0.0002152781697)
(4.004739082 0.002985317279 0.0006529724558)
(4.015951282 0.008954764891 0.001663348151)
(4.046487308 0.0230044233 0.003572376793)
(4.118218699 0.05097433884 0.006483482753)
(4.264537828 0.09811845626 0.009932946337)
(4.525410895 0.1651746369 0.01275112904)
(4.934466525 0.244723126 0.01342932061)
(5.501844645 0.3209911625 0.01094069333)
(6.201744062 0.3747627245 0.005495573877)
(6.973433256 0.3914281158 -0.001378438387)
(7.737470784 0.3674633737 -0.007566456569)
(8.419717576 0.3114166499 -0.01141216857)
(8.971407189 0.2392304126 -0.01238597858)
(9.376956306 0.1672303115 -0.01104595135)
(9.648954132 0.1067636687 -0.008492733139)
(9.815970197 0.06246643306 -0.005766730453)
(9.91016952 0.03360603206 -0.003508982336)
(9.959124359 0.01667641184 -0.001932589662)
(9.9826372 0.00765616453 -0.0009706201151)
(9.9931043 0.003261349631 -0.0004471936103)
(9.997435023 0.001292602026 -0.0001899489564)
(9.999104815 0.0004779369022 -7.470290068e-05)
(9.999706327 0.0001652825745 -2.730538869e-05)
(9.999909271 5.359258046e-05 -9.308065396e-06)
(9.999973554 1.633177218e-05 -2.968476734e-06)
(9.999992714 4.688178283e-06 -8.88241235e-07)
(9.999998099 1.270488387e-06 -2.500488716e-07)
(9.999999529 3.25724441e-07 -6.639191369e-08)
(9.999999889 7.916352747e-08 -1.666620182e-08)
(9.999999975 1.827439133e-08 -3.964296654e-09)
(9.999999995 4.014378273e-09 -8.954260824e-10)
(9.999999999 8.406854864e-10 -1.924425538e-10)
(10 1.68125896e-10 -3.942931548e-11)
(10 3.216226113e-11 -7.716345943e-12)
(10 5.892376182e-12 -1.443354854e-12)
(10 1.032756467e-12 -2.592319835e-13)
(10 1.748315498e-13 -4.41929287e-14)
(10 2.915466703e-14 -7.663731033e-15)
(10 6.290525974e-15 -2.100009872e-15)
(10 6.289596315e-16 -1.802020973e-16)
(10 -1.457575984e-16 -4.531319344e-16)
(10 2.876766086e-16 1.194939711e-16)
(10 -7.557520463e-16 3.848714159e-16)
(10 1.176947611e-16 -2.34642086e-16)
(10 -1.257686742e-16 -1.925194005e-16)
(10 1.274281384e-16 1.024643394e-16)
(10 -2.498992499e-16 -2.189262508e-16)
(10 4.854054535e-16 1.565211235e-16)
(10 1.956861761e-16 1.193270487e-16)
(10 -1.805779658e-16 1.43685146e-16)
(10 -1.773423091e-16 3.618126915e-16)
(10 3.441867308e-16 -2.729351771e-16)
(10 5.800828423e-16 3.327398461e-17)
(10 -1.225601678e-16 4.753267161e-16)
(10 -7.051513383e-16 3.611155429e-16)
(10 -4.205097731e-16 -8.750309979e-18)
(10 -3.159302913e-16 -1.439463299e-16)
(10 -5.578479696e-18 -3.01210162e-17)
(10 5.342014632e-17 1.010603234e-16)
(10 3.803418138e-16 -5.618060795e-16)
(10 2.392116384e-16 3.285127926e-17)
(10 -6.261685752e-16 -2.239510593e-16)
(10 -1.248383407e-15 3.733816055e-15)
)
;

boundaryField
{
    left
    {
        type            dirichlet;
        value           uniform (4 0 0);
    }
    right
    {
        type            dirichlet;
        value           uniform (4 0 0);
    }
    sides
    {
        type            empty;
    }
}


// ************************************************************************* //
