/*--------------------------------*- C++ -*----------------------------------*\
| =========                 |                                                 |
| \\      /  F ield         | foam-extend: Open Source CFD                    |
|  \\    /   O peration     | Version:     4.1                                |
|   \\  /    A nd           | Web:         http://www.foam-extend.org         |
|    \\/     M anipulation  |                                                 |
\*---------------------------------------------------------------------------*/
FoamFile
{
    version     2.0;
    format      ascii;
    class       cellScalarField;
    location    "5.6";
    object      T;
}
// * * * * * * * * * * * * * * * * * * * * * * * * * * * * * * * * * * * * * //

dimensions      [0 0 0 0 1 0 0];

internalField   nonuniform 
100
(
(4 9.274411163e-12 2.055249815e-12)
(4 -4.479108326e-10 -2.533547644e-11)
(4.000000009 1.949114195e-08 7.75065282e-09)
(4.000000047 -1.066652494e-07 -2.165161027e-09)
(4.000004241 7.844303038e-06 6.165861801e-06)
(4.000097837 9.560352004e-05 3.626467033e-05)
(4.00118435 0.001402273915 0.00112842908)
(4.020885023 0.02472355955 0.01154383504)
(4.179630366 0.1563217354 0.04029227131)
(4.777050185 0.4598624516 0.05782813758)
(6.010247398 0.7502986987 0.02367908922)
(7.561325968 0.754951015 -0.03048028942)
(8.840022201 0.5045065648 -0.04908612235)
(9.571003708 0.2373367377 -0.03397902537)
(9.87482207 0.08256169555 -0.01490266055)
(9.970544679 0.02216739269 -0.004679642837)
(9.994274935 0.004768486582 -0.001127134705)
(9.999059219 0.0008485893092 -0.0002184411228)
(9.999866499 0.0001283616479 -3.531501662e-05)
(9.999983334 1.688230445e-05 -4.898792327e-06)
(9.99999814 1.967269126e-06 -5.962898528e-07)
(9.999999812 2.063107669e-07 -6.484943971e-08)
(9.999999983 1.972692443e-08 -6.394714261e-09)
(9.999999999 1.738616038e-09 -5.787004623e-10)
(10 1.425365399e-10 -4.854908934e-11)
(10 1.095491815e-11 -3.806469791e-12)
(10 7.956569299e-13 -2.820208027e-13)
(10 5.439250499e-14 -1.964262723e-14)
(10 1.753789806e-15 -1.603511884e-15)
(10 6.285859756e-16 9.790181755e-17)
(10 -1.077345258e-15 -2.950967933e-17)
(10 1.452050759e-15 -3.051531943e-16)
(10 -7.618352596e-16 5.352937279e-16)
(10 1.098499647e-17 3.616715462e-16)
(10 2.112733995e-16 -2.095176288e-16)
(10 -2.621678206e-16 -2.31844656e-16)
(10 -8.077403519e-17 -1.198320142e-16)
(10 -4.02375187e-16 -2.708394877e-16)
(10 6.487272637e-17 -7.403799884e-17)
(10 -4.327248688e-16 3.120257897e-16)
(10 1.931792707e-16 -3.22311886e-16)
(10 -1.489506386e-16 -9.594237786e-17)
(10 2.566178192e-16 -1.109778965e-16)
(10 -6.537524814e-17 1.534914348e-16)
(10 -1.819804246e-16 -6.657622337e-17)
(10 -2.315672498e-16 1.288078595e-17)
(10 -3.604849194e-17 7.797505239e-16)
(10 -1.959022459e-16 2.966755625e-16)
(10 -4.527813796e-16 2.84229793e-16)
(10 8.517485773e-18 3.109506195e-17)
(10 -5.821685624e-17 2.011315598e-16)
(10 -1.57599631e-16 4.256786583e-17)
(10 -7.511947905e-17 -4.617334172e-16)
(10 2.315652255e-16 -3.373756552e-16)
(10 1.914212538e-16 -5.530711089e-16)
(10 -3.754423464e-17 -3.116279267e-16)
(10 4.619326547e-17 3.20197965e-16)
(10 -4.965320512e-17 -5.651813039e-18)
(10 3.232626165e-16 3.50258352e-16)
(10 -4.601928857e-16 -7.640301957e-17)
(10 2.618813494e-16 2.949202433e-17)
(10 -1.365865064e-16 -1.744219838e-17)
(10 2.188364463e-16 -5.564608176e-16)
(10 1.000862123e-15 -5.078880214e-16)
(10 -1.354184949e-16 7.67388769e-17)
(10 -4.236895985e-18 2.400961845e-18)
(10 -1.325615648e-19 7.511991338e-20)
(10 -4.147510002e-21 2.350308647e-21)
(10 -1.297649077e-22 7.353510527e-23)
(10 -4.060009803e-24 2.300724083e-24)
(10 -1.270272518e-25 7.198373197e-26)
(10 -3.974355601e-27 2.252185608e-27)
(10 -1.243473524e-28 7.046508807e-29)
(10 -3.890508449e-30 2.204671151e-30)
(10 -1.217239909e-31 6.897848307e-32)
(10 -3.808430225e-33 2.158159109e-33)
(10 -1.191559747e-34 6.752324105e-35)
(10 -3.728083609e-36 2.112628333e-36)
(10 -1.16642136e-37 6.609870033e-38)
(10 -3.649432069e-39 2.068058123e-39)
(10 -1.141813318e-40 6.470421321e-41)
(10 -3.572439844e-42 2.024428212e-42)
(10 -1.117724433e-43 6.333914564e-44)
(10 -3.497071927e-45 1.981718763e-45)
(10 -1.094143753e-46 6.200287697e-47)
(10 -3.42329405e-48 1.939910357e-48)
(10 -1.071060555e-49 6.069479961e-50)
(10 -3.351072669e-51 1.898983985e-51)
(10 -1.048464345e-52 5.941431881e-53)
(10 -3.280374945e-54 1.858921038e-54)
(10 -1.026344847e-55 5.816085238e-56)
(10 -3.211168734e-57 1.819703301e-57)
(10 -1.004692006e-58 5.693383038e-59)
(10 -3.143422569e-60 1.781312942e-60)
(10 -9.834959756e-62 5.573269491e-62)
(10 -3.077105648e-63 1.743732507e-63)
(10 -9.627471188e-65 5.455689985e-65)
(10 -3.012187818e-66 1.706944907e-66)
(10 -9.424360014e-68 5.340591059e-68)
(10 -9.290136005e-16 3.348878143e-15)
)
;

boundaryField
{
    left
    {
        type            dirichlet;
        value           uniform (4 0 0);
    }
    right
    {
        type            dirichlet;
        value           uniform (4 0 0);
    }
    sides
    {
        type            empty;
    }
}


// ************************************************************************* //
