/*--------------------------------*- C++ -*----------------------------------*\
| =========                 |                                                 |
| \\      /  F ield         | foam-extend: Open Source CFD                    |
|  \\    /   O peration     | Version:     4.1                                |
|   \\  /    A nd           | Web:         http://www.foam-extend.org         |
|    \\/     M anipulation  |                                                 |
\*---------------------------------------------------------------------------*/
FoamFile
{
    version     2.0;
    format      ascii;
    class       cellScalarField;
    location    "22.2";
    object      T;
}
// * * * * * * * * * * * * * * * * * * * * * * * * * * * * * * * * * * * * * //

dimensions      [0 0 0 0 1 0 0];

internalField   nonuniform 
100
(
(4 -5.703630593e-17 1.624202108e-17)
(4 7.622049097e-17 4.548984023e-17)
(4 -2.763991764e-16 -5.349735592e-18)
(4 1.825746854e-16 -2.056572733e-16)
(4 2.514675787e-16 -1.750466925e-16)
(4 -3.399576684e-16 1.207484989e-16)
(4 2.494689606e-16 2.710776054e-16)
(4 -3.019478623e-16 8.122604848e-17)
(4 8.661623116e-16 3.487732085e-17)
(4 -1.459017588e-15 1.37950392e-16)
(4 4.31431012e-16 -1.612217569e-17)
(4 4.667730033e-16 -3.577540839e-17)
(4 -1.391728987e-16 -7.129061694e-17)
(4 -3.5319059e-16 -3.571629415e-17)
(4 7.936248323e-16 1.076179382e-17)
(4 -8.065901123e-16 -2.255229772e-16)
(4 8.203226524e-16 -2.1022723e-16)
(4 -5.403497362e-16 1.669004785e-16)
(4 -3.835477244e-17 -3.517105057e-17)
(4 -1.413735928e-17 -9.785109129e-17)
(4 3.043990946e-16 2.874706499e-16)
(4 1.818256785e-15 2.563195794e-16)
(4 2.1405257e-15 9.092224692e-16)
(4 4.082617323e-14 2.437023514e-14)
(4 5.943111658e-13 3.416449792e-13)
(4 7.902748438e-12 4.341121448e-12)
(4 9.580944783e-11 5.052765576e-11)
(4.000000001 1.06551892e-09 5.377462941e-10)
(4.00000001 1.077354144e-08 5.149477068e-09)
(4.000000099 9.786678891e-08 4.402272893e-08)
(4.000000831 7.940370489e-07 3.332637247e-07)
(4.000006239 5.679559008e-06 2.186363788e-06)
(4.000040969 3.505390514e-05 1.212027194e-05)
(4.000231538 0.000183240225 5.584859534e-05)
(4.001114653 0.0008038798687 0.0002126863094)
(4.004560265 0.002957934887 0.0006702486193)
(4.015910267 0.009171040701 0.001755241504)
(4.047661211 0.02412983574 0.003836822037)
(4.123634551 0.05430305611 0.007019585495)
(4.280290353 0.1053538874 0.01073692063)
(4.560678397 0.1775368957 0.01361421317)
(4.999277103 0.261679394 0.01395769167)
(5.602711151 0.3395408139 0.01075207689)
(6.337228053 0.3901539222 0.00448079771)
(7.132560594 0.3991944218 -0.002938860669)
(7.902517611 0.3655499502 -0.009140940155)
(8.572095731 0.3010096511 -0.01251016053)
(9.097469586 0.2238778701 -0.01278865574)
(9.470951053 0.1510252147 -0.01084033403)
(9.7124436 0.09276943381 -0.00794095945)
(9.854999361 0.05208324691 -0.005137985206)
(9.932097867 0.02682070261 -0.002976751437)
(9.970428922 0.01271133407 -0.00155920337)
(9.988004067 0.005562449289 -0.0007438172474)
(9.995458795 0.002254448861 -0.0003251015721)
(9.998392639 0.000848797595 -0.0001308419612)
(9.999467003 0.0002977113306 -4.8703022e-05)
(9.999834085 9.754452091e-05 -1.683237358e-05)
(9.999951418 2.993426266e-05 -5.420717822e-06)
(9.999986592 8.625598724e-06 -1.631944369e-06)
(9.999996505 2.339474683e-06 -4.606828685e-07)
(9.999999138 5.986421499e-07 -1.22284046e-07)
(9.999999798 1.448461022e-07 -3.060235964e-08)
(9.999999955 3.320994789e-08 -7.238291839e-09)
(9.999999991 7.230103366e-09 -1.621926473e-09)
(9.999999998 1.497589454e-09 -3.450662938e-10)
(10 2.95683981e-10 -6.984973754e-11)
(10 5.574710952e-11 -1.348076411e-11)
(10 1.005187476e-11 -2.484898286e-12)
(10 1.737925711e-12 -4.377739505e-13)
(10 2.855909337e-13 -7.480739605e-14)
(10 4.605829976e-14 -1.164977145e-14)
(10 1.042443433e-14 -3.104371607e-15)
(10 -1.151455982e-15 1.076677732e-15)
(10 -3.407745812e-19 -2.875807183e-16)
(10 1.946792001e-16 -1.756438556e-17)
(10 -5.223447623e-16 4.226416008e-16)
(10 -8.63513011e-17 1.480197956e-16)
(10 1.472808857e-16 -2.493388428e-16)
(10 3.84508118e-16 1.975554149e-16)
(10 -2.668148466e-16 2.148007113e-16)
(10 4.65451265e-16 4.552832677e-17)
(10 -1.983217311e-16 9.472757827e-17)
(10 1.422226091e-17 2.441793946e-16)
(10 -7.427741773e-16 2.572826438e-17)
(10 -1.072122097e-17 -5.896202121e-17)
(10 -1.713331872e-16 1.895547175e-16)
(10 -7.42600048e-18 2.904391314e-16)
(10 2.903521542e-16 1.546353266e-17)
(10 7.603020481e-17 -1.45583905e-16)
(10 3.750148395e-16 -2.538170583e-16)
(10 -5.995857415e-16 -7.773405816e-17)
(10 -1.996711821e-16 4.739453057e-16)
(10 1.249666318e-16 2.35156389e-16)
(10 1.148881894e-16 8.258618665e-17)
(10 -2.819395316e-16 3.487947218e-16)
(10 -3.915792508e-16 4.970919567e-16)
(10 -4.595917696e-16 -2.103759206e-16)
(10 1.28801952e-16 -2.167948894e-16)
(10 -2.269559964e-15 4.024935168e-15)
)
;

boundaryField
{
    left
    {
        type            dirichlet;
        value           uniform (4 0 0);
    }
    right
    {
        type            dirichlet;
        value           uniform (4 0 0);
    }
    sides
    {
        type            empty;
    }
}


// ************************************************************************* //
