/*--------------------------------*- C++ -*----------------------------------*\
| =========                 |                                                 |
| \\      /  F ield         | foam-extend: Open Source CFD                    |
|  \\    /   O peration     | Version:     4.1                                |
|   \\  /    A nd           | Web:         http://www.foam-extend.org         |
|    \\/     M anipulation  |                                                 |
\*---------------------------------------------------------------------------*/
FoamFile
{
    version     2.0;
    format      ascii;
    class       cellScalarField;
    location    "34.3";
    object      T;
}
// * * * * * * * * * * * * * * * * * * * * * * * * * * * * * * * * * * * * * //

dimensions      [0 0 0 0 1 0 0];

internalField   nonuniform 
100
(
(4 -5.703630593e-17 1.624202108e-17)
(4 -6.870997762e-17 3.267965518e-16)
(4 -1.098978874e-16 7.031095673e-17)
(4 -2.807113775e-17 7.917385052e-18)
(4 -2.024376669e-18 -2.583711263e-17)
(4 -3.41767225e-16 2.109679764e-16)
(4 2.129008303e-16 -9.405817072e-17)
(4 -1.01326122e-16 -1.003801846e-16)
(4 5.105998756e-16 2.222652546e-16)
(4 -1.365385592e-15 4.70230872e-17)
(4 1.201621474e-17 -5.189388255e-17)
(4 3.280644033e-16 -1.990886416e-16)
(4 8.780193222e-16 8.953597622e-17)
(4 -8.269805871e-16 -1.471076259e-16)
(4 8.609893532e-16 9.084606128e-17)
(4 -8.591556067e-16 -4.921814998e-17)
(4 7.087952008e-16 -2.116522309e-16)
(4 -7.525853191e-16 1.13066195e-16)
(4 3.723982164e-16 -1.0492797e-16)
(4 -6.311764281e-16 3.77675064e-16)
(4 2.367274909e-16 -1.392333573e-16)
(4 -1.415363319e-17 2.148940182e-16)
(4 5.993389125e-17 3.132256376e-16)
(4 -8.33106932e-17 -1.164541369e-16)
(4 3.517137884e-16 2.461479821e-16)
(4 -3.319537563e-16 6.595124391e-18)
(4 2.124969592e-16 -1.472492421e-16)
(4 -1.145969282e-16 3.101320939e-16)
(4 -5.284403084e-16 1.948757897e-16)
(4 5.454308308e-16 -1.610424337e-16)
(4 -2.026530304e-16 -1.361267715e-17)
(4 -4.305589193e-17 -8.112029472e-17)
(4 -4.03661225e-18 -1.070043905e-16)
(4 -4.644276443e-16 -2.398080893e-17)
(4 8.640304996e-16 8.757773864e-17)
(4 -7.830140393e-16 3.126948444e-16)
(4 2.234464757e-16 6.054125966e-17)
(4 -3.816274222e-16 1.195750996e-16)
(4 3.387861999e-16 -1.497893449e-17)
(4 3.02742572e-17 2.29269551e-16)
(4 -9.698641485e-17 2.652902184e-16)
(4 1.311744722e-15 1.04567978e-15)
(4 1.711993024e-14 1.011283103e-14)
(4 1.934271461e-13 9.260868069e-14)
(4 1.815679036e-12 8.448416462e-13)
(4 1.59826921e-11 7.139834692e-12)
(4 1.305243308e-10 5.577138387e-11)
(4.000000001 9.848786159e-10 4.004862322e-10)
(4.000000008 6.827521678e-09 2.626746152e-09)
(4.00000005 4.32187247e-08 1.562559439e-08)
(4.000000301 2.482185931e-07 8.371569332e-08)
(4.000001638 1.286015384e-06 4.016120672e-07)
(4.000008072 5.984730919e-06 1.718430217e-06)
(4.00003586 2.495622175e-05 6.545438012e-06)
(4.000143525 9.319146194e-05 2.218716676e-05)
(4.000517834 0.000311882949 6.6988574e-05)
(4.001687183 0.000937190983 0.000180430299)
(4.004976942 0.002534985429 0.0004343286405)
(4.01333367 0.006189953411 0.0009360244196)
(4.032556295 0.01368655723 0.001808474826)
(4.072715615 0.02748815279 0.003134642056)
(4.14914309 0.05030071518 0.004872098676)
(4.282025619 0.08411525931 0.006774904136)
(4.493698885 0.1289118394 0.008382716325)
(4.803454842 0.1815595426 0.009123958961)
(5.220951454 0.2356073286 0.008521854957)
(5.740514442 0.2824116436 0.006418541808)
(6.338922743 0.3134217142 0.003097434641)
(6.9782243 0.3227809818 -0.0007763953158)
(7.613105822 0.309138713 -0.004381335087)
(8.200388248 0.2759037889 -0.007022442036)
(8.707401231 0.229918694 -0.008340213489)
(9.116684526 0.1792343468 -0.008364196401)
(9.426173005 0.1309434693 -0.007418231662)
(9.645773481 0.08980848583 -0.005950256398)
(9.792232344 0.05792278324 -0.004372895751)
(9.884190758 0.03518698125 -0.002969503091)
(9.938633131 0.02016477923 -0.001874576616)
(9.969070478 0.01091792529 -0.001105154366)
(9.985163398 0.005593165901 -0.0006107168224)
(9.993221563 0.002714955448 -0.0003173097189)
(9.997048116 0.00125041302 -0.0001554157319)
(9.998773675 0.0005471561046 -7.192489248e-05)
(9.999513564 0.0002277723093 -3.151644707e-05)
(9.999815606 9.031750487e-05 -1.310056137e-05)
(9.99993314 3.415535715e-05 -5.17480482e-06)
(9.99997679 1.233337449e-05 -1.945601846e-06)
(9.999992279 4.25743212e-06 -6.973179087e-07)
(9.999997536 1.406531643e-06 -2.385879012e-07)
(9.999999245 4.452127304e-07 -7.803665126e-08)
(9.999999778 1.351667027e-07 -2.443122311e-08)
(9.999999937 3.94013911e-08 -7.330387112e-09)
(9.999999983 1.103917394e-08 -2.11037515e-09)
(9.999999995 2.975619589e-09 -5.83632901e-10)
(9.999999999 7.724209627e-10 -1.552195708e-10)
(10 1.93276617e-10 -3.974056731e-11)
(10 4.665742055e-11 -9.805885352e-12)
(10 1.087856019e-11 -2.334060496e-12)
(10 2.449783405e-12 -5.363992869e-13)
(10 5.302356689e-13 -1.159409418e-13)
)
;

boundaryField
{
    left
    {
        type            dirichlet;
        value           uniform (4 0 0);
    }
    right
    {
        type            dirichlet;
        value           uniform (4 0 0);
    }
    sides
    {
        type            empty;
    }
}


// ************************************************************************* //
