/*--------------------------------*- C++ -*----------------------------------*\
| =========                 |                                                 |
| \\      /  F ield         | foam-extend: Open Source CFD                    |
|  \\    /   O peration     | Version:     4.1                                |
|   \\  /    A nd           | Web:         http://www.foam-extend.org         |
|    \\/     M anipulation  |                                                 |
\*---------------------------------------------------------------------------*/
FoamFile
{
    version     2.0;
    format      ascii;
    class       cellScalarField;
    location    "28.4";
    object      T;
}
// * * * * * * * * * * * * * * * * * * * * * * * * * * * * * * * * * * * * * //

dimensions      [0 0 0 0 1 0 0];

internalField   nonuniform 
100
(
(4 -5.703630593e-17 1.624202108e-17)
(4 -1.28107572e-16 1.432334255e-16)
(4 -1.118694403e-16 -1.414352437e-16)
(4 -4.523564728e-17 8.966593555e-17)
(4 -9.987476202e-17 -3.649926666e-18)
(4 -4.776540096e-16 -2.133299767e-16)
(4 4.024769906e-16 6.199093077e-17)
(4 -4.114169124e-16 8.006887867e-17)
(4 8.093315823e-16 1.937515782e-16)
(4 -1.332715484e-15 -1.738345402e-16)
(4 4.22510461e-17 -1.713644403e-16)
(4 3.751182798e-16 -1.121539815e-16)
(4 4.500102946e-16 -7.159002518e-17)
(4 4.903589759e-18 4.598525377e-17)
(4 -1.980133009e-16 2.114048271e-17)
(4 1.286492986e-16 1.027600196e-16)
(4 -2.94058029e-17 3.241282305e-17)
(4 -9.812034693e-17 5.269147844e-17)
(4 -2.143133661e-16 -2.403594403e-17)
(4 9.006029662e-17 2.837531824e-16)
(4 -3.234672279e-16 -3.042561938e-16)
(4 8.711632927e-16 3.863829136e-17)
(4 -8.498370203e-16 -2.026809654e-16)
(4 9.376875309e-16 1.002001892e-16)
(4 -8.49744125e-16 -5.288356324e-17)
(4 8.289403864e-16 -1.506355709e-16)
(4 -7.85372545e-16 -2.573419297e-16)
(4 6.417339935e-16 -1.039683154e-16)
(4 -4.043529742e-16 1.746760978e-17)
(4 5.911861658e-16 6.515601219e-17)
(4 -2.158363582e-16 3.007113651e-16)
(4 1.380124013e-16 -3.631631664e-17)
(4 3.858544521e-15 2.871202399e-15)
(4 6.680367045e-14 3.605466967e-14)
(4 7.667412895e-13 3.924778734e-13)
(4 8.114466934e-12 4.013493831e-12)
(4 7.984643422e-11 3.788108079e-11)
(4.000000001 7.238127943e-10 3.275237128e-10)
(4.000000006 6.004317342e-09 2.576123334e-09)
(4.000000049 4.527193177e-08 1.828532244e-08)
(4.000000345 3.07635422e-07 1.158601695e-07)
(4.0000022 1.864536116e-06 6.474495679e-07)
(4.000012489 9.979442598e-06 3.159045785e-06)
(4.000062756 4.683591408e-05 1.337660167e-05)
(4.000278078 0.0001921182428 4.904816519e-05)
(4.001086018 0.0006887867067 0.0001558262942)
(4.003745408 0.002163391864 0.0004298596277)
(4.011447836 0.005974777513 0.0010323903)
(4.031155014 0.01457288147 0.002163997492)
(4.075890673 0.03153678591 0.003964959356)
(4.166388759 0.06083420843 0.006349453578)
(4.330248624 0.1050716636 0.008860072506)
(4.596918335 0.1631883452 0.01068330053)
(4.988546495 0.2288313016 0.01091416049)
(5.509513257 0.2908164621 0.00899131984)
(6.139491683 0.3361678191 0.005058934529)
(6.834318292 0.3546433867 5.148615552e-06)
(7.535509186 0.3425370642 -0.00488171611)
(8.184897673 0.3038147644 -0.008448574193)
(8.738392086 0.2481607168 -0.01010201328)
(9.173736538 0.1871783984 -0.009919651678)
(9.490532428 0.1307064823 -0.008458566302)
(9.7043378 0.08470855471 -0.006429394703)
(9.838481678 0.0510705747 -0.004422052482)
(9.916899684 0.02870851502 -0.002779133769)
(9.959704771 0.01507969287 -0.001607224634)
(9.981568137 0.007416967928 -0.0008599436996)
(9.992038365 0.003422870162 -0.0004275519443)
(9.996748774 0.001485020167 -0.0001982592402)
(9.99874331 0.0006068363696 -8.601880165e-05)
(9.99953965 0.0002339918885 -3.501900286e-05)
(9.999839976 8.528783997e-05 -1.341163697e-05)
(9.999947146 2.943563222e-05 -4.843417382e-06)
(9.999983391 9.635605853e-06 -1.652964413e-06)
(9.999995028 2.996408621e-06 -5.341997739e-07)
(9.99999858 8.865731261e-07 -1.637972682e-07)
(9.999999613 2.499617871e-07 -4.773761205e-08)
(9.999999899 6.725300753e-08 -1.324688237e-08)
(9.999999975 1.729188185e-08 -3.505721847e-09)
(9.999999994 4.254602783e-09 -8.861998439e-10)
(9.999999999 1.003083207e-09 -2.143007401e-10)
(10 2.268981566e-10 -4.964347402e-11)
(10 4.930171072e-11 -1.103323252e-11)
(10 1.030334272e-11 -2.355874227e-12)
(10 2.069688178e-12 -4.833351351e-13)
(10 4.055071439e-13 -9.584831479e-14)
(10 7.562623923e-14 -1.838812988e-14)
(10 1.423058106e-14 -2.950000863e-15)
(10 5.191007316e-15 -2.783681694e-15)
(10 2.993203977e-16 -4.653561111e-17)
(10 -2.490266797e-18 5.287143158e-16)
(10 -3.767819533e-16 1.911172888e-16)
(10 2.53017878e-16 -2.606962296e-16)
(10 -2.691843861e-16 4.64032513e-16)
(10 -2.229534533e-16 -3.796452975e-16)
(10 5.876925257e-16 -4.385013466e-16)
(10 -1.175971303e-16 -3.763349101e-16)
(10 9.790008793e-18 -1.715219241e-16)
(10 -1.671374724e-18 -5.812910044e-17)
(10 -8.18008602e-16 3.827152784e-15)
)
;

boundaryField
{
    left
    {
        type            dirichlet;
        value           uniform (4 0 0);
    }
    right
    {
        type            dirichlet;
        value           uniform (4 0 0);
    }
    sides
    {
        type            empty;
    }
}


// ************************************************************************* //
