/*--------------------------------*- C++ -*----------------------------------*\
| =========                 |                                                 |
| \\      /  F ield         | foam-extend: Open Source CFD                    |
|  \\    /   O peration     | Version:     4.1                                |
|   \\  /    A nd           | Web:         http://www.foam-extend.org         |
|    \\/     M anipulation  |                                                 |
\*---------------------------------------------------------------------------*/
FoamFile
{
    version     2.0;
    format      ascii;
    class       cellScalarField;
    location    "26.3";
    object      T;
}
// * * * * * * * * * * * * * * * * * * * * * * * * * * * * * * * * * * * * * //

dimensions      [0 0 0 0 1 0 0];

internalField   nonuniform 
100
(
(4 -5.703630593e-17 1.624202108e-17)
(4 4.540646705e-18 5.271761152e-17)
(4 -1.127278519e-16 2.194893846e-16)
(4 -1.111738901e-16 1.185392171e-16)
(4 -8.340426994e-17 -1.642601767e-16)
(4 -3.580124842e-16 -2.117624709e-16)
(4 5.094478902e-16 -1.391749929e-16)
(4 -3.36408113e-16 -8.093450288e-17)
(4 8.640498075e-16 -5.028011188e-17)
(4 -1.422715068e-15 6.294849894e-17)
(4 3.301396035e-17 1.116663182e-16)
(4 1.820745416e-15 8.616176501e-17)
(4 -1.5920942e-15 1.521037989e-16)
(4 1.191566717e-15 -1.85332694e-16)
(4 -1.041366067e-15 3.965925755e-16)
(4 9.604534055e-16 -1.810560462e-16)
(4 -7.753415468e-16 5.962387988e-16)
(4 2.093768741e-16 -2.336493586e-16)
(4 1.083227726e-16 -4.56543978e-17)
(4 -7.615229088e-18 8.739327581e-17)
(4 -1.691985382e-16 -7.471009074e-17)
(4 2.212761756e-16 -1.01617339e-16)
(4 -1.921540704e-16 -1.254577529e-16)
(4 6.634167563e-17 1.424115468e-16)
(4 -1.929951737e-16 -2.860454596e-18)
(4 -3.503216607e-17 3.255268437e-16)
(4 -3.689739869e-17 1.884503532e-16)
(4 -1.217219072e-16 -2.413935548e-18)
(4 1.053927424e-16 8.448285261e-16)
(4 1.316563451e-14 7.449975308e-15)
(4 1.651228189e-13 8.83425302e-14)
(4 1.941785721e-12 1.015541106e-12)
(4 2.136979164e-11 1.075983036e-11)
(4 2.171712891e-10 1.047080637e-10)
(4.000000002 2.023710477e-09 9.284947563e-10)
(4.000000018 1.716191583e-08 7.445828045e-09)
(4.000000141 1.315042208e-07 5.352224836e-08)
(4.000001008 9.014556292e-07 3.402421064e-07)
(4.00000644 5.456986629e-06 1.884145574e-06)
(4.000036288 2.882394525e-05 8.983664365e-06)
(4.000179005 0.0001318333789 3.665760548e-05)
(4.000770331 0.0005207343345 0.0001278428314)
(4.002893379 0.00177851608 0.0003816896007)
(4.009516091 0.005271471674 0.0009785018823)
(4.027541845 0.01362596107 0.002160568701)
(4.070563796 0.03088254472 0.004118058703)
(4.161071092 0.06170941916 0.006777946417)
(4.329768876 0.1092941835 0.009605429576)
(4.609742946 0.1724452002 0.01161408302)
(5.025410915 0.2435479111 0.01171294628)
(5.579924926 0.3092686695 0.009277069189)
(6.247367733 0.3545841828 0.004593571309)
(6.975044011 0.368496221 -0.001151952669)
(7.696267901 0.3483941892 -0.006385206119)
(8.348350581 0.3006999076 -0.009839235888)
(8.887918535 0.2377042721 -0.0110222999)
(9.297779722 0.172633147 -0.01024218414)
(9.584424874 0.1155235309 -0.008277095286)
(9.769513678 0.07143179423 -0.005955402625)
(9.880150702 0.04092129544 -0.003868636956)
(9.941528912 0.02177493586 -0.002290371075)
(9.973208955 0.01078903078 -0.001244407108)
(9.988457875 0.004989457 -0.0006238632611)
(9.995318452 0.002158532703 -0.0002898896207)
(9.998209811 0.0008754918438 -0.0001253300287)
(9.999353695 0.0003336213693 -5.058446427e-05)
(9.999779381 0.0001196884817 -1.911736043e-05)
(9.999928688 4.050473821e-05 -6.783905009e-06)
(9.99997814 1.29551827e-05 -2.26606062e-06)
(9.999993636 3.923438678e-06 -7.142089798e-07)
(9.999998238 1.127068285e-06 -2.128621552e-07)
(9.999999535 3.076393671e-07 -6.011634178e-08)
(9.999999883 7.992171337e-08 -1.611981778e-08)
(9.999999972 1.979325442e-08 -4.111595672e-09)
(9.999999994 4.680295759e-09 -9.993375452e-10)
(9.999999999 1.058235084e-09 -2.318476983e-10)
(10 2.291213011e-10 -5.142448922e-11)
(10 4.75729566e-11 -1.092072484e-11)
(10 9.485513653e-12 -2.225489094e-12)
(10 1.813379349e-12 -4.344928005e-13)
(10 3.347819731e-13 -8.149200298e-14)
(10 6.087590107e-14 -1.424994364e-14)
(10 1.324305729e-14 -3.311400242e-15)
(10 1.878725265e-16 -1.942766861e-16)
(10 -7.508790527e-16 3.704881529e-16)
(10 4.364485836e-16 -5.837039348e-16)
(10 2.131418985e-16 4.26834725e-17)
(10 -2.703576587e-16 2.204692451e-16)
(10 3.866375655e-16 4.978407682e-16)
(10 -1.557748259e-16 7.060574481e-16)
(10 5.923030611e-17 2.367468356e-16)
(10 2.571012847e-17 -1.322475065e-16)
(10 -4.079785155e-17 2.672968702e-16)
(10 3.026841274e-16 -4.011147589e-16)
(10 3.391312284e-18 2.17891122e-16)
(10 -2.332895325e-16 4.629834761e-16)
(10 -7.445991428e-17 -5.534664485e-16)
(10 6.067025598e-16 7.818085012e-17)
(10 2.90306765e-16 2.067819539e-17)
(10 -2.23740895e-15 3.932189399e-15)
)
;

boundaryField
{
    left
    {
        type            dirichlet;
        value           uniform (4 0 0);
    }
    right
    {
        type            dirichlet;
        value           uniform (4 0 0);
    }
    sides
    {
        type            empty;
    }
}


// ************************************************************************* //
