/*--------------------------------*- C++ -*----------------------------------*\
| =========                 |                                                 |
| \\      /  F ield         | foam-extend: Open Source CFD                    |
|  \\    /   O peration     | Version:     4.1                                |
|   \\  /    A nd           | Web:         http://www.foam-extend.org         |
|    \\/     M anipulation  |                                                 |
\*---------------------------------------------------------------------------*/
FoamFile
{
    version     2.0;
    format      ascii;
    class       cellScalarField;
    location    "38.1";
    object      T;
}
// * * * * * * * * * * * * * * * * * * * * * * * * * * * * * * * * * * * * * //

dimensions      [0 0 0 0 1 0 0];

internalField   nonuniform 
100
(
(4 -5.703630593e-17 1.624202108e-17)
(4 -1.818490113e-16 -1.868079533e-17)
(4 -1.61794509e-16 -1.6201228e-17)
(4 1.34272237e-16 -6.831520147e-18)
(4 7.327103399e-17 2.317989085e-16)
(4 -4.983166826e-16 1.105067489e-16)
(4 3.950856201e-16 -1.202159552e-16)
(4 -4.465854611e-16 2.529310708e-16)
(4 8.681611183e-16 9.947292125e-17)
(4 -1.364136797e-15 -8.145803421e-17)
(4 5.355493673e-17 -3.407761644e-17)
(4 2.680547449e-16 -2.544893219e-16)
(4 9.803351887e-16 1.325075229e-16)
(4 -5.009549331e-16 -9.435955953e-17)
(4 3.840742919e-16 -9.300289709e-17)
(4 -1.216703934e-16 -4.406162278e-16)
(4 1.790905912e-16 -2.150565068e-17)
(4 -5.832077621e-17 -1.260827324e-16)
(4 -3.450225018e-18 2.512235432e-16)
(4 -7.769029686e-17 2.136424557e-17)
(4 1.173879168e-16 2.878064447e-16)
(4 -7.81283923e-17 -4.32453241e-16)
(4 5.932785575e-16 5.646585549e-17)
(4 -9.272454051e-16 -7.132496618e-17)
(4 8.938459917e-16 1.821749031e-17)
(4 -9.179077868e-16 -4.580202005e-17)
(4 7.526551786e-16 -4.936556358e-17)
(4 -8.526986388e-16 2.549481923e-17)
(4 1.346876758e-16 -3.18960157e-16)
(4 1.254452389e-16 -1.957490557e-16)
(4 4.583742688e-16 3.200820686e-17)
(4 -9.569106541e-16 -1.85169341e-16)
(4 8.675863214e-16 -4.277321991e-17)
(4 -1.317310676e-15 -3.088629494e-16)
(4 1.76944091e-15 -1.021910479e-16)
(4 -1.754042008e-15 -1.87217583e-16)
(4 1.117177576e-15 -3.717839305e-18)
(4 -8.296560868e-16 1.387739522e-16)
(4 6.978515557e-16 -1.008927953e-16)
(4 6.248378118e-17 1.049678575e-17)
(4 -2.164547951e-16 2.986234968e-18)
(4 -3.220076308e-17 -4.074575215e-17)
(4 -1.617600833e-17 -7.00371381e-17)
(4 8.28668836e-17 8.401202725e-17)
(4 -3.305842093e-16 1.082253826e-16)
(4 8.538014522e-16 -1.469180815e-17)
(4 -8.682195214e-16 3.500766224e-16)
(4 6.640490558e-16 1.50733611e-16)
(4 9.345118848e-15 6.547861835e-15)
(4 1.136039018e-13 5.246541894e-14)
(4 9.970743761e-13 4.455658943e-13)
(4 8.163455673e-12 3.502613602e-12)
(4 6.229834377e-11 2.559509808e-11)
(4 4.411956478e-10 1.727438548e-10)
(4.000000003 2.885187906e-09 1.07107734e-09)
(4.000000021 1.733669159e-08 6.068063075e-09)
(4.000000118 9.526384368e-08 3.125290614e-08)
(4.000000619 4.767247541e-07 1.457347621e-07)
(4.000002964 2.16606297e-06 6.13562189e-07)
(4.000012932 8.920402446e-06 2.328899194e-06)
(4.000051372 3.328058456e-05 7.9673653e-06)
(4.000185869 0.0001125440581 2.458107171e-05)
(4.000613281 0.0003454220733 6.847034353e-05)
(4.001848872 0.000964003703 0.0001724405264)
(4.005104715 0.002451670372 0.0003932394013)
(4.012942331 0.005695570822 0.000813093426)
(4.030219001 0.01211652982 0.001525911529)
(4.065175963 0.02366271238 0.002600289824)
(4.130255073 0.04252657746 0.004021994469)
(4.24199281 0.07050219133 0.005636724587)
(4.419327984 0.108066918 0.007129358763)
(4.680050398 0.1534949368 0.008073340244)
(5.035898895 0.2024556785 0.008055234724)
(5.487684798 0.248476108 0.006835176857)
(6.022276078 0.2843178824 0.004471152647)
(6.612937238 0.3038774456 0.001340019852)
(7.223393597 0.3039088025 -0.001965674172)
(7.814562277 0.2848934532 -0.004824041249)
(8.351866652 0.2507437834 -0.006772117137)
(8.810922729 0.2075261967 -0.00761940751)
(9.180160689 0.161760191 -0.007452993284)
(9.460173189 0.1189223607 -0.006552981207)
(9.660662993 0.08257786916 -0.005269964971)
(9.79638301 0.05423339045 -0.003917551544)
(9.883360376 0.03373248671 -0.00271101314)
(9.936197068 0.01989602298 -0.001755431003)
(9.966660006 0.01114196149 -0.001067778769)
(9.983349339 0.005931438416 -0.0006120694487)
(9.99204789 0.003005191957 -0.0003315060526)
(9.996365977 0.001450758647 -0.0001700363799)
(9.998409858 0.0006680556659 -8.276023056e-05)
(9.9993333 0.0002937622096 -3.829226093e-05)
(9.999731969 0.0001234821839 -1.687018651e-05)
(9.9998966 4.966902657e-05 -7.087655377e-06)
(9.999961694 1.91371318e-05 -2.843596146e-06)
(9.999986362 7.069752189e-06 -1.090904681e-06)
(9.99999533 2.506592506e-06 -4.006804826e-07)
(9.999998461 8.537321485e-07 -1.410631063e-07)
(9.999999511 2.795853411e-07 -4.765625403e-08)
(9.999999851 8.811486175e-08 -1.546619615e-08)
)
;

boundaryField
{
    left
    {
        type            dirichlet;
        value           uniform (4 0 0);
    }
    right
    {
        type            dirichlet;
        value           uniform (4 0 0);
    }
    sides
    {
        type            empty;
    }
}


// ************************************************************************* //
