/*--------------------------------*- C++ -*----------------------------------*\
| =========                 |                                                 |
| \\      /  F ield         | foam-extend: Open Source CFD                    |
|  \\    /   O peration     | Version:     4.1                                |
|   \\  /    A nd           | Web:         http://www.foam-extend.org         |
|    \\/     M anipulation  |                                                 |
\*---------------------------------------------------------------------------*/
FoamFile
{
    version     2.0;
    format      ascii;
    class       cellScalarField;
    location    "7.5";
    object      T;
}
// * * * * * * * * * * * * * * * * * * * * * * * * * * * * * * * * * * * * * //

dimensions      [0 0 0 0 1 0 0];

internalField   nonuniform 
100
(
(4 4.849030688e-16 6.033430104e-16)
(4 -3.32215534e-14 -3.421936556e-14)
(4 1.547415158e-12 1.611597248e-12)
(4 -1.385521874e-11 -2.692919374e-11)
(4 7.311715646e-10 1.075307817e-09)
(4.000000017 1.71698008e-08 2.056742321e-09)
(4.000000198 2.423333754e-07 3.040009172e-07)
(4.000006904 8.997063953e-06 4.776620815e-06)
(4.000093336 9.559894195e-05 5.379654319e-05)
(4.001213603 0.001398697893 0.0008228166991)
(4.014290804 0.01494730477 0.006028621126)
(4.100432903 0.08251476693 0.02135789763)
(4.425966447 0.259178033 0.0400440662)
(5.194212287 0.5109169635 0.03830408471)
(6.405787583 0.6777663783 0.007819910809)
(7.749244693 0.6369357539 -0.0258503696)
(8.839285366 0.4415334805 -0.03718900785)
(9.508185743 0.2335298475 -0.02830321461)
(9.827649697 0.09704513358 -0.01482393901)
(9.949474676 0.03252329667 -0.005848693637)
(9.987439413 0.008998716263 -0.001828282743)
(9.997313985 0.002099213556 -0.0004689256996)
(9.99949897 0.0004206843616 -0.0001013708864)
(9.999917401 7.363366155e-05 -1.88759098e-05)
(9.99998782 1.142200576e-05 -3.082576409e-06)
(9.999998376 1.590332184e-06 -4.482402367e-07)
(9.999999802 2.009740598e-07 -5.878660074e-08)
(9.999999978 2.327586148e-08 -7.030361522e-09)
(9.999999998 2.491454949e-09 -7.739157935e-10)
(10 2.48304944e-10 -7.905800515e-11)
(10 2.318831037e-11 -7.546342552e-12)
(10 2.038085963e-12 -6.775237359e-13)
(10 1.717741751e-13 -5.765063989e-14)
(10 1.479596312e-14 -5.937206934e-15)
(10 -1.592529235e-15 4.956212763e-16)
(10 7.449334575e-16 -7.658660501e-17)
(10 4.961863567e-16 -1.502514668e-16)
(10 3.303669172e-16 -2.201324336e-16)
(10 1.612156071e-16 3.142963733e-17)
(10 1.072393724e-16 4.855681933e-16)
(10 -1.293310638e-15 1.661316727e-16)
(10 1.290121403e-15 -1.339666414e-16)
(10 -1.128635402e-15 -2.86415663e-16)
(10 1.039685854e-15 -3.377703585e-16)
(10 -1.292353611e-15 9.431327727e-16)
(10 1.89993706e-16 5.232180038e-16)
(10 -4.569884146e-16 5.670875079e-17)
(10 -1.979307709e-16 2.00007867e-16)
(10 -3.183288036e-16 4.377018853e-16)
(10 -1.80929918e-16 2.467124572e-16)
(10 -1.693701782e-16 3.08453916e-16)
(10 -3.283337869e-16 4.953179316e-16)
(10 6.478868416e-17 6.099257422e-16)
(10 1.535299605e-16 -4.258749969e-16)
(10 -3.564238434e-16 2.860166479e-16)
(10 -2.935584956e-17 1.146843162e-16)
(10 2.288546865e-16 1.03849249e-16)
(10 -1.290548679e-16 -1.567161595e-16)
(10 9.225546982e-17 -4.501204808e-16)
(10 -1.684603584e-16 2.017738869e-16)
(10 -3.945048425e-16 -5.395500869e-16)
(10 1.416077704e-16 -1.838653843e-16)
(10 5.067129337e-16 4.735176633e-17)
(10 -2.603288151e-16 7.48973434e-16)
(10 -2.192187726e-16 5.69266038e-17)
(10 -1.854297255e-16 6.769899063e-17)
(10 -3.414641057e-16 4.102568964e-16)
(10 2.282727488e-17 1.218580069e-16)
(10 -2.649642611e-16 2.453169875e-16)
(10 -1.894112883e-17 4.26545229e-17)
(10 -2.350594994e-17 1.46179938e-16)
(10 -4.542592377e-16 -9.928045862e-17)
(10 -1.210248092e-18 -3.765913058e-16)
(10 1.093612822e-16 -2.476806326e-16)
(10 8.523293909e-17 -4.060719251e-16)
(10 -5.817897996e-17 -2.008818928e-16)
(10 3.82304655e-17 2.275369465e-16)
(10 -1.685932662e-17 -1.087825639e-17)
(10 2.413900432e-16 1.962281516e-16)
(10 -2.66512645e-16 -2.695542951e-17)
(10 1.364883093e-16 1.74959894e-17)
(10 -2.188385326e-16 5.564619606e-16)
(10 -1.000862168e-15 5.078880458e-16)
(10 1.354184939e-16 -7.673887638e-17)
(10 4.236895964e-18 -2.400961834e-18)
(10 1.325615644e-19 -7.511991314e-20)
(10 4.147509993e-21 -2.350308642e-21)
(10 1.297649075e-22 -7.353510516e-23)
(10 4.060009799e-24 -2.300724081e-24)
(10 1.270272517e-25 -7.198373192e-26)
(10 3.974355599e-27 -2.252185607e-27)
(10 1.243473523e-28 -7.046508804e-29)
(10 3.890508449e-30 -2.204671151e-30)
(10 1.217239909e-31 -6.897848306e-32)
(10 3.808430225e-33 -2.158159109e-33)
(10 1.191559747e-34 -6.752324104e-35)
(10 3.728083609e-36 -2.112628333e-36)
(10 1.166421359e-37 -6.609870033e-38)
(10 3.649432069e-39 -2.068058123e-39)
(10 -1.673477897e-15 4.014777466e-15)
)
;

boundaryField
{
    left
    {
        type            dirichlet;
        value           uniform (4 0 0);
    }
    right
    {
        type            dirichlet;
        value           uniform (4 0 0);
    }
    sides
    {
        type            empty;
    }
}


// ************************************************************************* //
