/*--------------------------------*- C++ -*----------------------------------*\
| =========                 |                                                 |
| \\      /  F ield         | foam-extend: Open Source CFD                    |
|  \\    /   O peration     | Version:     4.1                                |
|   \\  /    A nd           | Web:         http://www.foam-extend.org         |
|    \\/     M anipulation  |                                                 |
\*---------------------------------------------------------------------------*/
FoamFile
{
    version     2.0;
    format      ascii;
    class       cellScalarField;
    location    "15.1";
    object      T;
}
// * * * * * * * * * * * * * * * * * * * * * * * * * * * * * * * * * * * * * //

dimensions      [0 0 0 0 1 0 0];

internalField   nonuniform 
100
(
(4 -5.703630593e-17 1.624202108e-17)
(4 -1.6498985e-16 -1.812112739e-17)
(4 -1.576279842e-16 8.339381285e-17)
(4 9.908645927e-17 -4.887830663e-17)
(4 -4.361204768e-17 2.733732463e-18)
(4 -3.870308482e-16 8.662986122e-17)
(4 4.262094499e-16 -1.103461543e-16)
(4 -1.471812377e-16 1.928420966e-17)
(4 7.65793769e-16 8.504555368e-17)
(4 -1.287467935e-15 -3.413468481e-17)
(4 8.441942425e-17 5.665617081e-17)
(4 9.830540688e-16 3.506584752e-16)
(4 2.961510809e-14 2.160617281e-14)
(4 5.415064389e-13 3.221113077e-13)
(4 1.000699187e-11 6.841741146e-12)
(4 1.827891166e-10 1.082315154e-10)
(4.000000002 2.620008396e-09 1.518206194e-09)
(4.000000032 3.612905269e-08 2.023533701e-08)
(4.000000403 4.350044579e-07 2.225278241e-07)
(4.00000431 4.445871716e-06 2.134292318e-06)
(4.000040438 4.016717428e-05 1.780263756e-05)
(4.000326382 0.0003043799924 0.0001173130044)
(4.002139522 0.001801818813 0.0005764734646)
(4.011025624 0.00812448027 0.002095992105)
(4.044609952 0.02808361448 0.005698752857)
(4.143765591 0.07572205142 0.01171274205)
(4.376370146 0.1623065476 0.01822874087)
(4.81721505 0.2814621005 0.02105716899)
(5.502544946 0.4010723753 0.01658567906)
(6.388274579 0.4760672869 0.005365040923)
(7.351374777 0.4764158548 -0.007600159144)
(8.241888292 0.4062960357 -0.01654298807)
(8.948838673 0.2981609514 -0.01888592671)
(9.434946496 0.1899581918 -0.01597252301)
(9.72681634 0.1059282812 -0.01092718315)
(9.880996712 0.05209665164 -0.006289792765)
(9.953159461 0.02275805974 -0.00311702586)
(9.983284004 0.008889643906 -0.001351014305)
(9.994570756 0.003124532306 -0.0005183072218)
(9.998388697 0.0009940548108 -0.0001777207083)
(9.999561254 0.0002878649198 -5.491488542e-05)
(9.999889946 7.628015627e-05 -1.540175582e-05)
(9.999974467 1.858827603e-05 -3.946072117e-06)
(9.9999945 4.185100805e-06 -9.289455246e-07)
(9.999998896 8.744315289e-07 -2.019934446e-07)
(9.999999793 1.70253764e-07 -4.076668524e-08)
(9.999999963 3.101028262e-08 -7.670538942e-09)
(9.999999994 5.303156202e-09 -1.351076285e-09)
(9.999999999 8.544067445e-10 -2.236229408e-10)
(10 1.301012415e-10 -3.490325119e-11)
(10 1.877987464e-11 -5.1529714e-12)
(10 2.574848822e-12 -7.218547692e-13)
(10 3.379945337e-13 -9.626025772e-14)
(10 4.096412047e-14 -1.293187273e-14)
(10 3.245244245e-15 -1.346115686e-15)
(10 -3.986527631e-16 3.147241198e-16)
(10 -5.184544396e-16 1.475643792e-16)
(10 4.892143354e-17 -1.972240904e-16)
(10 4.054687387e-17 -5.006604536e-16)
(10 1.308855083e-16 3.091616136e-17)
(10 -3.506811533e-16 3.297840203e-18)
(10 5.362095281e-17 1.323603656e-16)
(10 2.470513423e-16 5.111840452e-16)
(10 2.963859064e-16 1.615963854e-17)
(10 2.697628385e-16 2.402345554e-16)
(10 -2.492548583e-16 -3.111094175e-16)
(10 2.249691907e-16 -3.294857156e-16)
(10 -1.671924025e-16 4.631515316e-16)
(10 2.091163776e-16 -4.585887135e-16)
(10 1.6555751e-16 6.076715147e-16)
(10 -4.724967901e-16 7.167351818e-17)
(10 6.18371315e-17 -5.705988821e-16)
(10 1.172449613e-16 -4.944659816e-16)
(10 6.334945592e-16 -2.331019656e-16)
(10 -1.542758907e-17 -3.751283933e-16)
(10 2.104760466e-16 1.46761555e-16)
(10 -3.326502601e-16 -4.635001063e-16)
(10 1.799193076e-16 -3.944660418e-16)
(10 -2.946094186e-16 7.235812666e-17)
(10 4.115147341e-16 1.946827232e-16)
(10 -6.293530511e-17 5.909576242e-16)
(10 3.640696029e-16 -1.207284031e-16)
(10 8.314564644e-17 3.972040683e-16)
(10 -2.14150207e-16 1.710450527e-16)
(10 -3.48249453e-16 2.835195739e-16)
(10 1.061546363e-16 4.012032288e-16)
(10 7.788301918e-17 -5.460362651e-16)
(10 7.53620804e-16 -1.385005518e-17)
(10 1.677553744e-16 3.169508967e-16)
(10 1.421885941e-16 1.833236039e-16)
(10 -4.279275684e-16 5.110199602e-16)
(10 -3.784277641e-16 3.148000826e-16)
(10 -2.216325726e-16 -1.325237246e-16)
(10 6.140513916e-16 -4.478622136e-16)
(10 -2.01021037e-16 3.126155323e-16)
(10 2.359736012e-17 4.199899817e-16)
(10 -2.265502448e-16 1.028632447e-16)
(10 3.994148384e-17 4.888834154e-16)
(10 -3.112963951e-16 -4.133890756e-16)
(10 4.214304743e-16 3.559729811e-15)
)
;

boundaryField
{
    left
    {
        type            dirichlet;
        value           uniform (4 0 0);
    }
    right
    {
        type            dirichlet;
        value           uniform (4 0 0);
    }
    sides
    {
        type            empty;
    }
}


// ************************************************************************* //
