/*--------------------------------*- C++ -*----------------------------------*\
| =========                 |                                                 |
| \\      /  F ield         | foam-extend: Open Source CFD                    |
|  \\    /   O peration     | Version:     4.1                                |
|   \\  /    A nd           | Web:         http://www.foam-extend.org         |
|    \\/     M anipulation  |                                                 |
\*---------------------------------------------------------------------------*/
FoamFile
{
    version     2.0;
    format      ascii;
    class       cellScalarField;
    location    "37.6";
    object      T;
}
// * * * * * * * * * * * * * * * * * * * * * * * * * * * * * * * * * * * * * //

dimensions      [0 0 0 0 1 0 0];

internalField   nonuniform 
100
(
(4 -5.703630593e-17 1.624202108e-17)
(4 -2.486503869e-17 -2.593250885e-17)
(4 -1.014338179e-16 -6.58220743e-17)
(4 3.779452982e-17 -1.477369819e-16)
(4 1.247479611e-17 9.047846342e-17)
(4 -4.75837324e-16 -2.04431418e-16)
(4 3.997887281e-16 1.756029294e-16)
(4 -6.833111904e-16 2.501978248e-16)
(4 7.954601339e-16 -7.281912174e-17)
(4 -1.342227443e-15 -3.353710549e-16)
(4 5.237114546e-16 -5.390694985e-17)
(4 -5.570985764e-16 -1.721886163e-17)
(4 1.056285763e-15 1.419936459e-16)
(4 -4.303574262e-16 3.060131787e-17)
(4 4.162923758e-16 7.815124111e-17)
(4 -2.75827298e-16 -1.481778715e-16)
(4 2.126669059e-16 -1.457095703e-16)
(4 1.058921263e-16 -8.470762127e-17)
(4 3.283128784e-16 1.444728123e-16)
(4 -9.739729319e-16 -3.483323693e-16)
(4 1.185759208e-15 4.618685314e-19)
(4 -8.814836268e-16 3.233384745e-16)
(4 6.641385048e-16 -2.360183814e-16)
(4 -1.037880599e-15 1.351193511e-16)
(4 5.068557429e-16 -2.620991219e-17)
(4 -1.619096837e-16 1.295269218e-17)
(4 1.207650132e-16 -1.225500242e-16)
(4 -9.111704468e-17 -1.938368497e-16)
(4 1.128684122e-16 1.021137051e-16)
(4 -2.306284205e-16 -3.728474384e-16)
(4 9.216239629e-16 -6.630824794e-17)
(4 -8.094022384e-16 -2.375542192e-16)
(4 7.802209804e-16 7.886657432e-17)
(4 -1.193282433e-15 2.181613306e-16)
(4 1.536081954e-15 -4.657985183e-17)
(4 -1.615777725e-15 -1.535896501e-16)
(4 9.997416569e-16 -2.074015139e-16)
(4 -3.149659908e-16 -2.117652593e-16)
(4 3.532190367e-16 1.943049227e-16)
(4 4.591752129e-18 3.119127171e-16)
(4 -1.643006195e-16 -1.715103541e-17)
(4 -1.635186789e-16 1.176939877e-16)
(4 1.318201362e-16 -8.476026255e-17)
(4 -1.222597571e-16 1.037118187e-16)
(4 -3.620700222e-16 3.458208196e-16)
(4 7.023099872e-16 -1.704794679e-16)
(4 -8.354291631e-16 1.987339526e-16)
(4 6.38161678e-15 4.126250323e-15)
(4 7.660582751e-14 3.615298889e-14)
(4 6.871107229e-13 3.119199056e-13)
(4 5.770636792e-12 2.509475104e-12)
(4 4.508142814e-11 1.879166527e-11)
(4 3.27039457e-10 1.300166875e-10)
(4.000000002 2.191564763e-09 8.267951329e-10)
(4.000000016 1.349823586e-08 4.805210236e-09)
(4.000000093 7.602941647e-08 2.538586196e-08)
(4.0000005 3.898682872e-07 1.213582737e-07)
(4.000002449 1.813831442e-06 5.23300086e-07)
(4.000010924 7.640261133e-06 2.031711371e-06)
(4.000044314 2.9114967e-05 7.098679137e-06)
(4.000163492 0.0001004100378 2.23301253e-05)
(4.000549244 0.0003137779899 6.331038049e-05)
(4.001683238 0.0008901163001 0.0001620135394)
(4.004716971 0.002297270786 0.0003747870644)
(4.012119702 0.005407251682 0.0007848511385)
(4.028635615 0.0116370173 0.001489468694)
(4.062409365 0.02295715395 0.002563001119)
(4.125867744 0.04162001933 0.003997580415)
(4.235686929 0.06951250433 0.005642190028)
(4.411140918 0.107209316 0.007178011015)
(4.670513692 0.1530394896 0.008166511469)
(5.02606606 0.2026408293 0.008177405638)
(5.478967621 0.2494094266 0.006956505884)
(6.01611065 0.2859114318 0.004557633291)
(6.610389232 0.3058548821 0.001366823995)
(7.224854812 0.3058873254 -0.002004388895)
(7.819657658 0.2865057945 -0.004913736723)
(8.359599068 0.2517468116 -0.006885034275)
(8.819982916 0.2078534735 -0.007725995707)
(9.189273911 0.1615068149 -0.007531875928)
(9.468363375 0.1182817048 -0.006595589681)
(9.66737225 0.08176501612 -0.005279375589)
(9.801451891 0.05342562196 -0.003903745891)
(9.886919615 0.0330409803 -0.002685565119)
(9.938532671 0.01936637458 -0.001727758933)
(9.968098315 0.01077182778 -0.001043629514)
(9.984183333 0.005692638823 -0.000593763706)
(9.992504484 0.002861826713 -0.0003190405127)
(9.996602559 0.001370208023 -0.0001622714628)
(9.998526112 0.0006255147763 -7.82857965e-05)
(9.999387578 0.000272569999 -3.588876413e-05)
(9.999756087 0.0001134951084 -1.565988732e-05)
(9.999906815 4.520560135e-05 -6.513840354e-06)
(9.999965824 1.724127761e-05 -2.586555786e-06)
(9.999987958 6.302950154e-06 -9.817990477e-07)
(9.999995921 2.210752509e-06 -3.566866037e-07)
(9.99999867 7.446849359e-07 -1.241749472e-07)
(9.999999583 2.411268767e-07 -4.147241884e-08)
(9.999999874 7.511973641e-08 -1.330260246e-08)
(9.999999963 2.253632213e-08 -4.102224898e-09)
)
;

boundaryField
{
    left
    {
        type            dirichlet;
        value           uniform (4 0 0);
    }
    right
    {
        type            dirichlet;
        value           uniform (4 0 0);
    }
    sides
    {
        type            empty;
    }
}


// ************************************************************************* //
