/*--------------------------------*- C++ -*----------------------------------*\
| =========                 |                                                 |
| \\      /  F ield         | foam-extend: Open Source CFD                    |
|  \\    /   O peration     | Version:     4.1                                |
|   \\  /    A nd           | Web:         http://www.foam-extend.org         |
|    \\/     M anipulation  |                                                 |
\*---------------------------------------------------------------------------*/
FoamFile
{
    version     2.0;
    format      ascii;
    class       cellScalarField;
    location    "41.4";
    object      T;
}
// * * * * * * * * * * * * * * * * * * * * * * * * * * * * * * * * * * * * * //

dimensions      [0 0 0 0 1 0 0];

internalField   nonuniform 
100
(
(4 -5.703630593e-17 1.624202108e-17)
(4 6.99228475e-17 1.081257841e-16)
(4 -2.197473401e-16 2.399951653e-16)
(4 -6.543331872e-17 -1.172364746e-16)
(4 -3.801192359e-17 -4.639312193e-17)
(4 -3.230043388e-16 -6.316503428e-17)
(4 4.062138389e-16 1.228147992e-16)
(4 -3.880936966e-16 6.69769131e-17)
(4 7.636582724e-16 5.864216067e-17)
(4 -1.313380887e-15 9.099799395e-17)
(4 -2.412826024e-17 1.052354944e-16)
(4 -9.486479207e-17 -2.846334817e-16)
(4 1.187408315e-15 -1.258670449e-16)
(4 -6.065649766e-16 4.30823116e-16)
(4 3.683667044e-16 9.530066269e-17)
(4 -2.816560323e-16 -3.5439978e-16)
(4 4.467315608e-16 5.897760641e-19)
(4 -5.129792235e-16 8.05794921e-17)
(4 7.305456161e-16 1.407001592e-17)
(4 -7.101010655e-16 5.545878942e-17)
(4 4.135849186e-16 -3.423881248e-17)
(4 -2.629216067e-16 -1.578178814e-16)
(4 2.372942535e-16 -1.021651156e-16)
(4 -6.932401448e-17 2.880694751e-16)
(4 -8.482167324e-17 4.023914966e-17)
(4 -1.359992319e-16 3.604360774e-17)
(4 2.57076198e-17 -1.610838495e-16)
(4 7.221118868e-17 -1.208935868e-16)
(4 -4.404725517e-16 -5.073114073e-17)
(4 5.573292212e-16 -7.851223438e-17)
(4 -8.379674829e-17 5.576803421e-19)
(4 -2.965807875e-17 4.319485538e-17)
(4 8.265220566e-17 -7.770721819e-17)
(4 -3.195442023e-16 1.040965106e-16)
(4 3.301379381e-16 2.433262059e-17)
(4 -3.888725595e-16 1.578115804e-16)
(4 8.875937894e-16 7.934426965e-17)
(4 -8.606081618e-16 -1.484716719e-17)
(4 6.65603858e-16 -3.624306809e-17)
(4 -1.834972449e-16 -6.476733945e-17)
(4 7.841111616e-16 2.063812207e-16)
(4 -9.726305486e-16 -3.197076035e-17)
(4 7.683966398e-16 -2.329785575e-16)
(4 -5.554783104e-16 2.272080157e-16)
(4 -3.177095332e-17 1.055804447e-16)
(4 3.341154269e-16 -3.644465905e-17)
(4 -1.295835292e-16 -5.930657925e-16)
(4 8.776124247e-16 2.182595853e-16)
(4 -9.146668913e-16 1.386388607e-16)
(4 4.4965127e-16 2.334877492e-17)
(4 -6.542349971e-17 1.259570751e-16)
(4 -3.577898072e-17 -5.970821715e-17)
(4 5.757818476e-16 4.896723734e-16)
(4 5.010148109e-15 1.825669725e-15)
(4 4.069418863e-14 1.983564567e-14)
(4 3.591281785e-13 1.580557e-13)
(4 2.847451299e-12 1.194249517e-12)
(4 2.095357415e-11 8.431682737e-12)
(4 1.43737182e-10 5.524385286e-11)
(4.000000001 9.150612439e-10 3.344494646e-10)
(4.000000006 5.384572527e-09 1.862656776e-09)
(4.000000036 2.917382624e-08 9.504752206e-09)
(4.000000189 1.450560154e-07 4.429125478e-08)
(4.000000903 6.602251941e-07 1.880375832e-07)
(4.000003961 2.7465776e-06 7.263365955e-07)
(4.000015936 1.043696736e-05 2.55157066e-06)
(4.000058824 3.623572609e-05 8.154111321e-06)
(4.00019938 0.0001150437413 2.372417264e-05)
(4.000621391 0.0003344618894 6.291215001e-05)
(4.00178397 0.0008919225657 0.0001522484881)
(4.00472783 0.002185926349 0.000336658539)
(4.01159285 0.004933487219 0.0006809660773)
(4.026365715 0.01027511671 0.001261011883)
(4.055760057 0.01978970928 0.002138632469)
(4.109949051 0.03531874911 0.003320866907)
(4.20268819 0.05852706647 0.00471518633)
(4.35031097 0.09022766078 0.006103943439)
(4.569283412 0.1296495235 0.007163455517)
(4.872498311 0.1739549934 0.007539197142)
(5.265131523 0.2183200997 0.006961027242)
(5.741366045 0.2567247876 0.00535521795)
(6.283299904 0.283306805 0.002901409596)
(6.862769895 0.2938542784 1.83900963e-06)
(7.445835406 0.2869048337 -0.002830617521)
(7.998706913 0.2640556484 -0.005121355674)
(8.493413736 0.2294051387 -0.006560608861)
(8.911690648 0.1883814496 -0.007062908129)
(9.24629231 0.1464056924 -0.006748262449)
(9.499850777 0.1078206024 -0.005866880204)
(9.682086915 0.07533407344 -0.004705893521)
(9.806452951 0.04999573216 -0.00351299846)
(9.887133635 0.03155128367 -0.002455369334)
(9.936943273 0.01895485536 -0.001613896484)
(9.966238414 0.01085192321 -0.001001023388)
(9.982669494 0.005926887672 -0.0005875304286)
(9.991467074 0.003091146349 -0.000327075026)
(9.995968124 0.001541037723 -0.0001730489525)
(9.99817072 0.0007350639391 -8.716965764e-05)
(9.999202607 0.000335785771 -4.187239116e-05)
(9.999665845 0.0001470355258 -1.920816128e-05)
)
;

boundaryField
{
    left
    {
        type            dirichlet;
        value           uniform (4 0 0);
    }
    right
    {
        type            dirichlet;
        value           uniform (4 0 0);
    }
    sides
    {
        type            empty;
    }
}


// ************************************************************************* //
