/*--------------------------------*- C++ -*----------------------------------*\
| =========                 |                                                 |
| \\      /  F ield         | foam-extend: Open Source CFD                    |
|  \\    /   O peration     | Version:     4.1                                |
|   \\  /    A nd           | Web:         http://www.foam-extend.org         |
|    \\/     M anipulation  |                                                 |
\*---------------------------------------------------------------------------*/
FoamFile
{
    version     2.0;
    format      ascii;
    class       cellScalarField;
    location    "32.7";
    object      T;
}
// * * * * * * * * * * * * * * * * * * * * * * * * * * * * * * * * * * * * * //

dimensions      [0 0 0 0 1 0 0];

internalField   nonuniform 
100
(
(4 -5.703630593e-17 1.624202108e-17)
(4 -5.030636063e-17 2.619115189e-16)
(4 -7.409792544e-18 -2.956690138e-18)
(4 7.863416201e-17 -8.093238973e-20)
(4 -1.459564062e-16 -1.940143053e-17)
(4 -7.321016188e-16 -1.405929183e-18)
(4 4.257551108e-16 -1.174760742e-16)
(4 -3.846008494e-16 5.104999851e-17)
(4 7.554734882e-16 2.017366414e-16)
(4 -1.120439964e-15 -3.70282541e-17)
(4 2.914532793e-16 -2.061279102e-16)
(4 -1.634534061e-17 -1.094907771e-16)
(4 9.521784841e-16 -1.172418457e-16)
(4 -5.337222726e-16 2.210653034e-16)
(4 2.622167117e-16 8.143042679e-17)
(4 -1.405267326e-16 1.059322837e-16)
(4 2.782936701e-16 1.107708834e-16)
(4 -7.937072657e-16 -7.751897773e-17)
(4 1.069795986e-15 -1.749159229e-16)
(4 -6.379704268e-16 -9.879676261e-18)
(4 6.363273271e-16 -8.375127881e-17)
(4 -6.450132366e-16 3.216438334e-16)
(4 1.039904933e-16 4.240389667e-17)
(4 -5.819041085e-17 1.27631835e-16)
(4 -6.018939868e-17 2.556694131e-16)
(4 -2.059988624e-16 -1.064600187e-16)
(4 1.048037513e-16 -1.170314274e-16)
(4 1.51148468e-17 -1.108943623e-17)
(4 -2.880584541e-16 2.186907367e-16)
(4 8.848743605e-17 2.315755897e-16)
(4 8.071140423e-17 2.819328354e-16)
(4 -2.453049231e-16 8.322592874e-18)
(4 -1.31390823e-16 -1.325301415e-16)
(4 -1.736972235e-16 -1.143147356e-16)
(4 8.531784334e-16 3.449538173e-17)
(4 -7.866245234e-16 1.801472803e-17)
(4 4.051175286e-16 -3.560801041e-17)
(4 -3.23109257e-16 -2.717206593e-17)
(4 3.276014273e-16 1.247462457e-16)
(4 6.132290305e-15 4.216816964e-15)
(4 7.81077561e-14 3.871808204e-14)
(4 7.835474143e-13 3.776051715e-13)
(4 7.37132913e-12 3.42146679e-12)
(4 6.448478459e-11 2.867974821e-11)
(4.000000001 5.214517184e-10 2.211518584e-10)
(4.000000004 3.876484377e-09 1.558983115e-09)
(4.00000003 2.632832113e-08 9.972810667e-09)
(4.00000019 1.622193086e-07 5.742257481e-08)
(4.000001108 9.002953776e-07 2.953558896e-07)
(4.000005822 4.473944188e-06 1.349346799e-06)
(4.000027476 1.98302703e-05 5.457251641e-06)
(4.000116248 7.826695922e-05 1.951675141e-05)
(4.000440894 0.0002751384519 6.175068162e-05)
(4.001501207 0.0008629178115 0.0001731126644)
(4.004600662 0.002420767789 0.0004308429587)
(4.012732299 0.006093296282 0.0009538248224)
(4.031939957 0.01380790226 0.001881379064)
(4.072922469 0.02826657094 0.003309148833)
(4.152168932 0.05245263287 0.005188272206)
(4.291490943 0.08852096551 0.007233380306)
(4.514885334 0.1362976142 0.008913808629)
(4.842554066 0.1920474448 0.009584040843)
(5.283459354 0.2483458549 0.008733651005)
(5.829192656 0.2955425291 0.006245375379)
(6.452152117 0.3245070886 0.002514189502)
(7.109579748 0.3295640326 -0.001658031282)
(7.752502338 0.31030246 -0.005351299278)
(8.336429503 0.271475783 -0.007854552541)
(8.830025233 0.2211589045 -0.008874362458)
(9.219142636 0.1681095041 -0.00854959825)
(9.505780766 0.1194662121 -0.007305642747)
(9.703452934 0.07952064733 -0.00564889707)
(9.831302414 0.04966871742 -0.004000001568)
(9.908989666 0.02916165138 -0.00261473785)
(9.953414657 0.01612126492 -0.001587072977)
(9.977360883 0.008405263358 -0.0008985092672)
(9.989546902 0.004139552873 -0.0004762032582)
(9.995410489 0.001928718601 -0.000236997077)
(9.998082166 0.0008514144985 -0.000111053767)
(9.999236541 0.0003566107463 -4.911238485e-05)
(9.999710192 0.0001419173522 -2.054206164e-05)
(9.999894994 5.373454251e-05 -8.142200636e-06)
(9.999963648 1.938301871e-05 -3.063872899e-06)
(9.999987964 6.669542535e-06 -1.096390558e-06)
(9.999996184 2.191891813e-06 -3.736939852e-07)
(9.999998841 6.888385647e-07 -1.215000276e-07)
(9.999999662 2.072542808e-07 -3.773692972e-08)
(9.999999905 5.976895667e-08 -1.12118728e-08)
(9.999999975 1.65393638e-08 -3.190632061e-09)
(9.999999993 4.396469529e-09 -8.707731715e-10)
(9.999999998 1.123802595e-09 -2.281803262e-10)
(10 2.765159647e-10 -5.747915771e-11)
(10 6.556220258e-11 -1.393496414e-11)
(10 1.498765138e-11 -3.252693049e-12)
(10 3.309240026e-12 -7.320478313e-13)
(10 7.032113622e-13 -1.601884349e-13)
(10 1.405109301e-13 -3.276805066e-14)
(10 3.297613381e-14 -4.930815752e-15)
(10 1.188339847e-14 -2.561154111e-15)
(10 1.736118465e-15 2.738686068e-15)
)
;

boundaryField
{
    left
    {
        type            dirichlet;
        value           uniform (4 0 0);
    }
    right
    {
        type            dirichlet;
        value           uniform (4 0 0);
    }
    sides
    {
        type            empty;
    }
}


// ************************************************************************* //
