/*--------------------------------*- C++ -*----------------------------------*\
| =========                 |                                                 |
| \\      /  F ield         | foam-extend: Open Source CFD                    |
|  \\    /   O peration     | Version:     4.1                                |
|   \\  /    A nd           | Web:         http://www.foam-extend.org         |
|    \\/     M anipulation  |                                                 |
\*---------------------------------------------------------------------------*/
FoamFile
{
    version     2.0;
    format      ascii;
    class       cellScalarField;
    location    "18.2";
    object      T;
}
// * * * * * * * * * * * * * * * * * * * * * * * * * * * * * * * * * * * * * //

dimensions      [0 0 0 0 1 0 0];

internalField   nonuniform 
100
(
(4 -5.703630593e-17 1.624202108e-17)
(4 -2.271041823e-16 3.257190798e-17)
(4 -3.820311918e-17 6.176337699e-17)
(4 -1.823636061e-16 -1.421274484e-16)
(4 9.874936136e-17 -9.383940457e-18)
(4 -5.608718039e-16 2.252899062e-16)
(4 5.786777714e-16 -1.498996741e-17)
(4 -4.497549029e-16 1.234308016e-16)
(4 9.214932434e-16 -1.136497758e-16)
(4 -1.37316168e-15 -1.06226085e-16)
(4 -7.401701561e-17 2.799868019e-16)
(4 1.245188193e-15 8.113877868e-17)
(4 -6.435665069e-16 1.267793397e-16)
(4 2.398950264e-15 -2.496464342e-16)
(4 -3.73210317e-16 1.422854947e-16)
(4 2.444352333e-17 -3.046616707e-17)
(4 3.240796246e-15 2.78344752e-15)
(4 7.007797143e-14 4.277112419e-14)
(4 1.149130246e-12 7.136399378e-13)
(4 1.830689212e-11 1.077782581e-11)
(4 2.542958324e-10 1.420878357e-10)
(4.000000003 3.214205264e-09 1.735805104e-09)
(4.000000035 3.697552263e-08 1.879093208e-08)
(4.000000364 3.738701707e-07 1.776382154e-07)
(4.000003376 3.335120865e-06 1.478678672e-06)
(4.000027584 2.597259119e-05 1.046670723e-05)
(4.00019329 0.0001697107379 6.001087288e-05)
(4.001127049 0.0009001789811 0.0002716068268)
(4.005386709 0.003831901462 0.0009664245756)
(4.021105626 0.01313948349 0.002718917695)
(4.06839043 0.03667230189 0.006092639854)
(4.185606698 0.08434090824 0.01091918002)
(4.427805273 0.1617900173 0.01559468954)
(4.849494409 0.2617964462 0.0173850506)
(5.47436537 0.3609951565 0.01411018109)
(6.269624498 0.4281114636 0.006023452256)
(7.14607374 0.4402918513 -0.00393565082)
(7.98884024 0.39567478 -0.0119414071)
(8.700779544 0.3128689417 -0.01559722301)
(9.232518745 0.2190764967 -0.01492376072)
(9.585739509 0.1366555643 -0.01163290828)
(9.795581819 0.07636256049 -0.007711400734)
(9.907655864 0.03842691791 -0.00444975504)
(9.961734342 0.01750036291 -0.002269023215)
(9.985419911 0.007246981873 -0.001033678808)
(9.99487829 0.002740981142 -0.0004243234155)
(9.998336615 0.0009509104699 -0.0001580717682)
(9.999499106 0.0003038195787 -5.3765921e-05)
(9.999859738 8.974471491e-05 -1.678782319e-05)
(9.999963371 2.459879703e-05 -4.835256994e-06)
(9.999991054 6.278402736e-06 -1.290323801e-06)
(9.999997951 1.497130331e-06 -3.203268749e-07)
(9.999999559 3.345946103e-07 -7.425635059e-08)
(9.99999991 7.029627688e-08 -1.613000977e-08)
(9.999999983 1.392319054e-08 -3.29389707e-09)
(9.999999997 2.606832987e-09 -6.342802259e-10)
(9.999999999 4.625657598e-10 -1.155013082e-10)
(10 7.797884974e-11 -1.994335785e-11)
(10 1.251877397e-11 -3.272818046e-12)
(10 1.916369494e-12 -5.120592185e-13)
(10 2.772478436e-13 -7.683089703e-14)
(10 3.730393003e-14 -1.071534416e-14)
(10 7.459131976e-15 -1.895109102e-15)
(10 -1.382057534e-15 9.725410455e-16)
(10 4.377640808e-16 -2.026299735e-16)
(10 2.877176474e-17 -9.876535404e-17)
(10 -8.825170483e-17 9.657120751e-17)
(10 -1.253587832e-17 -5.197159445e-17)
(10 2.947823087e-16 -1.521315993e-16)
(10 5.845049999e-17 -1.346396661e-16)
(10 -1.592762165e-16 1.45595208e-16)
(10 -1.768223534e-16 5.443635986e-16)
(10 -9.231778135e-17 4.337851212e-17)
(10 -4.432625964e-16 -6.998501387e-18)
(10 2.363943444e-16 -3.800316773e-16)
(10 2.598578072e-16 -7.151177146e-16)
(10 -4.64463051e-17 1.320564505e-16)
(10 -7.324042451e-16 1.529229311e-16)
(10 1.735973861e-16 -2.479015758e-16)
(10 -1.00808113e-16 2.533151216e-17)
(10 -1.548093628e-16 -1.442961081e-16)
(10 3.95566052e-16 5.715287831e-16)
(10 -7.078670069e-17 -3.604273083e-17)
(10 -2.60659658e-16 -2.83987504e-16)
(10 4.179641908e-16 -3.567886406e-17)
(10 -3.695635734e-16 3.525591019e-16)
(10 -2.327698979e-16 1.121284704e-16)
(10 -2.067998643e-17 2.12911729e-16)
(10 3.723809744e-16 2.179819915e-16)
(10 -6.138279296e-17 -5.638012352e-17)
(10 -4.103953018e-16 4.56291873e-16)
(10 1.350529935e-16 -1.282116472e-16)
(10 4.437684491e-17 -2.765646831e-16)
(10 4.065846255e-16 -1.759976851e-16)
(10 4.025465342e-16 -4.618083757e-16)
(10 3.866251883e-16 4.704370906e-17)
(10 -4.993719197e-16 4.217778861e-16)
(10 -6.398725433e-17 3.939406825e-16)
(10 2.009654243e-16 -2.054035557e-16)
(10 -1.072236664e-15 4.147882453e-15)
)
;

boundaryField
{
    left
    {
        type            dirichlet;
        value           uniform (4 0 0);
    }
    right
    {
        type            dirichlet;
        value           uniform (4 0 0);
    }
    sides
    {
        type            empty;
    }
}


// ************************************************************************* //
