/*--------------------------------*- C++ -*----------------------------------*\
| =========                 |                                                 |
| \\      /  F ield         | foam-extend: Open Source CFD                    |
|  \\    /   O peration     | Version:     4.1                                |
|   \\  /    A nd           | Web:         http://www.foam-extend.org         |
|    \\/     M anipulation  |                                                 |
\*---------------------------------------------------------------------------*/
FoamFile
{
    version     2.0;
    format      ascii;
    class       cellScalarField;
    location    "19.7";
    object      T;
}
// * * * * * * * * * * * * * * * * * * * * * * * * * * * * * * * * * * * * * //

dimensions      [0 0 0 0 1 0 0];

internalField   nonuniform 
100
(
(4 -5.703630593e-17 1.624202108e-17)
(4 3.267538152e-18 1.062227818e-16)
(4 -5.505668847e-18 -1.05643137e-16)
(4 -2.546433281e-16 -1.00011865e-16)
(4 6.567718162e-18 -3.201561e-17)
(4 -3.723393017e-16 -4.97829943e-17)
(4 2.679563368e-16 1.254344947e-16)
(4 -2.696871599e-16 -2.055648951e-17)
(4 8.236356616e-16 1.188165032e-16)
(4 -1.535270354e-15 -2.431934065e-17)
(4 1.421141403e-16 -6.635226321e-17)
(4 1.097561201e-15 1.254002087e-16)
(4 -5.176615583e-16 -1.093325704e-16)
(4 1.326201971e-16 -3.017796016e-17)
(4 3.955564544e-16 -1.437005851e-16)
(4 1.826905901e-16 -1.792666383e-16)
(4 1.636167604e-15 2.023873237e-17)
(4 4.319028588e-16 -2.329834714e-16)
(4 1.823749206e-15 7.153383746e-16)
(4 2.804898324e-14 1.859171073e-14)
(4 4.704585406e-13 2.832217564e-13)
(4 7.073962126e-12 4.100313751e-12)
(4 9.548309594e-11 5.269096798e-11)
(4.000000001 1.170854034e-09 6.220808736e-10)
(4.000000012 1.310807438e-08 6.599168425e-09)
(4.000000128 1.307418318e-07 6.17653208e-08)
(4.000001174 1.156472578e-06 5.10853091e-07)
(4.000009567 9.005034837e-06 3.651989084e-06)
(4.00006781 6.000589407e-05 2.171735871e-05)
(4.000407833 0.0003323101676 0.0001046278715)
(4.002047929 0.001507299973 0.0004048633447)
(4.008553328 0.005594592298 0.001261020126)
(4.029857117 0.01710594026 0.003180278361)
(4.08792646 0.04350610936 0.006529361249)
(4.220931725 0.09300002058 0.010931712)
(4.479374297 0.1687689703 0.01483757504)
(4.909257538 0.2624271911 0.01596068245)
(5.526486058 0.3526242889 0.01266976933)
(6.297325131 0.4126229934 0.005353638649)
(7.140537301 0.4234384768 -0.003503650189)
(7.953651886 0.3835551827 -0.01074214745)
(8.648966581 0.3084997635 -0.01430878924)
(9.179137475 0.2215520044 -0.01407598473)
(9.541454068 0.1428028806 -0.01136367318)
(9.7644496 0.08301356597 -0.007853663276)
(9.888620487 0.04372236448 -0.004753131371)
(9.951445964 0.02095499262 -0.002555764037)
(9.980448024 0.009176851373 -0.001233654603)
(9.99271113 0.003686634032 -0.0005388771657)
(9.99747847 0.001363722211 -0.0002144253823)
(9.999188527 0.0004661628413 -7.816321793e-05)
(9.999756454 0.0001477585466 -2.623141225e-05)
(9.999931659 4.35705042e-05 -8.140763439e-06)
(9.999982026 1.198992771e-05 -2.345795681e-06)
(9.999995558 3.088325544e-06 -6.29959604e-07)
(9.999998966 7.467105043e-07 -1.582084535e-07)
(9.999999773 1.699369516e-07 -3.727653481e-08)
(9.999999953 3.649713956e-08 -8.264837541e-09)
(9.999999991 7.415515348e-09 -1.72921353e-09)
(9.999999998 1.428768968e-09 -3.423173129e-10)
(10 2.61635657e-10 -6.427793676e-11)
(10 4.563257129e-11 -1.147439264e-11)
(10 7.59684894e-12 -1.952950795e-12)
(10 1.205706407e-12 -3.171633404e-13)
(10 1.803309708e-13 -4.795996235e-14)
(10 2.627617216e-14 -6.486462332e-15)
(10 6.739912443e-15 -2.514488788e-15)
(10 -2.170136049e-16 9.927035778e-16)
(10 -4.286148858e-16 4.704738387e-16)
(10 1.039023145e-16 6.227753547e-16)
(10 -4.705304838e-16 -1.762242155e-16)
(10 -2.734146621e-16 4.301041649e-16)
(10 -2.295753814e-16 -2.051834833e-16)
(10 1.766469843e-16 -4.019265275e-16)
(10 -4.284515721e-16 6.104862888e-16)
(10 4.466286177e-16 1.470359908e-16)
(10 -9.205992101e-17 3.255490998e-16)
(10 1.414898995e-16 1.522642178e-16)
(10 -8.021085952e-17 1.828964214e-16)
(10 2.037554174e-16 -5.460611498e-16)
(10 3.657587467e-16 4.174432941e-16)
(10 -1.39763662e-16 3.430104235e-16)
(10 -2.370226934e-16 -3.640089374e-16)
(10 9.101018883e-17 -1.59420333e-16)
(10 -4.32055986e-16 1.509213204e-16)
(10 2.031846261e-17 -2.349223303e-16)
(10 -5.159822324e-17 -2.727102293e-16)
(10 1.544995465e-17 3.091180372e-16)
(10 -8.837568758e-19 1.902653625e-16)
(10 -5.137554442e-16 1.277201776e-16)
(10 2.073772596e-16 -9.523376666e-17)
(10 -6.956654617e-17 1.471346998e-16)
(10 6.747999772e-17 -6.392762555e-17)
(10 -3.368937112e-16 5.300019216e-16)
(10 -3.937273929e-16 9.253822269e-17)
(10 5.124461789e-16 9.955929484e-17)
(10 -7.930043772e-17 5.208908006e-17)
(10 1.621784694e-16 6.939816324e-17)
(10 -3.373901774e-16 8.812938704e-17)
(10 -7.749713399e-17 3.01098607e-15)
)
;

boundaryField
{
    left
    {
        type            dirichlet;
        value           uniform (4 0 0);
    }
    right
    {
        type            dirichlet;
        value           uniform (4 0 0);
    }
    sides
    {
        type            empty;
    }
}


// ************************************************************************* //
