/*--------------------------------*- C++ -*----------------------------------*\
| =========                 |                                                 |
| \\      /  F ield         | foam-extend: Open Source CFD                    |
|  \\    /   O peration     | Version:     4.1                                |
|   \\  /    A nd           | Web:         http://www.foam-extend.org         |
|    \\/     M anipulation  |                                                 |
\*---------------------------------------------------------------------------*/
FoamFile
{
    version     2.0;
    format      ascii;
    class       cellScalarField;
    location    "29.9";
    object      T;
}
// * * * * * * * * * * * * * * * * * * * * * * * * * * * * * * * * * * * * * //

dimensions      [0 0 0 0 1 0 0];

internalField   nonuniform 
100
(
(4 -5.703630593e-17 1.624202108e-17)
(4 8.23052959e-17 8.677622228e-17)
(4 7.011137859e-18 1.000224826e-16)
(4 -1.235701496e-16 -3.475652459e-17)
(4 1.457424299e-16 -1.725925968e-17)
(4 -3.820091384e-16 2.14957366e-16)
(4 4.300413915e-16 -7.648222547e-17)
(4 -4.91586809e-16 1.681821889e-16)
(4 6.987787402e-16 -3.991029314e-17)
(4 -5.64273817e-16 2.014673748e-16)
(4 -7.002771037e-17 7.489912481e-17)
(4 6.517427933e-17 1.259411917e-16)
(4 4.603845847e-16 -1.234697461e-16)
(4 -2.0319714e-18 -1.186346232e-16)
(4 5.674922006e-17 -1.145059558e-16)
(4 1.207250038e-16 7.112541011e-17)
(4 -1.960108273e-16 -1.026105252e-16)
(4 -1.174235047e-16 -1.136451353e-17)
(4 2.675213244e-17 5.766374046e-17)
(4 -1.171445088e-16 -2.131688818e-17)
(4 1.744207974e-16 -2.352131884e-16)
(4 2.790573187e-17 1.026501297e-16)
(4 -8.870592491e-17 2.479501677e-16)
(4 -1.328408781e-16 7.685127595e-17)
(4 -1.911079962e-16 -5.102768592e-18)
(4 1.562118039e-16 -1.310657578e-16)
(4 6.616577686e-17 -5.789214134e-17)
(4 3.381033291e-16 1.015250381e-16)
(4 -1.190471424e-15 -2.675570173e-16)
(4 9.287120688e-16 2.228423669e-16)
(4 -4.270085209e-16 3.774663382e-16)
(4 2.479035197e-16 7.233109905e-17)
(4 3.5538537e-17 -4.930979411e-19)
(4 -3.781364429e-16 -3.561579086e-17)
(4 1.066549003e-15 1.208320877e-15)
(4 2.427969982e-14 1.286819572e-14)
(4 2.771906135e-13 1.417824776e-13)
(4 2.902542683e-12 1.427164356e-12)
(4 2.828400569e-11 1.336110644e-11)
(4 2.548770501e-10 1.150954191e-10)
(4.000000002 2.11109206e-09 9.06301384e-10)
(4.000000017 1.597093977e-08 6.476555555e-09)
(4.000000123 1.095426035e-07 4.161816505e-08)
(4.000000791 6.751526402e-07 2.379847456e-07)
(4.000004583 3.705992914e-06 1.199720379e-06)
(4.000023684 1.799127739e-05 5.29787238e-06)
(4.000108721 7.694241746e-05 2.04312575e-05)
(4.000442676 0.0002895970263 6.878854601e-05)
(4.001600147 0.0009605338563 0.0002024757206)
(4.005148453 0.002815363687 0.0005222067424)
(4.014800186 0.00731882645 0.001182947995)
(4.038182143 0.01694299899 0.002358310543)
(4.08883001 0.03507435119 0.00414176592)
(4.187314841 0.06519698443 0.006403636153)
(4.359894364 0.1092525686 0.008685280236)
(4.633446077 0.16567255 0.01024258415)
(5.027051741 0.2281636044 0.01029341881)
(5.542893077 0.2863484701 0.008386653623)
(6.160605381 0.3285406398 0.004690128162)
(6.838526876 0.3456566097 4.468324697e-06)
(7.522334453 0.334431298 -0.00453368147)
(8.15799364 0.2983700232 -0.007901655156)
(8.7039615 0.246099542 -0.00955140738)
(9.138297387 0.1881228639 -0.009515624758)
(9.459083688 0.1335878681 -0.008259924493)
(9.679533298 0.08832075151 -0.006411387145)
(9.820799589 0.05448343563 -0.004516325412)
(9.905385772 0.03142471793 -0.002915039372)
(9.952805025 0.01698044662 -0.001735805283)
(9.977741579 0.008612561523 -0.0009585727796)
(9.990065483 0.004107967784 -0.0004929974409)
(9.995799613 0.001845917613 -0.000236969297)
(9.99831582 0.000782784343 -0.0001067805614)
(9.999358891 0.0003137954412 -4.522911755e-05)
(9.999768036 0.0001191059271 -1.805210515e-05)
(9.999920134 4.287344344e-05 -6.804393663e-06)
(9.999973802 1.465807496e-05 -2.427160119e-06)
(9.999991803 4.766993077e-06 -8.209007907e-07)
(9.999997551 1.476785139e-06 -2.637251795e-07)
(9.9999993 4.364182216e-07 -8.061637027e-08)
(9.999999809 1.231943158e-07 -2.348603346e-08)
(9.99999995 3.326231772e-08 -6.531023369e-09)
(9.999999987 8.600878768e-09 -1.736111854e-09)
(9.999999997 2.132549034e-09 -4.41784503e-10)
(9.999999999 5.076316509e-10 -1.077624938e-10)
(10 1.161364079e-10 -2.523007311e-11)
(10 2.556847014e-11 -5.675891958e-12)
(10 5.420516231e-12 -1.228841017e-12)
(10 1.106291527e-12 -2.543505682e-13)
(10 2.183713883e-13 -5.184129605e-14)
(10 4.107760383e-14 -9.00924022e-15)
(10 1.213411758e-14 -2.542362128e-15)
(10 1.355543241e-15 -1.206574362e-15)
(10 -9.864415751e-17 5.870625972e-16)
(10 6.768375885e-17 3.094941771e-17)
(10 -1.584154414e-16 -3.325342748e-16)
(10 1.767131363e-17 -1.899996415e-16)
(10 -4.029708492e-17 -7.027136678e-17)
(10 -4.020997576e-16 -1.259223398e-16)
(10 -3.645602413e-16 3.10191388e-15)
)
;

boundaryField
{
    left
    {
        type            dirichlet;
        value           uniform (4 0 0);
    }
    right
    {
        type            dirichlet;
        value           uniform (4 0 0);
    }
    sides
    {
        type            empty;
    }
}


// ************************************************************************* //
