/*--------------------------------*- C++ -*----------------------------------*\
| =========                 |                                                 |
| \\      /  F ield         | foam-extend: Open Source CFD                    |
|  \\    /   O peration     | Version:     4.1                                |
|   \\  /    A nd           | Web:         http://www.foam-extend.org         |
|    \\/     M anipulation  |                                                 |
\*---------------------------------------------------------------------------*/
FoamFile
{
    version     2.0;
    format      ascii;
    class       cellScalarField;
    location    "18.8";
    object      T;
}
// * * * * * * * * * * * * * * * * * * * * * * * * * * * * * * * * * * * * * //

dimensions      [0 0 0 0 1 0 0];

internalField   nonuniform 
100
(
(4 -5.703630593e-17 1.624202108e-17)
(4 5.842803556e-18 -1.645827184e-16)
(4 1.523252939e-16 -1.51351731e-16)
(4 -1.524340951e-17 -1.683937899e-16)
(4 4.448211262e-17 -8.131319486e-17)
(4 -4.191417485e-16 -1.118098134e-16)
(4 7.954127555e-16 7.42349386e-17)
(4 -3.457497822e-16 3.661380512e-16)
(4 6.810538565e-16 1.216364747e-16)
(4 -1.382164467e-15 -1.965967939e-18)
(4 -4.060005018e-17 5.656175108e-17)
(4 1.353310771e-15 -1.376824579e-16)
(4 -6.572365313e-16 -7.53137864e-17)
(4 3.979210051e-16 -3.633150955e-17)
(4 9.729231632e-16 5.723543798e-16)
(4 9.454190427e-16 -2.389724535e-16)
(4 -4.208075966e-16 1.518939938e-16)
(4 5.027188782e-15 3.11902355e-15)
(4 8.664150574e-14 5.342882776e-14)
(4 1.404951311e-12 8.568053972e-13)
(4 2.137710666e-11 1.235144892e-11)
(4 2.868370583e-10 1.583723253e-10)
(4.000000003 3.521943349e-09 1.870788754e-09)
(4.000000037 3.914353945e-08 1.955652085e-08)
(4.000000377 3.838114764e-07 1.795761257e-07)
(4.000003402 3.328026764e-06 1.450025851e-06)
(4.000027014 2.514206773e-05 9.93738489e-06)
(4.00018403 0.0001595418324 5.539826176e-05)
(4.001047297 0.0008265892044 0.0002458126997)
(4.004916288 0.003463888677 0.000865368883)
(4.019047764 0.01178415066 0.002429874086)
(4.06141577 0.03286026171 0.005478938837)
(4.166739373 0.07596914901 0.009961011739)
(4.386156189 0.1472723739 0.01456389999)
(4.773149647 0.2419446283 0.01683840859)
(5.356495362 0.3400996289 0.01456905408)
(6.114510527 0.4126493789 0.007544122315)
(6.970298015 0.4355904017 -0.001892902896)
(7.815776188 0.4029321092 -0.01018323636)
(8.551553866 0.3287907627 -0.01469291109)
(9.1190234 0.238123454 -0.01494163246)
(9.509101062 0.1539416501 -0.01225135711)
(9.749358314 0.08931009554 -0.00851229164)
(9.882614718 0.04673240858 -0.005141796642)
(9.949485624 0.02216011931 -0.002743717475)
(9.979983584 0.009565746622 -0.001308087472)
(9.99267885 0.003775013778 -0.0005620762279)
(9.997521882 0.001367547594 -0.000219235743)
(9.999221632 0.0004565404948 -7.809509205e-05)
(9.999772513 0.0001409742821 -2.554153048e-05)
(9.999937966 4.04073935e-05 -7.706432384e-06)
(9.999984174 1.078717463e-05 -2.1543984e-06)
(9.999996212 2.690776771e-06 -5.6026477e-07)
(9.999999147 6.290741654e-07 -1.360359518e-07)
(9.999999819 1.382444133e-07 -3.094519145e-08)
(9.999999964 2.863654557e-08 -6.616048752e-09)
(9.999999993 5.606181174e-09 -1.333421932e-09)
(9.999999999 1.039862137e-09 -2.540483808e-10)
(10 1.831847731e-10 -4.587706549e-11)
(10 3.071714717e-11 -7.871350091e-12)
(10 4.914728797e-12 -1.287818235e-12)
(10 7.475921641e-13 -2.007165889e-13)
(10 1.062944065e-13 -2.815751989e-14)
(10 1.706225746e-14 -3.395734335e-15)
(10 2.817743095e-15 -1.888927308e-15)
(10 2.346677615e-16 6.028954471e-17)
(10 -4.892953243e-16 2.925388986e-16)
(10 1.212883432e-16 -5.799909446e-16)
(10 -2.184710073e-16 -4.309271447e-16)
(10 3.450138755e-16 -2.304537006e-16)
(10 -1.952908466e-16 -1.144982677e-16)
(10 7.226610787e-17 -4.019831318e-16)
(10 3.433123589e-16 -2.270847465e-16)
(10 1.843161783e-16 6.475169271e-19)
(10 -1.378260878e-16 -3.325882123e-16)
(10 6.47329982e-17 1.445428638e-16)
(10 -1.578073225e-16 1.465480348e-16)
(10 4.767308738e-17 -5.171453228e-18)
(10 1.575191561e-16 3.142366797e-17)
(10 -3.997492908e-16 -5.474365671e-18)
(10 -9.703473887e-17 6.475884044e-16)
(10 -2.702632705e-17 3.564878825e-17)
(10 -1.290139987e-16 -1.919423213e-16)
(10 -3.269042335e-16 3.638901427e-16)
(10 -1.394141938e-16 -1.041729474e-16)
(10 1.948094857e-16 -4.942058277e-16)
(10 7.258792232e-17 1.878012251e-17)
(10 2.032493367e-17 -6.449051112e-16)
(10 2.344179056e-16 4.683002791e-16)
(10 -1.907693665e-16 -1.598822022e-16)
(10 4.094614118e-16 6.552045666e-16)
(10 -8.817090799e-16 3.633023597e-16)
(10 -5.004823889e-17 2.067906039e-16)
(10 8.873599254e-17 2.49416753e-16)
(10 -3.588915462e-16 -4.226637472e-17)
(10 -3.417545869e-17 -2.359672862e-17)
(10 -3.869788852e-16 4.881924631e-16)
(10 -7.614098359e-17 -3.282194313e-16)
(10 1.177316979e-16 -6.628325567e-16)
(10 -3.712497042e-16 3.260373565e-15)
)
;

boundaryField
{
    left
    {
        type            dirichlet;
        value           uniform (4 0 0);
    }
    right
    {
        type            dirichlet;
        value           uniform (4 0 0);
    }
    sides
    {
        type            empty;
    }
}


// ************************************************************************* //
