/*--------------------------------*- C++ -*----------------------------------*\
| =========                 |                                                 |
| \\      /  F ield         | foam-extend: Open Source CFD                    |
|  \\    /   O peration     | Version:     4.1                                |
|   \\  /    A nd           | Web:         http://www.foam-extend.org         |
|    \\/     M anipulation  |                                                 |
\*---------------------------------------------------------------------------*/
FoamFile
{
    version     2.0;
    format      ascii;
    class       cellScalarField;
    location    "24.6";
    object      T;
}
// * * * * * * * * * * * * * * * * * * * * * * * * * * * * * * * * * * * * * //

dimensions      [0 0 0 0 1 0 0];

internalField   nonuniform 
100
(
(4 -5.703630593e-17 1.624202108e-17)
(4 -1.10241379e-16 -2.187936635e-17)
(4 5.942351996e-18 -1.41286246e-16)
(4 8.787496672e-17 3.74524516e-17)
(4 -6.828901421e-17 -1.21933364e-17)
(4 -4.353875195e-16 4.71692669e-17)
(4 5.455910892e-16 5.277240305e-18)
(4 -3.349263627e-16 -1.094396578e-16)
(4 9.246528177e-16 -6.769751263e-17)
(4 -1.076388925e-15 -4.991212475e-17)
(4 7.805976704e-17 -1.600173497e-17)
(4 1.298707321e-15 -8.181379014e-18)
(4 -9.377720494e-16 1.686947607e-16)
(4 3.714143881e-16 -1.001021276e-16)
(4 1.221027621e-16 -7.671949048e-17)
(4 -1.335451954e-16 -4.755052987e-17)
(4 5.013876204e-17 -8.538309662e-17)
(4 -8.440284099e-18 1.562301868e-16)
(4 2.575597644e-16 1.053733735e-16)
(4 -7.847408438e-16 1.312792869e-16)
(4 1.004153978e-15 -1.110706146e-16)
(4 -6.962182411e-16 1.290930172e-18)
(4 6.414468306e-16 1.646245596e-16)
(4 -1.018548986e-15 1.774756049e-16)
(4 8.485552211e-16 6.770747495e-17)
(4 3.355240083e-16 1.694923806e-16)
(4 5.102344417e-15 3.232306784e-15)
(4 7.818945897e-14 4.236432026e-14)
(4 9.774276276e-13 5.32864571e-13)
(4 1.167418917e-11 6.109561832e-12)
(4 1.281728911e-10 6.437485394e-11)
(4.000000001 1.291769222e-09 6.186949041e-10)
(4.000000012 1.184175163e-08 5.370363624e-09)
(4.000000102 9.799788255e-08 4.179732017e-08)
(4.000000787 7.259811606e-07 2.880728089e-07)
(4.000005414 4.747940832e-06 1.726281068e-06)
(4.00003277 2.698220088e-05 8.845782187e-06)
(4.00017253 0.0001316963256 3.837938056e-05)
(4.000785406 0.0005492419834 0.000140558828)
(4.003089143 0.001957928263 0.0004350961198)
(4.010530453 0.005988516227 0.001142149417)
(4.031282167 0.01580316018 0.002551717763)
(4.081529718 0.03620625388 0.004864415801)
(4.187804997 0.07247544612 0.007914657871)
(4.385308249 0.1275347397 0.01094730177)
(4.709646448 0.1984322543 0.01271419829)
(5.182817449 0.2744691673 0.01200757486)
(5.79912681 0.3392040783 0.008384904327)
(6.519172597 0.3763149775 0.002581801742)
(7.277032363 0.3764123454 -0.003740182351)
(7.998556989 0.340858489 -0.008782768336)
(8.622299903 0.280510581 -0.01142017632)
(9.113677435 0.2105522338 -0.01154766262)
(9.467640911 0.1446409336 -0.009868445816)
(9.701545133 0.09123318778 -0.007382162978)
(9.8437747 0.05300131034 -0.00492691353)
(9.923590596 0.02844287638 -0.002969444035)
(9.965043748 0.01413967702 -0.00163003207)
(9.985022378 0.006529201938 -0.0008202991549)
(9.993980966 0.002807789235 -0.0003804469539)
(9.997727785 0.00112729791 -0.0001633399041)
(9.999192924 0.0004235729598 -6.516967484e-05)
(9.999729826 0.0001492933192 -2.424643925e-05)
(9.999914618 4.947047018e-05 -8.438255084e-06)
(9.999974484 1.544476399e-05 -2.754870497e-06)
(9.999992777 4.552486013e-06 -8.459489558e-07)
(9.99999806 1.269457659e-06 -2.449378007e-07)
(9.999999505 3.355280674e-07 -6.702623876e-08)
(9.99999988 8.421488549e-08 -1.737250945e-08)
(9.999999972 2.010837492e-08 -4.273748298e-09)
(9.999999994 4.575550012e-09 -9.998578262e-10)
(9.999999999 9.938218921e-10 -2.228753983e-10)
(10 2.063805899e-10 -4.741873603e-11)
(10 4.103413824e-11 -9.646088714e-12)
(10 7.826336446e-12 -1.878934281e-12)
(10 1.432349022e-12 -3.518990251e-13)
(10 2.494713713e-13 -6.314152852e-14)
(10 4.351254701e-14 -1.001718679e-14)
(10 9.937130716e-15 -2.329031963e-15)
(10 -1.330069809e-16 2.412328161e-16)
(10 -4.32797182e-18 -9.688571924e-17)
(10 -2.820519824e-17 1.074446285e-16)
(10 -3.537956079e-16 4.297521199e-17)
(10 -1.585369715e-16 4.493428295e-16)
(10 2.414640348e-16 -1.382641661e-16)
(10 3.543635686e-16 1.83410652e-16)
(10 -3.516222993e-16 -2.329894413e-17)
(10 4.908162499e-16 -3.960393739e-16)
(10 1.528838488e-16 -3.498096913e-16)
(10 -1.633517118e-16 6.176631555e-16)
(10 -3.110557341e-16 -3.104890245e-16)
(10 9.623545922e-17 -2.733827271e-16)
(10 -1.540111992e-16 -1.509259442e-16)
(10 -1.501075024e-16 -3.932426001e-16)
(10 3.504835566e-17 -2.027494642e-16)
(10 8.244398687e-17 -1.008195033e-16)
(10 1.110483524e-16 -4.470737712e-16)
(10 5.968280391e-17 4.020377999e-17)
(10 3.623104069e-16 -4.406095285e-16)
(10 1.445626352e-16 2.971465292e-15)
)
;

boundaryField
{
    left
    {
        type            dirichlet;
        value           uniform (4 0 0);
    }
    right
    {
        type            dirichlet;
        value           uniform (4 0 0);
    }
    sides
    {
        type            empty;
    }
}


// ************************************************************************* //
