/*--------------------------------*- C++ -*----------------------------------*\
| =========                 |                                                 |
| \\      /  F ield         | foam-extend: Open Source CFD                    |
|  \\    /   O peration     | Version:     4.1                                |
|   \\  /    A nd           | Web:         http://www.foam-extend.org         |
|    \\/     M anipulation  |                                                 |
\*---------------------------------------------------------------------------*/
FoamFile
{
    version     2.0;
    format      ascii;
    class       cellScalarField;
    location    "16.1";
    object      T;
}
// * * * * * * * * * * * * * * * * * * * * * * * * * * * * * * * * * * * * * //

dimensions      [0 0 0 0 1 0 0];

internalField   nonuniform 
100
(
(4 -5.703630593e-17 1.624202108e-17)
(4 -1.536434419e-17 2.146137118e-16)
(4 -1.568930775e-16 8.547976651e-17)
(4 1.07861913e-16 -1.542432508e-16)
(4 -5.922534651e-18 2.363869165e-16)
(4 -2.696835427e-16 -9.420134393e-18)
(4 2.01504172e-16 -1.161674055e-16)
(4 -2.890722228e-16 -1.097766723e-16)
(4 8.053191565e-16 -1.102385115e-16)
(4 -1.313431866e-15 -2.382241305e-16)
(4 1.68677635e-16 -3.009844784e-17)
(4 1.73517243e-15 -1.236944125e-16)
(4 1.005412836e-15 1.887919933e-16)
(4 4.494962145e-15 4.378210065e-15)
(4 1.273759396e-13 7.678333438e-14)
(4 2.141976331e-12 1.404947236e-12)
(4 3.905886784e-11 2.394409716e-11)
(4.000000001 5.811552368e-10 3.323139145e-10)
(4.000000007 7.851900107e-09 4.413087065e-09)
(4.000000089 9.731391329e-08 5.09113366e-08)
(4.000000991 1.032977589e-06 5.022528697e-07)
(4.000009592 9.615843748e-06 4.372953989e-06)
(4.000081342 7.767066527e-05 3.174833821e-05)
(4.000580496 0.0005118648064 0.0001792685638)
(4.003346323 0.002639890081 0.00076663544)
(4.015358972 0.01057508464 0.002487503487)
(4.056444761 0.03324280101 0.006185919068)
(4.168546905 0.08330959206 0.0118821323)
(4.416213285 0.1691682648 0.01760405421)
(4.865651551 0.2825255072 0.01966722368)
(5.544356647 0.3932762796 0.01518794042)
(6.407265282 0.4617109031 0.004873542112)
(7.340633434 0.4620055389 -0.006928832636)
(8.207648651 0.3977778966 -0.01526372376)
(8.905228851 0.2972253103 -0.01778547805)
(9.395183711 0.1942715627 -0.01546666363)
(9.697776696 0.1118875796 -0.01095146404)
(9.863214843 0.05716883579 -0.006562241107)
(9.943796828 0.02608029226 -0.003402614001)
(9.978973868 0.01068685387 -0.001549923508)
(9.992814398 0.003955804884 -0.0006273008459)
(9.997748905 0.00132983446 -0.0002276587878)
(9.999351191 0.0004080789472 -7.466085141e-05)
(9.999827333 0.0001148586617 -2.227548092e-05)
(9.999957418 2.978747532e-05 -6.082629577e-06)
(9.999990234 7.148655729e-06 -1.528403829e-06)
(9.99999791 1.594054634e-06 -3.551509564e-07)
(9.999999581 3.315419337e-07 -7.666310798e-08)
(9.999999921 6.45510488e-08 -1.543748129e-08)
(9.999999986 1.180536675e-08 -2.911158559e-09)
(9.999999998 2.034516157e-09 -5.159596784e-10)
(10 3.314095434e-10 -8.623350558e-11)
(10 5.117209781e-11 -1.363398262e-11)
(10 7.508018287e-12 -2.044870913e-12)
(10 1.049515089e-12 -2.913944406e-13)
(10 1.392880634e-13 -3.905684775e-14)
(10 1.635094041e-14 -5.986354313e-15)
(10 7.287537722e-17 -2.234981665e-16)
(10 -2.953978154e-16 -7.307808217e-16)
(10 5.037667426e-16 -7.21864127e-16)
(10 2.201308781e-16 1.961042087e-16)
(10 3.572710127e-16 -1.230949911e-18)
(10 -6.916999324e-18 4.792503557e-16)
(10 -3.15205205e-16 -1.420067347e-16)
(10 -2.102739598e-17 -3.960478478e-17)
(10 -1.059702089e-16 2.266295112e-17)
(10 1.006764475e-16 1.57264444e-16)
(10 -1.03380969e-16 1.462400728e-16)
(10 1.270707214e-16 1.034527313e-16)
(10 -3.561193265e-16 -1.734150546e-16)
(10 -3.994690461e-16 -1.673883094e-16)
(10 2.416789322e-18 -1.255161945e-16)
(10 2.083165366e-16 -6.414469997e-16)
(10 6.294225757e-17 -3.662870827e-17)
(10 -5.048782141e-16 -3.833260791e-17)
(10 -1.441391129e-16 -2.019807522e-16)
(10 3.342255544e-16 -1.068651493e-16)
(10 1.197635791e-16 -2.704794957e-16)
(10 1.741447497e-16 -5.411675777e-16)
(10 5.912688697e-17 -3.335168141e-16)
(10 3.626144091e-16 -2.943231286e-17)
(10 4.45037495e-16 1.20025544e-16)
(10 -2.806633892e-17 3.54984015e-16)
(10 9.066666496e-17 1.701955725e-16)
(10 -1.783124731e-17 5.481466518e-16)
(10 -2.281502359e-16 -3.776688865e-16)
(10 3.730759459e-17 -1.603733866e-17)
(10 7.594603065e-17 2.545689123e-16)
(10 -2.595563591e-16 -5.231523291e-16)
(10 4.54708512e-16 -5.105653985e-16)
(10 3.148357621e-17 3.443094575e-16)
(10 2.276835526e-16 4.745127949e-16)
(10 -2.102922759e-16 7.483778109e-17)
(10 2.916693035e-16 2.429687904e-17)
(10 -3.682491228e-16 -3.65143018e-16)
(10 2.500624766e-16 -3.365589121e-16)
(10 4.748010918e-17 -1.49284811e-16)
(10 -5.068146989e-16 -1.241440952e-16)
(10 -2.351742564e-16 -4.462532177e-16)
(10 -2.90772642e-16 3.021022373e-15)
)
;

boundaryField
{
    left
    {
        type            dirichlet;
        value           uniform (4 0 0);
    }
    right
    {
        type            dirichlet;
        value           uniform (4 0 0);
    }
    sides
    {
        type            empty;
    }
}


// ************************************************************************* //
