/*--------------------------------*- C++ -*----------------------------------*\
| =========                 |                                                 |
| \\      /  F ield         | foam-extend: Open Source CFD                    |
|  \\    /   O peration     | Version:     4.1                                |
|   \\  /    A nd           | Web:         http://www.foam-extend.org         |
|    \\/     M anipulation  |                                                 |
\*---------------------------------------------------------------------------*/
FoamFile
{
    version     2.0;
    format      ascii;
    class       cellScalarField;
    location    "0.9";
    object      T;
}
// * * * * * * * * * * * * * * * * * * * * * * * * * * * * * * * * * * * * * //

dimensions      [0 0 0 0 1 0 0];

internalField   nonuniform 
100
(
(4.06807339 0.1729424227 0.2080743425)
(6.078537263 1.846554732 0.05186795571)
(9.133313962 0.8786789786 -0.2270007417)
(9.924786991 0.09280705491 -0.03171438465)
(9.99551648 0.006044045535 -0.002288117016)
(9.999781668 0.0003095055557 -0.0001235990734)
(9.999990628 1.372663107e-05 -5.667566234e-06)
(9.999999631 5.534384194e-07 -2.339479248e-07)
(9.999999986 2.085953979e-08 -8.980211321e-09)
(10 7.480297622e-10 -3.270196502e-10)
(10 2.582999217e-11 -1.14491542e-11)
(10 8.64798119e-13 -3.87694597e-13)
(10 2.865595407e-14 -1.312371853e-14)
(10 9.136207954e-16 -4.781245841e-16)
(10 -3.390875988e-16 -1.533763391e-16)
(10 9.371346498e-17 4.767706019e-16)
(10 -1.043016886e-15 5.336916088e-16)
(10 1.330763089e-16 -7.537620255e-17)
(10 4.144657179e-18 -2.348077949e-18)
(10 1.293451731e-19 -7.328802778e-20)
(10 4.041737016e-21 -2.290385448e-21)
(10 1.264452165e-22 -7.167128151e-23)
(10 3.964032857e-24 -2.247939965e-24)
(10 1.247944512e-25 -7.082899703e-26)
(10 3.958793525e-27 -2.249883988e-27)
(10 1.271051396e-28 -7.237235868e-29)
(10 4.149897273e-30 -2.368412976e-30)
(10 1.383142359e-31 -7.914182993e-32)
(10 4.714991302e-33 -2.704698175e-33)
(10 1.642729946e-34 -9.443902563e-35)
(10 5.830751273e-36 -3.357471091e-36)
(10 2.098143707e-37 -1.209325545e-37)
(10 7.612547853e-39 -4.389242259e-39)
(10 2.770686914e-40 -1.597254995e-40)
(10 1.007299839e-41 -5.803684769e-42)
(10 3.646184321e-43 -2.099061918e-43)
(10 1.311104012e-44 -7.540357339e-45)
(10 4.676361889e-46 -2.686521806e-46)
(10 1.652983152e-47 -9.485513583e-48)
(10 5.787969209e-49 -3.317625713e-49)
(10 2.007350206e-50 -1.149322788e-50)
(10 6.89590138e-52 -3.94405498e-52)
(10 2.347039371e-53 -1.340986444e-53)
(10 7.916588697e-55 -4.518716537e-55)
(10 2.647233079e-56 -1.509606542e-56)
(10 8.778924187e-58 -5.001829805e-58)
(10 2.888335583e-59 -1.644266246e-59)
(10 9.43131895e-61 -5.364802998e-61)
(10 3.057545082e-62 -1.737920937e-62)
(10 9.844652914e-64 -5.591794447e-64)
(10 3.149195978e-65 -1.787560927e-65)
(10 1.001170445e-66 -5.679305169e-67)
(10 3.164136705e-68 -1.793837264e-68)
(10 9.944060475e-70 -5.63437549e-70)
(10 3.108485064e-71 -1.760344713e-71)
(10 9.667598996e-73 -5.472002441e-73)
(10 2.992092635e-74 -1.692748422e-74)
(10 9.217509076e-76 -5.212318545e-76)
(10 2.82698829e-77 -1.597904995e-77)
(10 8.633575264e-79 -4.877936428e-79)
(10 2.62598871e-80 -1.483082056e-80)
(10 7.9561889e-82 -4.491714023e-82)
(10 2.401582603e-83 -1.355334669e-83)
(10 7.223309945e-85 -4.075061214e-85)
(10 2.165127685e-86 -1.221059159e-86)
(10 6.468417481e-88 -3.646805376e-88)
(10 1.926350315e-89 -1.085717529e-89)
(10 5.719361645e-91 -3.222563826e-91)
(10 1.693107077e-92 -9.537088722e-93)
(10 4.997959351e-94 -2.814532706e-94)
(10 1.471352777e-95 -8.283560783e-96)
(10 4.320149363e-97 -2.431587612e-97)
(10 1.265256159e-98 -7.119746658e-99)
(10 3.696526128e-100 -2.079594101e-100)
(10 1.077409264e-101 -6.059932897e-102)
(10 3.133094169e-103 -1.761839255e-103)
(10 9.09085151e-105 -5.111005627e-105)
(10 2.632116165e-106 -1.479513335e-106)
(10 7.605091676e-108 -4.273987472e-108)
(10 2.192961148e-109 -1.232189404e-109)
(10 6.31119189e-111 -3.545506669e-111)
(10 1.812890046e-112 -1.018266132e-112)
(10 5.197993152e-114 -2.91911266e-114)
(10 1.487741754e-115 -8.353535455e-116)
(10 4.250788012e-117 -2.386393312e-117)
(10 1.21250313e-118 -6.80592795e-119)
(10 3.452934902e-120 -1.937879529e-120)
(10 9.817609044e-122 -5.509090924e-122)
(10 2.787108073e-123 -1.563744059e-123)
(10 7.900430622e-125 -4.432023369e-125)
(10 2.23621738e-126 -1.254314364e-126)
(10 6.320629131e-128 -3.5448299e-128)
(10 1.784044637e-129 -1.000426237e-129)
(10 5.028815546e-131 -2.819621522e-131)
(10 1.415647596e-132 -7.936471298e-133)
(10 3.980048682e-134 -2.231049654e-134)
(10 1.117581436e-135 -6.26397348e-136)
(10 3.134301891e-137 -1.756558858e-137)
(10 8.77983033e-139 -4.919946491e-139)
(10 -1.630746202e-15 3.964452346e-15)
)
;

boundaryField
{
    left
    {
        type            dirichlet;
        value           uniform (4 0 0);
    }
    right
    {
        type            dirichlet;
        value           uniform (4 0 0);
    }
    sides
    {
        type            empty;
    }
}


// ************************************************************************* //
