/*--------------------------------*- C++ -*----------------------------------*\
| =========                 |                                                 |
| \\      /  F ield         | foam-extend: Open Source CFD                    |
|  \\    /   O peration     | Version:     4.1                                |
|   \\  /    A nd           | Web:         http://www.foam-extend.org         |
|    \\/     M anipulation  |                                                 |
\*---------------------------------------------------------------------------*/
FoamFile
{
    version     2.0;
    format      ascii;
    class       cellScalarField;
    location    "0.8";
    object      T;
}
// * * * * * * * * * * * * * * * * * * * * * * * * * * * * * * * * * * * * * //

dimensions      [0 0 0 0 1 0 0];

internalField   nonuniform 
100
(
(4.157891421 0.3607084478 0.3112796525)
(6.784111222 2.007940079 -0.1133717123)
(9.494920412 0.5758735139 -0.1763264506)
(9.964964484 0.04558578168 -0.01644103189)
(9.99819503 0.002515511442 -0.0009834608931)
(9.999920701 0.0001154940129 -4.744464873e-05)
(9.999996851 4.7298053e-06 -2.00798909e-06)
(9.999999883 1.789535619e-07 -7.770234414e-08)
(9.999999996 6.383940751e-09 -2.814634692e-09)
(10 2.175008834e-10 -9.684368783e-11)
(10 7.140166626e-12 -3.197635888e-12)
(10 2.277970074e-13 -1.011734016e-13)
(10 7.006151562e-15 -3.297178457e-15)
(10 2.518224658e-16 -1.877701615e-16)
(10 -4.277360202e-16 -7.8805049e-16)
(10 1.254619484e-15 -6.488910082e-16)
(10 -1.28958623e-16 7.314385679e-17)
(10 -4.069573634e-18 2.307621509e-18)
(10 -1.281007533e-19 7.26326572e-20)
(10 -4.028284672e-21 2.284705174e-21)
(10 -1.269814744e-22 7.20858995e-23)
(10 -4.035265596e-24 2.294767088e-24)
(10 -1.302383214e-25 7.425731794e-26)
(10 -4.30187576e-27 2.460836689e-27)
(10 -1.462273856e-28 8.394046558e-29)
(10 -5.121828422e-30 2.94939617e-30)
(10 -1.842216074e-31 1.063321376e-31)
(10 -6.756798157e-33 3.905224295e-33)
(10 -2.50624025e-34 1.449094325e-34)
(10 -9.329104596e-36 5.392065698e-36)
(10 -3.463689771e-37 2.000171931e-37)
(10 -1.277160932e-38 7.366246345e-39)
(10 -4.664048701e-40 2.686339701e-40)
(10 -1.684261694e-41 9.686677557e-42)
(10 -6.009859536e-43 3.451407147e-43)
(10 -2.118583446e-44 1.214956491e-44)
(10 -7.379424794e-46 4.226174446e-46)
(10 -2.540708699e-47 1.453184907e-47)
(10 -8.650734326e-49 4.941891423e-49)
(10 -2.914418027e-50 1.663027216e-50)
(10 -9.720641237e-52 5.540917195e-52)
(10 -3.211618571e-53 1.828858875e-53)
(10 -1.051654621e-54 5.98311234e-55)
(10 -3.414802804e-56 1.941081214e-56)
(10 -1.100048962e-57 6.247962363e-58)
(10 -3.517301768e-59 1.996212044e-59)
(10 -1.116715686e-60 6.333311544e-61)
(10 -3.521943178e-62 1.996092455e-62)
(10 -1.103794063e-63 6.251925369e-64)
(10 -3.43880539e-65 1.946599953e-65)
(10 -1.065315492e-66 6.027058625e-67)
(10 -3.282671657e-68 1.856206169e-68)
(10 -1.006406948e-69 5.687959139e-70)
(10 -3.070625757e-71 1.734623937e-71)
(10 -9.325877233e-73 5.265921879e-73)
(10 -2.820054422e-74 1.591689529e-74)
(10 -8.492181772e-76 4.791212904e-76)
(10 -2.547171363e-77 1.436541533e-77)
(10 -7.611176573e-79 4.290951238e-79)
(10 -2.26606755e-80 1.277096679e-80)
(10 -6.723407002e-82 3.787881254e-82)
(10 -1.988223915e-83 1.119785174e-83)
(10 -5.860848173e-85 3.299881751e-85)
(10 -1.722389155e-86 9.694899598e-87)
(10 -5.046970306e-88 2.840025244e-88)
(10 -1.474717456e-89 8.296303982e-90)
(10 -4.297467456e-91 2.417004661e-91)
(10 -1.24906931e-92 7.023359212e-93)
(10 -3.621367971e-94 2.035769457e-94)
(10 -1.047395459e-95 5.886648815e-96)
(10 -3.022304703e-97 1.698247099e-97)
(10 -8.701437062e-99 4.888350075e-99)
(10 -2.499785263e-100 1.404061088e-100)
(10 -7.166473509e-102 4.024425661e-102)
(10 -2.050358778e-103 1.151188242e-103)
(10 -5.854701801e-105 3.286564422e-105)
(10 -1.668621525e-106 9.365236913e-107)
(10 -4.746957234e-108 2.663804458e-108)
(10 -1.348038362e-109 7.563412454e-110)
(10 -3.821576166e-111 2.143822685e-111)
(10 -1.081580669e-112 6.066500796e-113)
(10 -3.056139761e-114 1.713908537e-114)
(10 -8.621964081e-116 4.834568536e-116)
(10 -2.428722011e-117 1.361658823e-117)
(10 -6.831358092e-119 3.829467154e-119)
(10 -1.918722509e-120 1.075439561e-120)
(10 -5.381590365e-122 3.015981533e-122)
(10 -1.507367685e-123 8.446621564e-124)
(10 -4.216517704e-125 2.362463376e-125)
(10 -1.177959179e-126 6.599183115e-127)
(10 -3.286721817e-128 1.841081739e-128)
(10 -9.159384236e-130 5.130124802e-130)
(10 -2.549493512e-131 1.427803311e-131)
(10 -7.088249622e-133 3.969241644e-133)
(10 -1.968494544e-134 1.102193907e-134)
(10 -5.46074298e-136 3.057256862e-136)
(10 -1.513224297e-137 8.471123307e-138)
(10 -4.188902368e-139 2.344749777e-139)
(10 -1.158386374e-140 6.483496721e-141)
(10 -1.407652736e-15 3.910994832e-15)
)
;

boundaryField
{
    left
    {
        type            dirichlet;
        value           uniform (4 0 0);
    }
    right
    {
        type            dirichlet;
        value           uniform (4 0 0);
    }
    sides
    {
        type            empty;
    }
}


// ************************************************************************* //
