/*--------------------------------*- C++ -*----------------------------------*\
| =========                 |                                                 |
| \\      /  F ield         | foam-extend: Open Source CFD                    |
|  \\    /   O peration     | Version:     4.1                                |
|   \\  /    A nd           | Web:         http://www.foam-extend.org         |
|    \\/     M anipulation  |                                                 |
\*---------------------------------------------------------------------------*/
FoamFile
{
    version     2.0;
    format      ascii;
    class       cellScalarField;
    location    "33.7";
    object      T;
}
// * * * * * * * * * * * * * * * * * * * * * * * * * * * * * * * * * * * * * //

dimensions      [0 0 0 0 1 0 0];

internalField   nonuniform 
100
(
(4 -5.703630593e-17 1.624202108e-17)
(4 -6.210210223e-18 4.423544537e-17)
(4 -2.49901395e-16 1.654972861e-16)
(4 -7.345468281e-17 -1.64115033e-17)
(4 7.814193452e-17 1.950736648e-16)
(4 -4.723310817e-16 2.85111091e-16)
(4 2.434686077e-16 1.806678044e-16)
(4 -2.716597931e-16 1.222187507e-17)
(4 8.267039695e-16 1.801866118e-18)
(4 -1.294228217e-15 -1.00860335e-16)
(4 3.327473444e-16 -4.874482487e-17)
(4 -2.943163016e-16 -8.259851309e-18)
(4 1.329035526e-15 -1.560523835e-16)
(4 -7.021986825e-16 -4.698140329e-17)
(4 6.910698288e-16 -8.544039958e-17)
(4 -5.402387002e-16 -9.63589561e-17)
(4 3.487528173e-16 8.289969042e-17)
(4 6.306546046e-18 -8.15578077e-17)
(4 -7.059778589e-17 2.695408377e-17)
(4 -1.475950416e-16 2.374002719e-16)
(4 3.215250463e-16 1.436061052e-16)
(4 -3.977299372e-16 -2.545711687e-16)
(4 6.14798779e-16 1.814047708e-16)
(4 -5.665671326e-16 3.226771023e-17)
(4 3.517328535e-16 -5.867074113e-18)
(4 -7.529692468e-17 1.437064705e-16)
(4 -1.235297369e-16 1.722525176e-16)
(4 3.056962011e-17 3.093628622e-17)
(4 -5.156404986e-16 -9.073818511e-17)
(4 3.426637873e-16 1.812950473e-16)
(4 -8.851352929e-17 -4.465683881e-17)
(4 -5.221069719e-17 -2.534705772e-17)
(4 2.219532996e-17 9.235195982e-17)
(4 -4.953082267e-16 -3.545835415e-17)
(4 9.147992852e-16 3.886273037e-17)
(4 -8.927025339e-16 -2.221943639e-16)
(4 5.32066412e-16 3.177123701e-17)
(4 -4.30526643e-16 7.234472015e-17)
(4 4.121832608e-16 2.03298122e-16)
(4 -7.110332257e-17 2.523008637e-16)
(4 -6.952422586e-17 8.09950771e-16)
(4 1.729884475e-14 9.166736016e-15)
(4 1.842563641e-13 8.948389005e-14)
(4 1.764375047e-12 8.279535373e-13)
(4 1.577367625e-11 7.110758035e-12)
(4 1.308794776e-10 5.643841866e-11)
(4.000000001 1.002851215e-09 4.11586686e-10)
(4.000000008 7.056249307e-09 2.740068198e-09)
(4.000000052 4.530514848e-08 1.65307164e-08)
(4.000000317 2.636637674e-07 8.970912532e-08)
(4.00000175 1.382321737e-06 4.351925328e-07)
(4.000008714 6.498373658e-06 1.879187724e-06)
(4.000039056 2.731989357e-05 7.207258218e-06)
(4.000157403 0.0001026381648 2.454272267e-05)
(4.000570754 0.0003448619299 7.426982056e-05)
(4.001865465 0.001038287274 0.0002000494491)
(4.005510454 0.002808403379 0.0004805263003)
(4.014759206 0.006845042873 0.001031178274)
(4.0359738 0.01508172399 0.001979656701)
(4.080099685 0.03013595009 0.003402171071)
(4.163582756 0.0547846383 0.005230739161)
(4.307681164 0.09088911214 0.0071755761)
(4.535264506 0.1380161826 0.008728411327)
(4.865067717 0.1923716734 0.009291192424)
(5.304771502 0.2467823952 0.008405890384)
(5.845475638 0.2921196614 0.005983439486)
(6.460233375 0.3198439026 0.002403573925)
(7.107963481 0.3246774577 -0.001585618428)
(7.741810541 0.3062399065 -0.005129619107)
(8.319090867 0.2689566275 -0.007562842738)
(8.80940325 0.2203884038 -0.008599798836)
(9.198518546 0.1688183797 -0.00835381797)
(9.487589941 0.1211099977 -0.007210101437)
(9.688973755 0.08151609595 -0.005640313212)
(9.820762878 0.05156502001 -0.004046961376)
(9.901912577 0.03070679469 -0.00268448411)
(9.949003716 0.017241535 -0.001655736855)
(9.974796993 0.009142217372 -0.0009537658714)
(9.988151814 0.004584713594 -0.0005149511593)
(9.994697625 0.002177654542 -0.0002613778426)
(9.997739166 0.0009810570213 -0.0001250483865)
(9.999080764 0.000419780947 -5.651871262e-05)
(9.99964327 0.0001708253559 -2.418303502e-05)
(9.999867746 6.619801928e-05 -9.814225319e-06)
(9.999953113 2.445948265e-05 -3.784323291e-06)
(9.99998409 8.627618807e-06 -1.388726798e-06)
(9.999994828 2.908664248e-06 -4.857451503e-07)
(9.999998388 9.383372614e-07 -1.621785471e-07)
(9.999999517 2.899862672e-07 -5.175711988e-08)
(9.999999861 8.594613602e-08 -1.580917012e-08)
(9.999999962 2.445515598e-08 -4.627600417e-09)
(9.99999999 6.687467103e-09 -1.29966954e-09)
(9.999999997 1.759307872e-09 -3.506263862e-10)
(9.999999999 4.456946168e-10 -9.096447932e-11)
(10 1.088328646e-10 -2.271809123e-11)
(10 2.564099834e-11 -5.467706476e-12)
(10 5.830217432e-12 -1.268595575e-12)
(10 1.283194922e-12 -2.858983891e-13)
(10 2.687693742e-13 -6.092869084e-14)
(10 5.384511812e-14 -8.345192012e-15)
)
;

boundaryField
{
    left
    {
        type            dirichlet;
        value           uniform (4 0 0);
    }
    right
    {
        type            dirichlet;
        value           uniform (4 0 0);
    }
    sides
    {
        type            empty;
    }
}


// ************************************************************************* //
