/*--------------------------------*- C++ -*----------------------------------*\
| =========                 |                                                 |
| \\      /  F ield         | foam-extend: Open Source CFD                    |
|  \\    /   O peration     | Version:     4.1                                |
|   \\  /    A nd           | Web:         http://www.foam-extend.org         |
|    \\/     M anipulation  |                                                 |
\*---------------------------------------------------------------------------*/
FoamFile
{
    version     2.0;
    format      ascii;
    class       cellScalarField;
    location    "28.9";
    object      T;
}
// * * * * * * * * * * * * * * * * * * * * * * * * * * * * * * * * * * * * * //

dimensions      [0 0 0 0 1 0 0];

internalField   nonuniform 
100
(
(4 -5.703630593e-17 1.624202108e-17)
(4 -8.821738307e-17 -6.922440509e-18)
(4 7.459472377e-17 -1.650183275e-16)
(4 -1.826624445e-16 -3.473657962e-17)
(4 -6.129492415e-18 -1.548667796e-16)
(4 -2.961517325e-16 1.579963195e-16)
(4 2.73086431e-16 4.234901573e-17)
(4 -4.642632694e-16 -1.008638261e-16)
(4 8.978176632e-16 4.335914503e-17)
(4 -1.284592144e-15 -1.865932012e-16)
(4 -5.372551187e-18 -5.21800004e-18)
(4 4.472771168e-16 6.708647593e-17)
(4 4.344982701e-16 -1.769929876e-17)
(4 -1.462717428e-16 2.78106982e-16)
(4 9.145223553e-17 9.150693605e-17)
(4 -1.208702417e-16 -6.04311322e-17)
(4 2.161666827e-16 -1.583051334e-16)
(4 -2.091181028e-16 1.721473713e-16)
(4 -6.208584602e-17 2.038684117e-16)
(4 -1.24915113e-16 1.174543522e-16)
(4 -1.231012201e-16 1.58246159e-16)
(4 4.134771702e-16 7.832708418e-17)
(4 -4.089909495e-16 -1.283578281e-16)
(4 9.303606287e-16 -1.218787012e-17)
(4 -1.008385344e-15 -2.867715421e-17)
(4 1.151385279e-15 3.337896437e-17)
(4 -1.179533232e-15 -6.813121334e-17)
(4 9.232083979e-16 2.411393033e-17)
(4 -1.180504724e-15 2.709977301e-16)
(4 7.835918797e-16 -4.346009555e-17)
(4 -1.495512411e-16 3.07803174e-18)
(4 1.831150424e-16 -1.002048368e-16)
(4 7.697875444e-17 2.093708017e-16)
(4 7.544211333e-15 4.623521734e-15)
(4 1.09813445e-13 5.764776754e-14)
(4 1.206254676e-12 6.098762481e-13)
(4 1.243612129e-11 6.05825552e-12)
(4 1.188086379e-10 5.545034751e-11)
(4.000000001 1.044758238e-09 4.645620079e-10)
(4.000000009 8.401970792e-09 3.538147905e-09)
(4.000000067 6.136644954e-08 2.428875566e-08)
(4.000000459 4.035084288e-07 1.486527331e-07)
(4.000002834 2.364685384e-06 8.020078003e-07)
(4.00001558 1.224043379e-05 3.781162403e-06)
(4.000075891 5.563611714e-05 1.550165957e-05)
(4.000326605 0.0002215230448 5.518308952e-05)
(4.001241842 0.0007730662079 0.0001707308041)
(4.004181034 0.002370541475 0.0004601012256)
(4.012510564 0.006410846948 0.001082821091)
(4.033422479 0.01535587409 0.002230569463)
(4.080128431 0.03272398977 0.004027367044)
(4.173327077 0.06231931818 0.006371403235)
(4.340176373 0.1065159704 0.008803681832)
(4.609246603 0.1640690304 0.01053411527)
(5.001618322 0.2286370029 0.01070082759)
(5.5208909 0.2893116476 0.008781958154)
(6.146705427 0.3335674424 0.004930782521)
(6.83575751 0.3515703831 4.906865335e-06)
(7.531007491 0.3397701707 -0.004760895025)
(8.175723023 0.3019702385 -0.008259473561)
(8.726689213 0.2474831188 -0.009912971713)
(9.161744785 0.1875286113 -0.00978260163)
(9.479950658 0.131708872 -0.008392994649)
(9.696047472 0.08594589806 -0.006425698786)
(9.832617399 0.05222656843 -0.004455963732)
(9.913114219 0.02961883322 -0.002826202586)
(9.957458097 0.01570985053 -0.001650926704)
(9.980335203 0.007808863302 -0.000892963929)
(9.99140989 0.003644753541 -0.0004491547765)
(9.996450077 0.001600431155 -0.0002108583249)
(9.998610514 0.0006623552388 -9.267984038e-05)
(9.999484263 0.000258821906 -3.824662509e-05)
(9.999818249 9.56563142e-05 -1.485630936e-05)
(9.99993911 3.349283712e-05 -5.444319652e-06)
(9.999980583 1.11279876e-05 -1.886348486e-06)
(9.999994099 3.513879406e-06 -6.191775794e-07)
(9.999998289 1.05613842e-06 -1.929038185e-07)
(9.999999526 3.025913995e-07 -5.714405795e-08)
(9.999999874 8.275846151e-08 -1.612273917e-08)
(9.999999968 2.163652183e-08 -4.339518831e-09)
(9.999999992 5.414542951e-09 -1.115949747e-09)
(9.999999998 1.298665543e-09 -2.745898403e-10)
(10 2.989106938e-10 -6.473997651e-11)
(10 6.610067086e-11 -1.464544653e-11)
(10 1.405902162e-11 -3.181613611e-12)
(10 2.876780588e-12 -6.646307658e-13)
(10 5.724233277e-13 -1.342632082e-13)
(10 1.074595932e-13 -2.609214679e-14)
(10 2.008025204e-14 -3.398233065e-15)
(10 6.572739205e-15 -2.50313266e-15)
(10 -7.300958425e-16 1.630375571e-16)
(10 1.536242294e-16 -1.124125156e-16)
(10 7.428785647e-17 -8.157392669e-18)
(10 -4.85843e-16 3.86656525e-17)
(10 -4.430039028e-16 6.955997562e-17)
(10 -2.927148721e-16 -1.750922735e-17)
(10 -2.24509777e-16 -6.560270334e-16)
(10 1.074233295e-16 -2.78918125e-16)
(10 2.609688579e-16 -2.641758845e-16)
(10 -2.240421155e-15 3.78200573e-15)
)
;

boundaryField
{
    left
    {
        type            dirichlet;
        value           uniform (4 0 0);
    }
    right
    {
        type            dirichlet;
        value           uniform (4 0 0);
    }
    sides
    {
        type            empty;
    }
}


// ************************************************************************* //
