/*--------------------------------*- C++ -*----------------------------------*\
| =========                 |                                                 |
| \\      /  F ield         | foam-extend: Open Source CFD                    |
|  \\    /   O peration     | Version:     4.1                                |
|   \\  /    A nd           | Web:         http://www.foam-extend.org         |
|    \\/     M anipulation  |                                                 |
\*---------------------------------------------------------------------------*/
FoamFile
{
    version     2.0;
    format      ascii;
    class       cellScalarField;
    location    "14.1";
    object      T;
}
// * * * * * * * * * * * * * * * * * * * * * * * * * * * * * * * * * * * * * //

dimensions      [0 0 0 0 1 0 0];

internalField   nonuniform 
100
(
(4 -5.703630593e-17 1.624202108e-17)
(4 -1.33123337e-16 9.986610131e-17)
(4 -9.468379391e-17 2.113751751e-16)
(4 -8.690945066e-17 -9.834018079e-17)
(4 1.013550233e-16 -7.89046779e-17)
(4 -4.061363516e-16 2.324153555e-17)
(4 5.345230348e-16 -1.368125416e-16)
(4 -2.815134863e-16 4.188868351e-17)
(4 8.575355998e-16 -1.01559188e-16)
(4 -1.37275354e-15 -5.457965339e-17)
(4 2.709522835e-15 3.466563109e-15)
(4 1.462642964e-13 8.669280908e-14)
(4 2.182327684e-12 1.465548858e-12)
(4 4.915723761e-11 3.306746972e-11)
(4.000000001 8.300698632e-10 4.79285739e-10)
(4.000000011 1.195559501e-08 7.112964286e-09)
(4.000000149 1.672752315e-07 9.179245821e-08)
(4.000001803 1.919283531e-06 9.633412695e-07)
(4.00001863 1.90804603e-05 9.066160259e-06)
(4.000169264 0.0001660502724 7.060547153e-05)
(4.001275901 0.001148296538 0.0004082133959)
(4.007512171 0.005949392581 0.001698889326)
(4.034007429 0.0230038203 0.00513271709)
(4.119796609 0.06758865942 0.01142052899)
(4.33559406 0.15430421 0.01882212574)
(4.765665889 0.2795104062 0.02259954189)
(5.456957941 0.4091754723 0.01820984573)
(6.367334464 0.4918467614 0.005945092014)
(7.36319985 0.4922639603 -0.008387274079)
(8.279204209 0.4152933639 -0.018009638)
(8.995448551 0.2986001273 -0.0200901187)
(9.476292107 0.184822158 -0.01646552002)
(9.755987373 0.09939026217 -0.01083710833)
(9.898146829 0.04683417651 -0.005963307802)
(9.961782859 0.01949239428 -0.002809588756)
(9.987057436 0.007219149306 -0.001152268351)
(9.996026504 0.002395871545 -0.0004165998424)
(9.998889037 0.000717222363 -0.0001341638787)
(9.999715815 0.00019486864 -3.882719909e-05)
(9.999933188 4.833372973e-05 -1.017600439e-05)
(9.999985499 1.100387448e-05 -2.431931534e-06)
(9.999997082 2.311242088e-06 -5.332810336e-07)
(9.999999453 4.500122917e-07 -1.079053348e-07)
(9.999999904 8.158694107e-08 -2.025117398e-08)
(9.999999984 1.383065772e-08 -3.541844888e-09)
(9.999999998 2.200777153e-09 -5.797821697e-10)
(10 3.299070923e-10 -8.918531281e-11)
(10 4.674516162e-11 -1.293825547e-11)
(10 6.281392355e-12 -1.77751909e-12)
(10 8.063713343e-13 -2.325517872e-13)
(10 9.688228051e-14 -3.016830341e-14)
(10 7.962035762e-15 -2.586738502e-15)
(10 -4.876998555e-16 3.704411078e-16)
(10 7.919074639e-17 -5.23778802e-16)
(10 2.72925397e-19 -2.009261206e-16)
(10 9.255420267e-17 -2.663498807e-16)
(10 1.748320413e-17 -3.517610466e-16)
(10 -2.118205375e-16 -4.049968685e-16)
(10 5.460378869e-16 -1.975418406e-16)
(10 -2.318889607e-16 2.173009302e-16)
(10 2.211069438e-16 2.532971207e-16)
(10 -1.846848214e-16 -1.271261081e-16)
(10 -1.257693712e-16 3.032074754e-16)
(10 -3.582215738e-16 3.922507668e-16)
(10 3.400953173e-16 -1.636917883e-17)
(10 1.553884856e-16 -3.719560215e-17)
(10 -3.082704837e-17 4.330994642e-16)
(10 -1.472915979e-16 3.645532844e-16)
(10 1.877239604e-16 -3.032935898e-16)
(10 -1.800064554e-16 -1.554537035e-16)
(10 -4.533890241e-17 -6.927676524e-17)
(10 3.571152234e-16 -2.199265618e-16)
(10 2.349312026e-16 -2.070637116e-16)
(10 2.057980306e-16 6.743484667e-16)
(10 -5.295858128e-16 1.903869437e-16)
(10 3.725050939e-16 4.458053093e-16)
(10 -1.994046047e-16 5.994949778e-16)
(10 2.29586616e-16 4.860397122e-16)
(10 -1.014620918e-16 -3.31051381e-16)
(10 -2.684183521e-16 3.342074349e-16)
(10 -3.513199802e-17 1.639046951e-16)
(10 -3.487715826e-16 4.12123043e-16)
(10 -5.595321073e-16 -1.319480081e-16)
(10 3.54418635e-16 -5.218744806e-16)
(10 8.933947691e-17 -4.159778444e-16)
(10 4.056981175e-18 1.072134161e-16)
(10 2.683557067e-16 -5.207038955e-17)
(10 3.256874963e-16 -5.561869528e-16)
(10 -2.284081302e-16 3.416796858e-16)
(10 -4.711630922e-17 -8.581722698e-17)
(10 3.612200105e-16 -5.212788692e-16)
(10 2.994700594e-16 1.256922446e-16)
(10 2.505189173e-16 -1.37757973e-16)
(10 5.642171164e-16 -2.816485994e-17)
(10 2.514501894e-16 -1.132210592e-17)
(10 -1.210415341e-16 3.715582221e-16)
(10 -1.106154114e-16 7.5440946e-16)
(10 -3.567449181e-16 4.307950297e-16)
(10 -1.163474947e-16 1.160220547e-16)
(10 -1.456244018e-15 3.900516068e-15)
)
;

boundaryField
{
    left
    {
        type            dirichlet;
        value           uniform (4 0 0);
    }
    right
    {
        type            dirichlet;
        value           uniform (4 0 0);
    }
    sides
    {
        type            empty;
    }
}


// ************************************************************************* //
