/*--------------------------------*- C++ -*----------------------------------*\
| =========                 |                                                 |
| \\      /  F ield         | foam-extend: Open Source CFD                    |
|  \\    /   O peration     | Version:     4.1                                |
|   \\  /    A nd           | Web:         http://www.foam-extend.org         |
|    \\/     M anipulation  |                                                 |
\*---------------------------------------------------------------------------*/
FoamFile
{
    version     2.0;
    format      ascii;
    class       cellScalarField;
    location    "26.4";
    object      T;
}
// * * * * * * * * * * * * * * * * * * * * * * * * * * * * * * * * * * * * * //

dimensions      [0 0 0 0 1 0 0];

internalField   nonuniform 
100
(
(4 -5.703630593e-17 1.624202108e-17)
(4 -2.724897982e-18 7.684914391e-17)
(4 -2.096921185e-16 2.838949654e-16)
(4 -1.746344767e-16 1.315448987e-16)
(4 -1.544692068e-16 -7.783901733e-17)
(4 -3.197852664e-16 -5.839391914e-17)
(4 3.830364625e-16 1.965878282e-17)
(4 -2.50921852e-16 -4.623896066e-17)
(4 8.615387153e-16 -2.970663703e-17)
(4 -1.364556363e-15 1.494021e-16)
(4 5.949197346e-17 4.48976946e-18)
(4 1.26039769e-15 4.015037202e-16)
(4 -1.083657523e-15 -7.597811349e-17)
(4 1.406998e-15 -1.489020054e-16)
(4 -1.022585993e-15 2.35879496e-16)
(4 6.930620457e-16 -3.361290678e-18)
(4 -1.050976307e-15 2.213107107e-16)
(4 6.851235456e-16 -3.114859622e-16)
(4 1.549120988e-16 -1.746059079e-16)
(4 -1.571962842e-17 1.16796129e-16)
(4 8.686922377e-18 3.621575154e-18)
(4 1.360558506e-16 -1.132436883e-16)
(4 -7.296450292e-17 1.038435182e-16)
(4 -3.598505467e-17 2.835867324e-16)
(4 -6.438255966e-17 1.135745405e-16)
(4 -1.583525421e-16 3.899558725e-17)
(4 2.879463071e-17 1.942730109e-16)
(4 -1.813495968e-16 -3.771536825e-17)
(4 -3.049320672e-16 5.247693662e-16)
(4 8.232648479e-15 5.185115944e-15)
(4 1.112829206e-13 5.928380483e-14)
(4 1.311102704e-12 6.89027423e-13)
(4 1.456319638e-11 7.368018381e-12)
(4 1.495034678e-10 7.249571111e-11)
(4.000000001 1.409158481e-09 6.509159903e-10)
(4.000000012 1.210326099e-08 5.292306388e-09)
(4.0000001 9.406193189e-08 3.864202105e-08)
(4.000000728 6.552899748e-07 2.501727322e-07)
(4.000004729 4.041081728e-06 1.414662359e-06)
(4.000027156 2.179067449e-05 6.901927431e-06)
(4.000136688 0.0001018905347 2.885411523e-05)
(4.000600697 0.0004117467734 0.0001031629222)
(4.002304608 0.001439005765 0.0003158467084)
(4.007740946 0.004363819942 0.0008304182562)
(4.022871121 0.01153691245 0.001880772133)
(4.059782836 0.02673250239 0.003678265305)
(4.139124369 0.05458617071 0.00621667572)
(4.290160418 0.09874865067 0.009060439206)
(4.546051951 0.1590711442 0.01130139215)
(4.933728956 0.2292673943 0.01183793588)
(5.461259671 0.2969833659 0.009917525027)
(6.108694042 0.3472032859 0.005631688679)
(6.828158177 0.3677937112 6.29901452e-06)
(7.554733069 0.3543195499 -0.005420269079)
(8.223860566 0.3115037228 -0.009281864839)
(8.787641559 0.2507443071 -0.01091856388)
(9.223580807 0.1853726086 -0.01049154009)
(9.533843379 0.1262368485 -0.008710874901)
(9.737657581 0.07940937944 -0.006417125992)
(9.861565989 0.04626653957 -0.004259125723)
(9.931459853 0.02503150153 -0.002572660172)
(9.968130231 0.01260670317 -0.001424620362)
(9.986067448 0.005924334826 -0.00072733099)
(9.994266159 0.002603703397 -0.0003439469255)
(9.997775613 0.001072536183 -0.0001512457536)
(9.99918541 0.0004149751082 -6.205800968e-05)
(9.999717991 0.0001511162491 -2.383232428e-05)
(9.999907568 5.189654583e-05 -8.590083677e-06)
(9.999971275 1.683969084e-05 -2.913413619e-06)
(9.999991523 5.172500207e-06 -9.319927313e-07)
(9.999997621 1.506652664e-06 -2.818342628e-07)
(9.999999364 4.168899598e-07 -8.073355437e-08)
(9.999999838 1.097613721e-07 -2.195086055e-08)
(9.999999961 2.75421001e-08 -5.675445775e-09)
(9.999999991 6.596893722e-09 -1.397889126e-09)
(9.999999998 1.510530117e-09 -3.285575655e-10)
(10 3.311211053e-10 -7.380817185e-11)
(10 6.958897593e-11 -1.587144742e-11)
(10 1.404200102e-11 -3.273054359e-12)
(10 2.718802605e-12 -6.47482704e-13)
(10 5.059632382e-13 -1.225717753e-13)
(10 9.216288408e-14 -2.210156227e-14)
(10 1.932657538e-14 -4.582511167e-15)
(10 3.718153714e-15 -2.115929282e-15)
(10 -8.841848881e-16 7.430069185e-16)
(10 -1.808664758e-16 -1.928476669e-16)
(10 3.582401679e-16 9.471331292e-17)
(10 -4.893630721e-16 2.654299683e-16)
(10 3.439563639e-16 -2.819397758e-16)
(10 2.311960977e-16 4.776556802e-17)
(10 1.757797583e-16 2.838184775e-16)
(10 3.107684334e-17 -1.650281122e-16)
(10 -1.036969385e-16 3.686742911e-16)
(10 5.035366985e-16 -4.782465917e-16)
(10 -7.505889673e-17 3.359890078e-16)
(10 -1.277657508e-16 -1.63037264e-16)
(10 -1.646325914e-16 -1.371070055e-16)
(10 3.021630099e-16 1.83678035e-17)
(10 5.249570192e-16 5.849121101e-17)
(10 -2.423665619e-15 4.103390153e-15)
)
;

boundaryField
{
    left
    {
        type            dirichlet;
        value           uniform (4 0 0);
    }
    right
    {
        type            dirichlet;
        value           uniform (4 0 0);
    }
    sides
    {
        type            empty;
    }
}


// ************************************************************************* //
