/*--------------------------------*- C++ -*----------------------------------*\
| =========                 |                                                 |
| \\      /  F ield         | foam-extend: Open Source CFD                    |
|  \\    /   O peration     | Version:     4.1                                |
|   \\  /    A nd           | Web:         http://www.foam-extend.org         |
|    \\/     M anipulation  |                                                 |
\*---------------------------------------------------------------------------*/
FoamFile
{
    version     2.0;
    format      ascii;
    class       cellScalarField;
    location    "39.5";
    object      T;
}
// * * * * * * * * * * * * * * * * * * * * * * * * * * * * * * * * * * * * * //

dimensions      [0 0 0 0 1 0 0];

internalField   nonuniform 
100
(
(4 -5.703630593e-17 1.624202108e-17)
(4 -1.370205951e-18 1.536914319e-17)
(4 -1.297749741e-16 -1.725891535e-17)
(4 -8.142383426e-18 -1.638026026e-17)
(4 -5.946020314e-17 -2.909140808e-17)
(4 -5.784651644e-16 -2.133939491e-17)
(4 3.727357169e-16 -2.303639399e-17)
(4 -3.037125805e-16 -7.942336944e-17)
(4 7.444751467e-16 1.51794123e-16)
(4 -1.445781657e-15 6.201991565e-17)
(4 3.467532846e-16 -2.529486524e-16)
(4 6.903585375e-17 6.283068735e-17)
(4 5.962310265e-16 -2.359462585e-16)
(4 5.835640322e-17 -4.522925893e-17)
(4 -3.720040945e-17 8.096487607e-17)
(4 -9.851375162e-17 1.263537743e-16)
(4 8.725964422e-17 -8.959729176e-17)
(4 5.263135024e-17 -9.527977223e-17)
(4 -1.411042e-16 9.365636933e-17)
(4 -7.712272747e-17 6.09260258e-17)
(4 1.438871258e-16 1.857111132e-16)
(4 1.564933748e-16 3.416892953e-17)
(4 -3.104291502e-17 -1.203722343e-17)
(4 -8.630663696e-17 3.337810168e-17)
(4 1.06287393e-16 -3.776677937e-17)
(4 -8.631344314e-17 9.441538766e-17)
(4 -7.653937898e-18 1.851323503e-17)
(4 2.830879146e-17 -6.198747678e-17)
(4 -2.616437099e-16 8.983495984e-17)
(4 -2.317560387e-16 -3.208648172e-16)
(4 7.222947207e-16 2.651904871e-17)
(4 -7.011869203e-16 -1.489393957e-16)
(4 8.34497163e-16 4.088242843e-17)
(4 -1.326154735e-15 -8.668249253e-17)
(4 1.048046925e-15 2.093318226e-16)
(4 -9.322383518e-16 3.135323601e-16)
(4 1.006867106e-15 1.121737476e-16)
(4 -1.395038739e-15 3.875318436e-17)
(4 1.240200043e-15 -6.269722551e-17)
(4 -4.664073113e-16 2.339914085e-16)
(4 1.874559756e-16 -1.370035864e-17)
(4 1.234322205e-16 -5.657764949e-17)
(4 -1.121316404e-16 1.173464888e-16)
(4 1.079968868e-16 -2.01160686e-16)
(4 -3.59405888e-16 -4.165017628e-17)
(4 7.522313426e-16 8.403529343e-17)
(4 -1.191960281e-15 3.417085635e-17)
(4 1.257796948e-15 -1.299902787e-16)
(4 -1.045483166e-15 8.692010729e-17)
(4 3.219586581e-16 5.014936361e-17)
(4 4.8378053e-15 3.113058933e-15)
(4 5.678008992e-14 2.629927185e-14)
(4 5.011855098e-13 2.239396044e-13)
(4 4.078819204e-12 1.74182438e-12)
(4 3.089548659e-11 1.264542508e-11)
(4 2.176953894e-10 8.504647024e-11)
(4.000000002 1.420376971e-09 5.271149921e-10)
(4.00000001 8.542311983e-09 2.995905498e-09)
(4.000000058 4.714688321e-08 1.554164508e-08)
(4.000000308 2.37884018e-07 7.330588495e-08)
(4.000001487 1.094072855e-06 3.135209696e-07)
(4.000006576 4.578443759e-06 1.213978547e-06)
(4.00002656 1.742149143e-05 4.253681447e-06)
(4.000098018 6.029366408e-05 1.349219315e-05)
(4.000330824 0.0001899883152 3.87763557e-05)
(4.001022818 0.0005459290813 0.0001011035445)
(4.002902705 0.001433313834 0.0002394879224)
(4.007579548 0.003445704355 0.0005160581673)
(4.018257769 0.007602052842 0.001012736848)
(4.040682781 0.01542768539 0.001811304864)
(4.084095894 0.02886577284 0.002952778708)
(4.161741724 0.04990617242 0.004383844242)
(4.290316658 0.07990283685 0.005913767296)
(4.487849252 0.1187196259 0.007214156697)
(4.7699712 0.1640271989 0.007884595145)
(5.145280016 0.2111482625 0.007577212899)
(5.61118715 0.2537160389 0.006136315409)
(6.151868224 0.2850847803 0.00368897206)
(6.739432814 0.3000619103 0.0006365877594)
(7.338333274 0.2963284733 -0.002457732466)
(7.911818783 0.2750099049 -0.005040666769)
(8.428493491 0.2402128167 -0.006727033319)
(8.867097717 0.1977665538 -0.00738446721)
(9.218415841 0.1536850025 -0.007123470081)
(9.484298877 0.1128818294 -0.006214826929)
(9.674675498 0.07846982683 -0.004980407391)
(9.803803901 0.0516917526 -0.003701338741)
(9.886875071 0.03230846782 -0.002567676813)
(9.93762302 0.01918264933 -0.001670622319)
(9.96709644 0.01083187027 -0.001023228366)
(9.983388525 0.005823610379 -0.000591720575)
(9.991969445 0.002984373551 -0.0003238871931)
(9.99628033 0.001459323067 -0.0001681655506)
(9.99834822 0.0006816171483 -8.297911216e-05)
(9.999296327 0.0003044124154 -3.897867581e-05)
(9.999712225 0.0001301212153 -1.745758531e-05)
(9.999886943 5.328665118e-05 -7.465513978e-06)
(9.999957302 2.092589084e-05 -3.05232259e-06)
(9.999984487 7.887614494e-06 -1.194640821e-06)
(9.999994574 2.856243541e-06 -4.481168477e-07)
)
;

boundaryField
{
    left
    {
        type            dirichlet;
        value           uniform (4 0 0);
    }
    right
    {
        type            dirichlet;
        value           uniform (4 0 0);
    }
    sides
    {
        type            empty;
    }
}


// ************************************************************************* //
