/*--------------------------------*- C++ -*----------------------------------*\
| =========                 |                                                 |
| \\      /  F ield         | foam-extend: Open Source CFD                    |
|  \\    /   O peration     | Version:     4.1                                |
|   \\  /    A nd           | Web:         http://www.foam-extend.org         |
|    \\/     M anipulation  |                                                 |
\*---------------------------------------------------------------------------*/
FoamFile
{
    version     2.0;
    format      ascii;
    class       cellScalarField;
    location    "45.9";
    object      T;
}
// * * * * * * * * * * * * * * * * * * * * * * * * * * * * * * * * * * * * * //

dimensions      [0 0 0 0 1 0 0];

internalField   nonuniform 
100
(
(4 -5.703630593e-17 1.624202108e-17)
(4 -2.005552023e-16 -8.262559104e-17)
(4 -2.255941165e-17 -6.092931833e-17)
(4 -1.677306823e-16 -1.146466832e-16)
(4 -1.584987445e-16 -3.853213442e-17)
(4 -4.939862825e-16 1.327941018e-16)
(4 4.474142219e-16 1.039022608e-16)
(4 -3.147945267e-16 -3.444486907e-17)
(4 7.528826155e-16 5.821781028e-17)
(4 -1.330170298e-15 3.271111013e-16)
(4 -1.464081702e-16 -2.348765269e-17)
(4 4.647419339e-16 3.248554779e-17)
(4 3.624144852e-16 1.412817163e-17)
(4 -2.235057841e-16 3.395462358e-18)
(4 -1.701954709e-17 -1.051592054e-16)
(4 -1.288716605e-16 -6.387070469e-17)
(4 3.632205481e-17 6.319018023e-18)
(4 -6.785098773e-17 1.379341216e-16)
(4 1.90571855e-17 -1.139230124e-16)
(4 -1.550512428e-16 1.09920824e-16)
(4 3.138318661e-17 1.613094793e-16)
(4 6.983973991e-17 -3.281001445e-16)
(4 3.877849638e-17 -2.259270206e-17)
(4 -6.269122583e-18 3.404501061e-18)
(4 5.083601739e-17 -5.524756339e-17)
(4 1.699431409e-16 1.273947337e-16)
(4 1.874996311e-17 -1.443008093e-17)
(4 -1.470910833e-16 2.66854057e-16)
(4 -4.946749386e-16 2.737779212e-16)
(4 3.754749365e-16 4.166645032e-17)
(4 -8.026830713e-17 4.019862221e-16)
(4 -9.966946978e-17 1.866907594e-16)
(4 -1.023504668e-16 -3.193779726e-17)
(4 -4.816208067e-16 4.337121295e-17)
(4 3.866598678e-16 1.06143083e-16)
(4 -4.830542483e-16 1.151915369e-16)
(4 9.133336837e-16 -1.410740134e-16)
(4 -7.602201274e-16 -4.953181301e-17)
(4 4.686604032e-16 1.799323267e-17)
(4 1.494719336e-17 -7.582251924e-17)
(4 -1.17066397e-16 -5.123152186e-17)
(4 5.27409033e-17 3.579936841e-17)
(4 -7.030398518e-20 9.010886767e-17)
(4 -2.235452039e-16 1.960523323e-17)
(4 -1.47717932e-16 -8.911960266e-18)
(4 6.875680638e-16 7.465952383e-17)
(4 -1.008377167e-15 1.023449537e-17)
(4 9.992592434e-16 -1.49642e-16)
(4 -1.077914829e-15 -1.205454178e-16)
(4 4.53156586e-16 -1.735396978e-16)
(4 1.034353701e-16 -1.365841676e-16)
(4 4.469797803e-17 -6.326330746e-17)
(4 -1.817424542e-17 2.291465072e-16)
(4 -7.930433247e-17 -1.040409233e-16)
(4 4.143260383e-17 1.623562919e-16)
(4 -1.16343377e-16 -2.457258912e-17)
(4 -2.000286421e-17 3.09279703e-17)
(4 -2.815253441e-17 1.597466859e-16)
(4 -6.167287053e-17 1.759818362e-16)
(4 -5.334087695e-17 1.701871011e-16)
(4 2.286823424e-15 5.945586027e-16)
(4 1.345020734e-14 6.564912786e-15)
(4 1.273165929e-13 5.365745667e-14)
(4 9.462322689e-13 3.845026745e-13)
(4 6.605064439e-12 2.572918312e-12)
(4 4.314069191e-11 1.609482807e-11)
(4 2.629618846e-10 9.357002038e-11)
(4.000000002 1.491043302e-09 5.040835847e-10)
(4.00000001 7.841861291e-09 2.508875815e-09)
(4.00000005 3.81603191e-08 1.150832711e-08)
(4.000000237 1.714986059e-07 4.856640021e-08)
(4.000001029 7.109648591e-07 1.883596406e-07)
(4.000004139 2.717355036e-06 6.71096993e-07)
(4.000015409 9.576059878e-06 2.196742818e-06)
(4.000053106 3.113275064e-05 6.609966667e-06)
(4.000169592 9.346637166e-05 1.829778674e-05)
(4.000502503 0.0002594431544 4.664477344e-05)
(4.00138364 0.0006668160483 0.0001096140883)
(4.003546662 0.001589389611 0.0002377006844)
(4.008479133 0.003519089115 0.0004760877309)
(4.018944559 0.007249942488 0.0008813304257)
(4.039638724 0.01392108229 0.001508527263)
(4.077836971 0.02495555516 0.002387265714)
(4.143760226 0.04183355447 0.003490311249)
(4.250300386 0.06568028774 0.004706419579)
(4.411784225 0.09673133144 0.005833564128)
(4.641678067 0.1338346811 0.006606339539)
(4.949520867 0.1742068254 0.006759291453)
(5.337791046 0.2136291413 0.006110245714)
(5.799663312 0.247136695 0.004633398011)
(6.318525504 0.2700582635 0.002490317523)
(6.869669082 0.2791024763 1.391908052e-06)
(7.423888874 0.2731365067 -0.002435341457)
(7.952101095 0.2534030769 -0.004448839681)
(8.429775659 0.2231257462 -0.005785369422)
(8.840098445 0.1866668014 -0.006355183993)
(9.175254422 0.1485331098 -0.006226275264)
(9.435833953 0.1125287717 -0.005576691885)
(9.628869304 0.08124942417 -0.004629108542)
(9.765250858 0.05596460421 -0.003591592743)
)
;

boundaryField
{
    left
    {
        type            dirichlet;
        value           uniform (4 0 0);
    }
    right
    {
        type            dirichlet;
        value           uniform (4 0 0);
    }
    sides
    {
        type            empty;
    }
}


// ************************************************************************* //
