/*--------------------------------*- C++ -*----------------------------------*\
| =========                 |                                                 |
| \\      /  F ield         | foam-extend: Open Source CFD                    |
|  \\    /   O peration     | Version:     4.1                                |
|   \\  /    A nd           | Web:         http://www.foam-extend.org         |
|    \\/     M anipulation  |                                                 |
\*---------------------------------------------------------------------------*/
FoamFile
{
    version     2.0;
    format      ascii;
    class       cellScalarField;
    location    "20.4";
    object      T;
}
// * * * * * * * * * * * * * * * * * * * * * * * * * * * * * * * * * * * * * //

dimensions      [0 0 0 0 1 0 0];

internalField   nonuniform 
100
(
(4 -5.703630593e-17 1.624202108e-17)
(4 3.146523619e-18 -9.137688714e-19)
(4 -1.347152439e-18 9.891382019e-17)
(4 -2.239156817e-16 -1.191772593e-16)
(4 1.31794879e-16 -1.636698909e-16)
(4 -4.642769505e-16 1.457524619e-16)
(4 3.444156425e-16 9.613598734e-17)
(4 -3.468543687e-16 1.422005848e-16)
(4 6.207529379e-16 8.98929431e-17)
(4 -1.328218667e-15 -1.001886911e-17)
(4 3.783344719e-17 -2.375782704e-17)
(4 1.263439092e-15 7.793124618e-18)
(4 -3.692130177e-16 9.806024038e-17)
(4 -1.851325902e-16 2.109026085e-16)
(4 4.190844831e-16 5.322243937e-17)
(4 -4.261617212e-17 -1.223666168e-16)
(4 5.719184819e-17 -2.9562869e-17)
(4 9.134888803e-16 2.213347649e-16)
(4 6.05730096e-16 -4.366616756e-16)
(4 1.548236864e-15 1.090162551e-15)
(4 2.11908857e-14 1.473391388e-14)
(4 3.691998306e-13 2.194808195e-13)
(4 5.396466122e-12 3.094897802e-12)
(4 7.135941297e-11 3.906204748e-11)
(4.000000001 8.594428162e-10 4.523279735e-10)
(4.000000009 9.449897855e-09 4.718489606e-09)
(4.000000091 9.294858856e-08 4.362232901e-08)
(4.000000829 8.130829351e-07 3.569968367e-07)
(4.000006691 6.275616416e-06 2.535202515e-06)
(4.000047175 4.168038374e-05 1.509932956e-05)
(4.000284084 0.0002319342081 7.356767873e-05)
(4.001438622 0.001065861418 0.000290527975)
(4.006098981 0.004037234876 0.0009309289735)
(4.021725716 0.01267270935 0.002432919427)
(4.065562288 0.03325190408 0.005213387939)
(4.16933741 0.07363444623 0.009184178059)
(4.378511056 0.1389142691 0.01326037708)
(4.740575085 0.225237704 0.01545915217)
(5.283050077 0.3164335634 0.01390908489)
(5.991756864 0.3880502029 0.008211386082)
(6.80451779 0.4182152751 1.290738433e-05)
(7.627806826 0.3985851122 -0.007818978073)
(8.368631509 0.3378678952 -0.01281756724)
(8.963959579 0.2560914626 -0.01410010896)
(9.393325334 0.1744337091 -0.01240131096)
(9.672547307 0.1072718154 -0.009240344889)
(9.83699573 0.05982440953 -0.005998966098)
(9.925075118 0.03038261173 -0.003450772943)
(9.968147694 0.01410755089 -0.001779054844)
(9.987451677 0.006011769244 -0.0008291508378)
(9.995409188 0.002359645368 -0.0003517583339)
(9.998436724 0.0008560227163 -0.0001366269763)
(9.999503365 0.0002879740823 -4.883060449e-05)
(9.999852456 9.012080666e-05 -1.613062439e-05)
(9.999958912 2.631574376e-05 -4.945018368e-06)
(9.999989249 7.190915818e-06 -1.412044938e-06)
(9.999997351 1.843892225e-06 -3.768574363e-07)
(9.999999384 4.448585748e-07 -9.430482604e-08)
(9.999999864 1.012383475e-07 -2.219263979e-08)
(9.999999972 2.178497905e-08 -4.925066747e-09)
(9.999999994 4.442865205e-09 -1.033429106e-09)
(9.999999999 8.606388741e-10 -2.055342387e-10)
(10 1.586936744e-10 -3.883742811e-11)
(10 2.790507666e-11 -6.987284509e-12)
(10 4.690107653e-12 -1.19928752e-12)
(10 7.493978939e-13 -1.974978541e-13)
(10 1.15434107e-13 -3.043611526e-14)
(10 2.0083385e-14 -4.694444823e-15)
(10 3.12686596e-15 -1.337859916e-15)
(10 9.559404502e-17 -3.582458946e-16)
(10 2.992833102e-16 1.716749444e-16)
(10 -4.270020442e-16 2.16921695e-16)
(10 -3.685503724e-16 1.878490944e-16)
(10 -1.634067476e-16 3.507254021e-16)
(10 -7.822821791e-17 1.987559986e-16)
(10 3.170725053e-16 7.529680914e-17)
(10 -1.994212602e-16 -4.214201665e-16)
(10 4.113831972e-16 -5.222311893e-16)
(10 3.301500021e-16 3.809876095e-16)
(10 3.620861555e-16 1.105651222e-17)
(10 -4.57124057e-16 -2.674221907e-16)
(10 1.217480432e-16 -3.216063174e-16)
(10 3.566481975e-18 -1.584472643e-16)
(10 4.467844859e-17 -1.837146758e-16)
(10 -9.748245009e-17 2.286881294e-16)
(10 3.288689674e-17 -1.285104427e-16)
(10 -1.614894177e-16 -4.598600759e-16)
(10 1.188592585e-16 5.928480038e-16)
(10 -4.28693488e-16 -5.526599771e-16)
(10 -1.935679672e-16 1.197191449e-16)
(10 6.53252932e-16 -3.995750617e-17)
(10 -2.079901895e-16 3.7197266e-16)
(10 8.415486354e-17 1.988781685e-17)
(10 3.299663278e-18 2.743259047e-16)
(10 4.207456605e-16 1.93638136e-16)
(10 4.707005266e-17 -1.084867753e-17)
(10 -2.315415966e-16 -3.263408736e-16)
(10 -2.555172099e-16 3.46269064e-16)
(10 5.347461565e-16 -3.201941749e-16)
(10 -2.606693162e-16 3.364381348e-15)
)
;

boundaryField
{
    left
    {
        type            dirichlet;
        value           uniform (4 0 0);
    }
    right
    {
        type            dirichlet;
        value           uniform (4 0 0);
    }
    sides
    {
        type            empty;
    }
}


// ************************************************************************* //
