/*--------------------------------*- C++ -*----------------------------------*\
| =========                 |                                                 |
| \\      /  F ield         | foam-extend: Open Source CFD                    |
|  \\    /   O peration     | Version:     4.1                                |
|   \\  /    A nd           | Web:         http://www.foam-extend.org         |
|    \\/     M anipulation  |                                                 |
\*---------------------------------------------------------------------------*/
FoamFile
{
    version     2.0;
    format      ascii;
    class       cellScalarField;
    location    "45.4";
    object      T;
}
// * * * * * * * * * * * * * * * * * * * * * * * * * * * * * * * * * * * * * //

dimensions      [0 0 0 0 1 0 0];

internalField   nonuniform 
100
(
(4 -5.703630593e-17 1.624202108e-17)
(4 -1.507416009e-16 -7.712604702e-18)
(4 6.167831408e-17 -2.471193181e-17)
(4 -5.209402035e-17 -1.774878094e-16)
(4 -6.205475491e-17 2.590102799e-19)
(4 -4.194001556e-16 1.746276841e-17)
(4 4.652170551e-16 1.032788238e-16)
(4 -5.087754406e-16 6.85452763e-17)
(4 9.961707297e-16 -1.924268205e-18)
(4 -1.486850217e-15 -1.894604872e-16)
(4 1.542983552e-16 3.184183663e-17)
(4 2.946237749e-16 1.446505264e-16)
(4 4.365881605e-16 -6.17510937e-17)
(4 -8.406266537e-18 2.56956642e-16)
(4 -3.882419521e-17 1.4440909e-16)
(4 -1.330358602e-16 -9.652640101e-17)
(4 1.003111561e-16 1.339203465e-16)
(4 -1.188933247e-17 5.377567761e-17)
(4 1.586872877e-16 1.862832153e-16)
(4 -4.761869205e-16 4.559472259e-16)
(4 1.169892138e-16 -1.615195756e-16)
(4 9.179430544e-17 -2.40729419e-17)
(4 -1.447040058e-16 2.396117554e-16)
(4 1.002829056e-16 -5.13459569e-17)
(4 -4.277780261e-16 7.319447242e-17)
(4 1.752596351e-16 -3.403717168e-16)
(4 5.726283379e-17 -1.04568644e-16)
(4 3.081187789e-17 2.982697577e-17)
(4 -5.817121173e-16 1.428203484e-17)
(4 5.197100436e-16 -1.239138842e-16)
(4 -1.246306092e-16 3.426434109e-17)
(4 -6.360748937e-17 -1.900137957e-18)
(4 3.263006455e-18 -1.095022776e-16)
(4 -5.596039337e-16 6.809601788e-17)
(4 4.417568792e-16 -5.399389579e-17)
(4 -4.384104373e-16 5.899839616e-19)
(4 1.001691085e-15 9.296963849e-17)
(4 -8.731057444e-16 2.845706138e-16)
(4 4.284030285e-16 -9.325266974e-17)
(4 -1.512387098e-16 -1.139199225e-16)
(4 -2.054780417e-16 2.43243081e-16)
(4 -5.414482305e-17 -9.845673102e-18)
(4 6.952004478e-17 1.732481074e-16)
(4 -8.087462962e-17 2.259253511e-16)
(4 -3.783333466e-16 3.531377241e-16)
(4 7.523306097e-16 2.504092729e-17)
(4 -6.589538906e-16 3.477267824e-17)
(4 7.750664662e-16 1.212686562e-16)
(4 -9.031266366e-16 -1.02586425e-16)
(4 4.720013435e-16 -1.869182993e-16)
(4 2.240275895e-16 1.471204632e-16)
(4 4.192841662e-17 -2.659189288e-17)
(4 -1.080852931e-16 1.03015479e-17)
(4 -6.713938312e-17 -1.784143451e-16)
(4 2.108261495e-16 1.060499302e-16)
(4 6.655520604e-18 -1.495708666e-16)
(4 -1.239307671e-16 1.747202053e-16)
(4 -2.914981879e-16 -3.524127371e-17)
(4 7.53624533e-17 -1.803704083e-16)
(4 2.39760143e-15 1.038400211e-16)
(4 8.582540837e-15 5.003391011e-15)
(4 8.924813871e-14 3.952719592e-14)
(4 6.890380743e-13 2.832869255e-13)
(4 4.905594148e-12 1.9362395e-12)
(4 3.268955969e-11 1.23577159e-11)
(4 2.033335973e-10 7.334896575e-11)
(4.000000001 1.176534333e-09 4.034288326e-10)
(4.000000008 6.313621133e-09 2.049572475e-09)
(4.000000041 3.13383563e-08 9.592471542e-09)
(4.000000196 1.435823006e-07 4.127711346e-08)
(4.000000867 6.063915495e-07 1.631010798e-07)
(4.000003552 2.359046524e-06 5.914638925e-07)
(4.000013444 8.453410536e-06 1.968484373e-06)
(4.000047059 2.791607496e-05 6.015514664e-06)
(4.000152481 8.503600191e-05 1.689247388e-05)
(4.000457924 0.0002392286643 4.363344916e-05)
(4.001276609 0.0006224674624 0.0001037799387)
(4.00330961 0.001500396435 0.0002275252301)
(4.00799437 0.003355906698 0.0004602311005)
(4.018028586 0.006977069253 0.0008595540012)
(4.038038793 0.01350649116 0.001482883889)
(4.075253497 0.02438697109 0.002363018419)
(4.1399059 0.04113810576 0.003475793144)
(4.244995216 0.06493945901 0.004711210847)
(4.405066772 0.09608085882 0.005865075731)
(4.633894584 0.133442 0.006665918193)
(4.941347361 0.1742274508 0.006839693482)
(5.330157297 0.2141545745 0.006196149711)
(5.793581474 0.2481539563 0.004705391232)
(6.314866002 0.2714396204 0.002531060594)
(6.868953499 0.2806327082 1.43358441e-06)
(7.426168553 0.2745692527 -0.002474587449)
(7.95696002 0.254525566 -0.004516115389)
(8.436450791 0.2238086997 -0.005863897487)
(8.847670953 0.1868841773 -0.006428249841)
(9.182847703 0.1483497746 -0.00628180167)
(9.442763103 0.1120661682 -0.005609379855)
(9.634713381 0.08064482208 -0.004639995255)
(9.769849508 0.05533771443 -0.003585892025)
(9.860630673 0.03624309327 -0.002604249255)
)
;

boundaryField
{
    left
    {
        type            dirichlet;
        value           uniform (4 0 0);
    }
    right
    {
        type            dirichlet;
        value           uniform (4 0 0);
    }
    sides
    {
        type            empty;
    }
}


// ************************************************************************* //
