/*--------------------------------*- C++ -*----------------------------------*\
| =========                 |                                                 |
| \\      /  F ield         | foam-extend: Open Source CFD                    |
|  \\    /   O peration     | Version:     4.1                                |
|   \\  /    A nd           | Web:         http://www.foam-extend.org         |
|    \\/     M anipulation  |                                                 |
\*---------------------------------------------------------------------------*/
FoamFile
{
    version     2.0;
    format      ascii;
    class       cellScalarField;
    location    "1.2";
    object      T;
}
// * * * * * * * * * * * * * * * * * * * * * * * * * * * * * * * * * * * * * //

dimensions      [0 0 0 0 1 0 0];

internalField   nonuniform 
100
(
(3.998720045 -0.001713899034 0.03495587792)
(4.648285829 0.8973370663 0.2632919595)
(7.474774168 1.574488176 -0.1545726336)
(9.527248845 0.4719311643 -0.1246751359)
(9.954296843 0.05399145018 -0.01771905607)
(9.996859246 0.004044309637 -0.001463186658)
(9.999824034 0.0002389150169 -9.147216444e-05)
(9.999991389 1.212375255e-05 -4.820636144e-06)
(9.999999617 5.535436988e-07 -2.262568204e-07)
(9.999999984 2.338421861e-08 -9.764715853e-09)
(9.999999999 9.30730317e-10 -3.95428235e-10)
(10 3.533987995e-11 -1.523205268e-11)
(10 1.290523378e-12 -5.624380881e-13)
(10 4.515231092e-14 -2.065974981e-14)
(10 1.678859581e-16 -7.98111266e-16)
(10 7.789791565e-16 5.409979892e-16)
(10 -1.361589704e-15 6.837870312e-16)
(10 1.05993519e-16 -1.423756386e-16)
(10 2.199713416e-16 -5.565981947e-16)
(10 1.000609292e-15 -5.077513789e-16)
(10 -1.354244517e-16 7.674063977e-17)
(10 -4.236302623e-18 2.400517865e-18)
(10 -1.324889001e-19 7.507343144e-20)
(10 -4.142533913e-21 2.34726449e-21)
(10 -1.294940251e-22 7.337297252e-23)
(10 -4.047078537e-24 2.293087273e-24)
(10 -1.264622848e-25 7.165330447e-26)
(10 -3.951307931e-27 2.2388186e-27)
(10 -1.234640038e-28 6.995725255e-29)
(10 -3.85890265e-30 2.186701855e-30)
(10 -1.206936762e-31 6.840262776e-32)
(10 -3.779806919e-33 2.142703327e-33)
(10 -1.186319803e-34 6.727501993e-35)
(10 -3.735862241e-36 2.119685626e-36)
(10 -1.182138622e-37 6.712078948e-38)
(10 -3.764939545e-39 2.139631012e-39)
(10 -1.20897382e-40 6.878123109e-41)
(10 -3.920587192e-42 2.233269383e-42)
(10 -1.285628839e-43 7.332993119e-44)
(10 -4.265993188e-45 2.436498301e-45)
(10 -1.432405476e-46 8.191432098e-47)
(10 -4.863305518e-48 2.784243897e-48)
(10 -1.667292851e-49 9.553846092e-50)
(10 -5.761004469e-51 3.30331486e-51)
(10 -2.00205217e-52 1.14842974e-52)
(10 -6.982547872e-54 4.00606627e-54)
(10 -2.43916526e-55 1.399362787e-55)
(10 -8.518962514e-57 4.886355702e-57)
(10 -2.970316561e-58 1.703138455e-58)
(10 -1.032684138e-59 5.91857746e-60)
(10 -3.576649724e-61 2.048778597e-61)
(10 -1.233182952e-62 7.059784758e-63)
(10 -4.23062988e-64 2.420467197e-64)
(10 -1.443654353e-65 8.254277311e-66)
(10 -4.899050336e-67 2.799276859e-67)
(10 -1.653118861e-68 9.439660634e-69)
(10 -5.546586598e-70 3.16518749e-70)
(10 -1.850494953e-71 1.055328997e-71)
(10 -6.139310255e-73 3.499066827e-73)
(10 -2.025644664e-74 1.153814255e-74)
(10 -6.647689519e-76 3.78434929e-76)
(10 -2.170201575e-77 1.234743087e-77)
(10 -7.048771784e-79 4.008245766e-79)
(10 -2.278113251e-80 1.294758822e-80)
(10 -7.327420725e-82 4.162416901e-82)
(10 -2.34588345e-83 1.331955703e-83)
(10 -7.476633527e-85 4.243128092e-85)
(10 -2.372541566e-86 1.345854507e-86)
(10 -7.497074605e-88 4.250965784e-88)
(10 -2.359394316e-89 1.33725666e-89)
(10 -7.396025834e-91 4.190229433e-91)
(10 -2.30962773e-92 1.308015535e-92)
(10 -7.185973998e-94 4.068124141e-94)
(10 -2.227828362e-95 1.260763865e-95)
(10 -6.883043758e-97 3.893871236e-97)
(10 -2.119484822e-98 1.198631545e-98)
(10 -6.505450309e-100 3.677834244e-100)
(10 -1.990517845e-101 1.124980733e-101)
(10 -6.072101017e-103 3.430732206e-103)
(10 -1.846872321e-104 1.043176788e-104)
(10 -5.601428531e-106 3.162985777e-106)
(10 -1.694190376e-107 9.564054519e-108)
(10 -5.110495293e-109 2.884217664e-109)
(10 -1.537572303e-110 8.675398561e-111)
(10 -4.614374716e-112 2.602909548e-112)
(10 -1.38142262e-113 7.790555658e-114)
(10 -4.12578895e-115 2.326203548e-115)
(10 -1.229372007e-116 6.92988298e-117)
(10 -3.654966979e-118 2.059827373e-118)
(10 -1.084262085e-119 6.109268504e-120)
(10 -3.209678668e-121 1.808117882e-121)
(10 -9.48178494e-123 5.340329932e-123)
(10 -2.79539857e-124 1.574116907e-124)
(10 -8.225179634e-126 4.630802371e-126)
(10 -2.41555602e-127 1.359714844e-127)
(10 -7.080764225e-129 3.98504195e-129)
(10 -2.071833692e-130 1.165820743e-130)
(10 -6.051472682e-132 3.404584281e-132)
(10 -1.76448376e-133 9.92541626e-134)
(10 -1.68876809e-15 3.769792314e-15)
)
;

boundaryField
{
    left
    {
        type            dirichlet;
        value           uniform (4 0 0);
    }
    right
    {
        type            dirichlet;
        value           uniform (4 0 0);
    }
    sides
    {
        type            empty;
    }
}


// ************************************************************************* //
