/*--------------------------------*- C++ -*----------------------------------*\
| =========                 |                                                 |
| \\      /  F ield         | foam-extend: Open Source CFD                    |
|  \\    /   O peration     | Version:     4.1                                |
|   \\  /    A nd           | Web:         http://www.foam-extend.org         |
|    \\/     M anipulation  |                                                 |
\*---------------------------------------------------------------------------*/
FoamFile
{
    version     2.0;
    format      ascii;
    class       cellScalarField;
    location    "35.4";
    object      T;
}
// * * * * * * * * * * * * * * * * * * * * * * * * * * * * * * * * * * * * * //

dimensions      [0 0 0 0 1 0 0];

internalField   nonuniform 
100
(
(4 -5.703630593e-17 1.624202108e-17)
(4 -1.185432197e-16 1.06757894e-16)
(4 1.520782456e-16 -1.27560013e-16)
(4 -2.391079293e-17 -1.061280923e-16)
(4 -5.823508456e-17 9.290165159e-17)
(4 -3.300936407e-16 2.27412667e-16)
(4 3.274590314e-16 1.52500912e-16)
(4 -2.772958324e-16 -7.74399647e-17)
(4 8.53901721e-16 7.28025414e-17)
(4 -1.374545522e-15 5.337787288e-17)
(4 3.575630585e-16 -4.705527291e-17)
(4 -4.92851401e-16 2.537925298e-16)
(4 7.19854065e-16 1.445623055e-16)
(4 7.397115354e-18 -4.848964523e-17)
(4 1.236688591e-16 -1.681009055e-16)
(4 9.404348434e-17 5.780340263e-17)
(4 2.811546778e-16 1.557645802e-16)
(4 -7.585957737e-16 2.141050398e-16)
(4 7.757682157e-16 5.384951728e-17)
(4 -9.202440055e-16 -3.975121712e-16)
(4 1.015378403e-15 -1.204942554e-16)
(4 -8.693731191e-16 3.286184212e-16)
(4 7.763515225e-16 -4.708556016e-18)
(4 -6.257107082e-16 1.592207723e-16)
(4 4.741626831e-16 1.847564195e-16)
(4 -8.018024518e-16 5.179864188e-16)
(4 3.070632692e-16 -2.03088866e-16)
(4 5.952410018e-17 -5.196762758e-17)
(4 -6.294051834e-16 6.387529818e-17)
(4 5.138958509e-16 1.582809555e-17)
(4 5.366173216e-17 1.306186114e-16)
(4 -1.62486401e-16 1.122490276e-16)
(4 1.228076729e-16 -7.909871193e-17)
(4 -6.06460682e-16 2.276606474e-16)
(4 9.560405864e-16 3.103115754e-17)
(4 -8.207334177e-16 2.208754744e-17)
(4 3.491548854e-16 5.644024084e-17)
(4 -1.769145934e-16 1.853267028e-17)
(4 1.291339454e-16 2.4721114e-16)
(4 1.201837228e-16 1.354946857e-17)
(4 7.035494812e-17 1.496444648e-17)
(4 -8.457155124e-17 -3.975289009e-17)
(4 2.812038246e-17 1.823360213e-17)
(4 1.628796623e-15 1.338293599e-15)
(4 3.013488091e-14 1.523819158e-14)
(4 3.031416143e-13 1.421681156e-13)
(4 2.726855438e-12 1.242396484e-12)
(4 2.305483184e-11 1.006002069e-11)
(4 1.807613869e-10 7.537898259e-11)
(4.000000001 1.309356126e-09 5.19095577e-10)
(4.00000001 8.713781731e-09 3.265123428e-09)
(4.000000062 5.296756773e-08 1.863577887e-08)
(4.000000361 2.923870782e-07 9.59238145e-08)
(4.000001895 1.458536546e-06 4.431435461e-07)
(4.000009017 6.552340853e-06 1.831771611e-06)
(4.00003879 2.646285155e-05 6.765832249e-06)
(4.000150831 9.606097365e-05 2.233096697e-05)
(4.000530578 0.0003137356745 6.592590298e-05)
(4.001691529 0.0009236266078 0.0001743523847)
(4.004899745 0.00245692696 0.0004137795237)
(4.012933757 0.005921544944 0.000882642524)
(4.031214726 0.01296796687 0.00169443754)
(4.069117876 0.02588003503 0.002929281548)
(4.140925498 0.04720197068 0.004558414443)
(4.265569259 0.07889867016 0.006372192151)
(4.464326887 0.1211884338 0.007962977322)
(4.756227469 0.1714956997 0.008806333356)
(5.152014865 0.2241373334 0.008437488886)
(5.648625258 0.2711832834 0.006656269339)
(6.226537394 0.3044183011 0.00365682225)
(6.85159746 0.3177344666 2.813948076e-06)
(7.481214425 0.3089786025 -0.003553049921)
(8.073005504 0.28048457 -0.006322893427)
(8.593007362 0.2381311356 -0.007893870941)
(9.020925085 0.1894205631 -0.008210296813)
(9.351278433 0.1414127059 -0.007516223124)
(9.590927897 0.09924729222 -0.006211943991)
(9.754550763 0.06558589606 -0.004701359837)
(9.859855505 0.04087261699 -0.003287981343)
(9.923833816 0.02405642166 -0.00213845692)
(9.960580863 0.01339158214 -0.001299573849)
(9.98056207 0.007060596375 -0.000740732822)
(9.9908616 0.003530593728 -0.0003972153212)
(9.995901006 0.001676571763 -0.000200926918)
(9.998244488 0.0007570414465 -9.609428777e-05)
(9.999281546 0.0003254468374 -4.354075387e-05)
(9.999718794 0.0001333609155 -1.872585366e-05)
(9.999894647 5.215266444e-05 -7.657326327e-06)
(9.999962187 1.948595997e-05 -2.981890739e-06)
(9.999986986 6.963852681e-06 -1.107465926e-06)
(9.999995702 2.383046295e-06 -3.92826587e-07)
(9.999998637 7.816838771e-07 -1.332536183e-07)
(9.999999584 2.460336793e-07 -4.328253353e-08)
(9.999999878 7.438070552e-08 -1.347798703e-08)
(9.999999966 2.161995672e-08 -4.028256935e-09)
(9.999999991 6.04775031e-09 -1.156831425e-09)
(9.999999998 1.629605767e-09 -3.195566915e-10)
(9.999999999 4.233642577e-10 -8.499450549e-11)
(10 1.061415302e-10 -2.178910899e-11)
(10 2.569467552e-11 -5.385146188e-12)
)
;

boundaryField
{
    left
    {
        type            dirichlet;
        value           uniform (4 0 0);
    }
    right
    {
        type            dirichlet;
        value           uniform (4 0 0);
    }
    sides
    {
        type            empty;
    }
}


// ************************************************************************* //
