/*--------------------------------*- C++ -*----------------------------------*\
| =========                 |                                                 |
| \\      /  F ield         | foam-extend: Open Source CFD                    |
|  \\    /   O peration     | Version:     4.1                                |
|   \\  /    A nd           | Web:         http://www.foam-extend.org         |
|    \\/     M anipulation  |                                                 |
\*---------------------------------------------------------------------------*/
FoamFile
{
    version     2.0;
    format      ascii;
    class       cellScalarField;
    location    "12.6";
    object      T;
}
// * * * * * * * * * * * * * * * * * * * * * * * * * * * * * * * * * * * * * //

dimensions      [0 0 0 0 1 0 0];

internalField   nonuniform 
100
(
(4 -5.703630593e-17 1.624202108e-17)
(4 -7.915240171e-17 2.48756066e-16)
(4 -7.870512008e-17 1.704184555e-16)
(4 3.719651627e-17 2.451056789e-18)
(4 -1.048913741e-16 6.281473361e-17)
(4 -3.715460416e-16 1.660498579e-16)
(4 1.510123282e-16 2.879557224e-16)
(4 -5.883184019e-16 1.188710868e-16)
(4 3.128368035e-15 7.68085658e-15)
(4 3.37018066e-13 1.729830862e-13)
(4 3.848753135e-12 2.876740394e-12)
(4 1.177244009e-10 8.270843761e-11)
(4.000000002 2.025389011e-09 1.152797675e-09)
(4.000000027 3.06353223e-08 1.925115273e-08)
(4.000000408 4.65845402e-07 2.583438009e-07)
(4.000005073 5.414081959e-06 2.745507398e-06)
(4.000053613 5.548896341e-05 2.696130379e-05)
(4.000499294 0.0004936891015 0.0002086292081)
(4.003717765 0.003303322716 0.001121861311)
(4.020711897 0.01577812865 0.004139203404)
(4.086066921 0.05446522452 0.01068562721)
(4.273125364 0.1397879152 0.01958130717)
(4.681913547 0.2743386252 0.02523737155)
(5.380163219 0.4218238588 0.0211940106)
(6.331460268 0.5187500192 0.007036224713)
(7.383410653 0.5193104863 -0.009853531757)
(8.342043921 0.4297352984 -0.02065213547)
(9.071728686 0.2979772301 -0.02211190734)
(9.541303411 0.1752628115 -0.01714491574)
(9.7996253 0.08842475104 -0.01054293656)
(9.922350517 0.03866422628 -0.005362275818)
(9.97318307 0.01479276361 -0.002313825388)
(9.991702893 0.004996485298 -0.0008623961675)
(9.997687408 0.001502343921 -0.0002815450819)
(9.999416052 0.0004052645084 -8.144530337e-05)
(9.999865669 9.879178867e-05 -2.108411598e-05)
(9.999971695 2.191032497e-05 -4.9269855e-06)
(9.999994508 4.44885953e-06 -1.047354041e-06)
(9.999999014 8.318592959e-07 -2.039388329e-07)
(9.999999835 1.44010766e-07 -3.660307103e-08)
(9.999999974 2.319798896e-08 -6.089903386e-09)
(9.999999996 3.493147894e-09 -9.441041874e-10)
(9.999999999 4.937909747e-10 -1.370215329e-10)
(10 6.578197583e-11 -1.869715266e-11)
(10 8.292928488e-12 -2.407333124e-12)
(10 9.91895682e-13 -2.953082798e-13)
(10 1.130336371e-13 -3.454606118e-14)
(10 1.235664135e-14 -4.323238792e-15)
(10 -1.470436471e-15 9.508756387e-16)
(10 1.608851274e-16 2.397596792e-16)
(10 1.278424561e-16 -3.280079367e-16)
(10 -2.843919436e-17 4.120238591e-16)
(10 2.381473914e-16 -2.217918842e-16)
(10 -5.38512448e-17 -3.202844282e-17)
(10 -3.104985966e-16 -5.849230516e-16)
(10 1.13374991e-16 -4.344984878e-16)
(10 1.357981083e-16 -1.465155296e-16)
(10 -4.623272158e-16 -5.624552829e-16)
(10 3.638409576e-16 -1.62606285e-16)
(10 2.728715265e-16 -5.382017058e-16)
(10 -1.628013899e-16 2.839990822e-16)
(10 3.54962809e-17 1.099428015e-16)
(10 7.109811896e-17 -4.324193114e-16)
(10 5.758858224e-17 -4.20763147e-16)
(10 1.47874597e-16 -3.125414161e-16)
(10 -2.02368645e-16 1.286588837e-16)
(10 5.214376978e-20 -7.812373518e-17)
(10 -2.716667885e-16 -5.558452183e-16)
(10 -3.062914145e-16 -6.876379631e-17)
(10 3.554983054e-16 4.223220554e-16)
(10 8.982431201e-17 9.829588881e-17)
(10 -1.074529439e-16 -3.778701638e-16)
(10 4.069249017e-17 -1.522025733e-16)
(10 1.517869819e-16 3.822910658e-16)
(10 3.987710521e-16 1.81616676e-17)
(10 2.992043064e-17 7.925824377e-17)
(10 3.252846236e-16 1.254095006e-16)
(10 1.658614766e-16 -1.845844414e-16)
(10 5.658479944e-16 1.8819731e-17)
(10 -3.647492646e-16 5.074910187e-16)
(10 6.478518735e-17 2.900395354e-16)
(10 -2.309185081e-17 7.606239981e-16)
(10 -3.760653269e-16 2.484442127e-16)
(10 -1.661457743e-16 1.981740094e-17)
(10 -3.189422834e-16 1.336862392e-16)
(10 1.518689362e-16 -4.776553231e-16)
(10 4.154170562e-16 -4.507520582e-16)
(10 4.564781628e-16 -1.381592719e-17)
(10 1.325746867e-16 -3.771024248e-16)
(10 4.24142914e-16 2.963035181e-17)
(10 1.768353187e-16 -1.975971919e-18)
(10 4.092883336e-17 -3.130532269e-17)
(10 4.766928904e-16 -5.131447559e-18)
(10 -4.156032402e-16 2.75446004e-16)
(10 -1.139994482e-16 4.272886046e-17)
(10 4.362024969e-16 2.703851445e-16)
(10 5.437827683e-17 -4.079881009e-16)
(10 2.778404632e-17 -7.032152853e-16)
(10 2.665823959e-16 3.469156205e-16)
(10 -9.80890813e-16 3.952709885e-15)
)
;

boundaryField
{
    left
    {
        type            dirichlet;
        value           uniform (4 0 0);
    }
    right
    {
        type            dirichlet;
        value           uniform (4 0 0);
    }
    sides
    {
        type            empty;
    }
}


// ************************************************************************* //
