/*--------------------------------*- C++ -*----------------------------------*\
| =========                 |                                                 |
| \\      /  F ield         | foam-extend: Open Source CFD                    |
|  \\    /   O peration     | Version:     4.1                                |
|   \\  /    A nd           | Web:         http://www.foam-extend.org         |
|    \\/     M anipulation  |                                                 |
\*---------------------------------------------------------------------------*/
FoamFile
{
    version     2.0;
    format      ascii;
    class       cellScalarField;
    location    "18.4";
    object      T;
}
// * * * * * * * * * * * * * * * * * * * * * * * * * * * * * * * * * * * * * //

dimensions      [0 0 0 0 1 0 0];

internalField   nonuniform 
100
(
(4 -5.703630593e-17 1.624202108e-17)
(4 -1.56929548e-16 1.69915264e-16)
(4 9.677555896e-17 2.146660294e-17)
(4 -1.790302972e-16 1.320372914e-16)
(4 -1.133333098e-16 -3.730951309e-17)
(4 -3.254393092e-16 -1.081113472e-16)
(4 3.944097308e-16 9.138535927e-17)
(4 -3.790941791e-16 3.017334776e-16)
(4 7.05429825e-16 1.865027991e-17)
(4 -1.300829286e-15 -1.839693584e-16)
(4 -5.716094363e-17 -2.152923345e-16)
(4 1.696555413e-15 -1.093895421e-16)
(4 -1.095310435e-15 2.87807229e-16)
(4 1.488959249e-15 2.959117004e-16)
(4 9.492197453e-16 -5.371822086e-16)
(4 4.63261085e-17 -2.151804021e-17)
(4 6.420482372e-16 1.20307304e-15)
(4 2.98176169e-14 1.808988045e-14)
(4 4.842876974e-13 2.992491025e-13)
(4 7.817679462e-12 4.679737733e-12)
(4 1.121308441e-10 6.316693791e-11)
(4.000000001 1.440914673e-09 7.849894736e-10)
(4.000000016 1.700210188e-08 8.784906103e-09)
(4.000000171 1.776599093e-07 8.582283429e-08)
(4.000001639 1.635453213e-06 7.392329159e-07)
(4.000013863 1.324154017e-05 5.495443158e-06)
(4.000101644 9.122120905e-05 3.359741474e-05)
(4.000626177 0.0005153304838 0.0001634647382)
(4.003177859 0.002346131797 0.0006270281487)
(4.013234158 0.008607229334 0.001902979314)
(4.045519737 0.02566745196 0.004602602863)
(4.130802146 0.06294889314 0.00892080243)
(4.318224311 0.1285004654 0.013853324)
(4.664652095 0.2208289115 0.01702487269)
(5.208678363 0.3227999477 0.01586054138)
(5.941237138 0.405131348 0.009541395572)
(6.794168772 0.4402630218 1.723736792e-05)
(7.659424158 0.4174615321 -0.009039978562)
(8.42955275 0.3478236769 -0.01451740545)
(9.034844911 0.2563021647 -0.01547628442)
(9.457458504 0.1680376274 -0.01306235963)
(9.721044212 0.09857374743 -0.009257633176)
(9.868675151 0.05201255967 -0.005671003073)
(9.943295983 0.02480905949 -0.003055802096)
(9.977494551 0.01074771055 -0.001466203781)
(9.991768967 0.004247862444 -0.0006322695114)
(9.997218475 0.001538240783 -0.0002469005937)
(9.999129058 0.0005124365481 -8.786751722e-05)
(9.999746598 0.0001576512196 -2.86579826e-05)
(9.999931296 4.495693758e-05 -8.608730378e-06)
(9.999982593 1.192513732e-05 -2.392609223e-06)
(9.999995867 2.952227196e-06 -6.17792094e-07)
(9.999999078 6.842868228e-07 -1.487687285e-07)
(9.999999806 1.48950901e-07 -3.352906796e-08)
(9.999999962 3.053612231e-08 -7.095922141e-09)
(9.999999993 5.912026913e-09 -1.414544531e-09)
(9.999999999 1.083768575e-09 -2.663797172e-10)
(10 1.885745044e-10 -4.75169126e-11)
(10 3.121838797e-11 -8.049172852e-12)
(10 4.926795043e-12 -1.297827196e-12)
(10 7.417904371e-13 -2.002812743e-13)
(10 1.01165841e-13 -2.775344268e-14)
(10 1.523049644e-14 -3.820663922e-15)
(10 1.942561078e-15 -1.563497712e-15)
(10 -1.488781807e-16 -2.349214643e-16)
(10 4.304114756e-16 -2.845355217e-16)
(10 -2.637819181e-16 1.352337735e-16)
(10 4.643538599e-17 -1.350598778e-16)
(10 2.180621175e-16 -3.741018589e-16)
(10 2.559438106e-16 -2.761834979e-16)
(10 -4.133232134e-16 1.54637891e-16)
(10 4.128974669e-17 -1.115452508e-16)
(10 1.696467568e-17 -6.907029146e-17)
(10 -2.146310546e-16 1.917023168e-16)
(10 4.756370189e-16 -4.916963399e-16)
(10 2.339575188e-16 -1.669370368e-16)
(10 -4.263486282e-16 3.135219849e-16)
(10 -4.137923198e-16 5.73341468e-16)
(10 2.099086255e-16 -2.240825752e-16)
(10 -2.955408768e-16 -5.574879262e-18)
(10 -1.757036215e-16 -4.547491466e-16)
(10 1.096051918e-16 -5.012838561e-16)
(10 4.687615851e-16 -3.687375464e-16)
(10 -6.916339755e-16 -2.759729956e-17)
(10 3.287675123e-16 -3.388988246e-16)
(10 2.573067458e-16 1.53819589e-16)
(10 -2.71898698e-16 3.923559387e-16)
(10 -2.247638199e-16 4.632011191e-16)
(10 -4.063123947e-17 1.720084392e-16)
(10 1.259938701e-16 -2.351560665e-16)
(10 2.102255632e-16 1.431691506e-16)
(10 2.25862538e-16 -9.066568862e-17)
(10 1.658100713e-16 -4.844913328e-16)
(10 -2.066750782e-17 1.560254492e-16)
(10 -5.822968055e-17 -1.797815602e-16)
(10 2.099720831e-16 -2.050389459e-16)
(10 -3.802056274e-17 1.736648733e-16)
(10 -1.590404258e-16 -2.087535863e-17)
(10 6.704964652e-16 -3.248891065e-16)
(10 -1.386813206e-15 3.460278774e-15)
)
;

boundaryField
{
    left
    {
        type            dirichlet;
        value           uniform (4 0 0);
    }
    right
    {
        type            dirichlet;
        value           uniform (4 0 0);
    }
    sides
    {
        type            empty;
    }
}


// ************************************************************************* //
