/*--------------------------------*- C++ -*----------------------------------*\
| =========                 |                                                 |
| \\      /  F ield         | foam-extend: Open Source CFD                    |
|  \\    /   O peration     | Version:     4.1                                |
|   \\  /    A nd           | Web:         http://www.foam-extend.org         |
|    \\/     M anipulation  |                                                 |
\*---------------------------------------------------------------------------*/
FoamFile
{
    version     2.0;
    format      ascii;
    class       cellScalarField;
    location    "11.1";
    object      T;
}
// * * * * * * * * * * * * * * * * * * * * * * * * * * * * * * * * * * * * * //

dimensions      [0 0 0 0 1 0 0];

internalField   nonuniform 
100
(
(4 -5.703630593e-17 1.624202108e-17)
(4 -1.064031833e-16 -1.715940367e-17)
(4 -9.516153932e-17 1.533280472e-17)
(4 -1.018164113e-16 2.21889202e-16)
(4 5.237836811e-19 -5.477814133e-17)
(4 -8.675950347e-17 -1.640377858e-16)
(4 -8.786550912e-15 1.398491175e-14)
(4 7.854580494e-13 3.285513959e-13)
(4 4.619625643e-12 4.715143589e-12)
(4 2.812250615e-10 2.058527913e-10)
(4.000000004 4.687166645e-09 2.564346366e-09)
(4.000000066 7.662575872e-08 5.230341586e-08)
(4.000001113 1.298282755e-06 7.200149088e-07)
(4.000014167 1.510678101e-05 7.796325148e-06)
(4.000154751 0.0001629006736 8.165042041e-05)
(4.001490784 0.001486864273 0.0006190602251)
(4.010854085 0.009446558972 0.003006741654)
(4.056173956 0.04056484676 0.009490998532)
(4.21011468 0.1217070104 0.02002158022)
(4.589640908 0.2653441439 0.0283092832)
(5.290884114 0.4348017195 0.02507927643)
(6.28870547 0.5505846387 0.008507348075)
(7.407415787 0.5513663742 -0.01180263394)
(8.415101023 0.4453313515 -0.02399905408)
(9.156836734 0.2951276714 -0.0244151564)
(9.609791767 0.1629552363 -0.01767489046)
(9.842434773 0.07601219648 -0.00999778699)
(9.944203297 0.03033731465 -0.004619253594)
(9.982563481 0.01048204815 -0.001791933754)
(9.995158368 0.003169626802 -0.0005953794049)
(9.998796978 0.0008472905544 -0.0001721106747)
(9.999730625 0.0002020970336 -4.385702561e-05)
(9.999945273 4.338301689e-05 -9.962312128e-06)
(9.999989846 8.447796362e-06 -2.03719469e-06)
(9.999998269 1.50307567e-06 -3.78291674e-07)
(9.999999727 2.459895051e-07 -6.428391064e-08)
(9.99999996 3.725525731e-08 -1.006621463e-08)
(9.999999995 5.250507187e-09 -1.461566303e-09)
(9.999999999 6.920773454e-10 -1.978768486e-10)
(10 8.57162842e-11 -2.510519065e-11)
(10 1.00170349e-11 -2.998767356e-12)
(10 1.109164545e-12 -3.397163103e-13)
(10 1.142313739e-13 -3.605056063e-14)
(10 1.044604517e-14 -4.59989897e-15)
(10 5.176606433e-17 1.049059184e-19)
(10 3.723796131e-17 4.854970203e-16)
(10 -3.033166859e-16 5.823282746e-16)
(10 -6.085270689e-16 1.586145514e-16)
(10 2.402333795e-16 -3.826291039e-16)
(10 3.201116312e-16 -5.536724189e-16)
(10 7.484699969e-17 3.682699244e-17)
(10 -2.087855966e-16 1.419480832e-16)
(10 2.598213239e-16 2.689084184e-16)
(10 1.356438204e-16 1.2332357e-16)
(10 1.459808243e-16 -1.555576764e-17)
(10 1.661337748e-16 -1.648074882e-16)
(10 2.597697954e-16 7.083739363e-16)
(10 -4.175347561e-16 7.761034124e-16)
(10 -1.810000759e-16 5.599682409e-17)
(10 3.6832766e-16 -1.77113871e-16)
(10 2.53009926e-16 -1.023709952e-16)
(10 4.193986943e-19 -1.76834334e-17)
(10 1.098718386e-16 -4.384368367e-16)
(10 4.581150605e-17 -5.161447535e-16)
(10 -6.270199861e-17 1.253193393e-16)
(10 3.595019977e-16 8.06297949e-17)
(10 2.604858274e-16 2.301231868e-16)
(10 -3.4917913e-16 -6.593283632e-17)
(10 2.840374938e-16 -6.169847773e-16)
(10 -1.540110619e-16 3.521331391e-17)
(10 -2.346061065e-16 -2.803532969e-16)
(10 4.465080598e-16 -2.661816352e-16)
(10 3.713569742e-16 -5.599040236e-16)
(10 1.19808393e-16 -1.480193853e-16)
(10 4.128660472e-16 -3.542483861e-17)
(10 2.668763145e-17 -1.114232419e-17)
(10 1.946785398e-16 -1.774307852e-16)
(10 -1.85826299e-17 5.079073312e-16)
(10 -3.509482544e-16 1.25287489e-16)
(10 1.143104012e-16 1.895512813e-16)
(10 2.836027468e-16 -6.41116975e-16)
(10 -1.271314267e-16 -2.440034973e-16)
(10 2.362470872e-16 6.275090826e-16)
(10 4.156859648e-16 2.570335942e-16)
(10 4.378444521e-16 4.99490617e-17)
(10 -2.846147429e-16 -7.123653028e-16)
(10 5.034378893e-16 1.667947324e-16)
(10 -4.185417202e-16 5.851169358e-16)
(10 2.905721203e-17 6.169572605e-16)
(10 1.604203777e-16 -4.290983992e-16)
(10 -3.565444117e-16 2.861276893e-16)
(10 -2.938351514e-17 1.14699904e-16)
(10 2.288537342e-16 1.038496592e-16)
(10 -1.290548342e-16 -1.567161855e-16)
(10 9.22554736e-17 -4.501204843e-16)
(10 -1.684603573e-16 2.017738866e-16)
(10 -3.945048428e-16 -5.395500869e-16)
(10 1.416077705e-16 -1.838653843e-16)
(10 5.067129337e-16 4.735176634e-17)
(10 -5.106008592e-16 3.503736469e-15)
)
;

boundaryField
{
    left
    {
        type            dirichlet;
        value           uniform (4 0 0);
    }
    right
    {
        type            dirichlet;
        value           uniform (4 0 0);
    }
    sides
    {
        type            empty;
    }
}


// ************************************************************************* //
