/*--------------------------------*- C++ -*----------------------------------*\
| =========                 |                                                 |
| \\      /  F ield         | foam-extend: Open Source CFD                    |
|  \\    /   O peration     | Version:     4.1                                |
|   \\  /    A nd           | Web:         http://www.foam-extend.org         |
|    \\/     M anipulation  |                                                 |
\*---------------------------------------------------------------------------*/
FoamFile
{
    version     2.0;
    format      ascii;
    class       cellScalarField;
    location    "20.5";
    object      T;
}
// * * * * * * * * * * * * * * * * * * * * * * * * * * * * * * * * * * * * * //

dimensions      [0 0 0 0 1 0 0];

internalField   nonuniform 
100
(
(4 -5.703630593e-17 1.624202108e-17)
(4 4.775743495e-18 -3.754119712e-19)
(4 -2.026721801e-17 1.416478231e-16)
(4 -1.454003902e-16 1.171689901e-16)
(4 1.210099915e-16 -1.390155398e-16)
(4 -4.795254094e-16 2.409358159e-16)
(4 3.346922536e-16 1.768954862e-16)
(4 -3.128422693e-16 2.740677706e-16)
(4 6.674503605e-16 -5.312221728e-18)
(4 -1.442874367e-15 -9.544119374e-17)
(4 1.24257969e-16 -5.86721442e-17)
(4 9.533919923e-16 1.444011447e-16)
(4 -4.368293568e-16 2.5925275e-16)
(4 -8.880238966e-17 1.24835261e-16)
(4 3.561194784e-16 4.270905031e-17)
(4 -9.645756049e-17 -8.889521199e-18)
(4 7.403786141e-17 -1.700280591e-17)
(4 5.880152679e-16 3.913065694e-16)
(4 1.148699485e-15 -5.473485079e-16)
(4 1.088319061e-15 7.928347104e-16)
(4 1.269277015e-14 9.78981497e-15)
(4 2.415419622e-13 1.439758333e-13)
(4 3.559098337e-12 2.052423059e-12)
(4 4.76385657e-11 2.619901808e-11)
(4.000000001 5.793397913e-10 3.063885995e-10)
(4.000000006 6.445730308e-09 3.241811805e-09)
(4.000000063 6.43339548e-08 3.043779524e-08)
(4.00000058 5.71430531e-07 2.532502813e-07)
(4.000004755 4.489843117e-06 1.837163782e-06)
(4.000034202 3.050442102e-05 1.124197803e-05)
(4.000210914 0.000174386081 5.649374126e-05)
(4.001096523 0.0008252416969 0.0002305202811)
(4.004777056 0.003221184147 0.0007636711741)
(4.017484846 0.01041761807 0.002063801632)
(4.054176237 0.02814571686 0.004574566659)
(4.143518952 0.06412599019 0.008343868261)
(4.328612517 0.1243671011 0.0125018857)
(4.657668189 0.2071410394 0.01520675326)
(5.16367861 0.2987143175 0.0144803871)
(5.84172185 0.3757634046 0.009563127714)
(6.638796688 0.4151499359 0.001707268735)
(7.465949205 0.4053666245 -0.006373832825)
(8.228048548 0.3518468748 -0.01203862217)
(8.854796568 0.2729301502 -0.01405486277)
(9.317168307 0.1901583734 -0.0128696949)
(9.624590079 0.1195598435 -0.00990679724)
(9.809617076 0.0681371867 -0.006617864909)
(9.910845662 0.03534535856 -0.003907339219)
(9.961388454 0.01675555966 -0.002064134264)
(9.984506066 0.007286358939 -0.0009844889986)
(9.994227284 0.002917150659 -0.0004269779394)
(9.997998586 0.001078961575 -0.0001693972469)
(9.99935281 0.0003699040719 -6.179352905e-05)
(9.99980435 0.0001179190815 -2.08203608e-05)
(9.999944576 3.505970631e-05 -6.506096428e-06)
(9.999985253 9.750412451e-06 -1.89262422e-06)
(9.999996306 2.543522292e-06 -5.143025162e-07)
(9.999999127 6.240237265e-07 -1.309711374e-07)
(9.999999805 1.443524952e-07 -3.134985075e-08)
(9.999999959 3.156173659e-08 -7.073221108e-09)
(9.999999992 6.537611837e-09 -1.5082243e-09)
(9.999999998 1.28576574e-09 -3.046930721e-10)
(10 2.406093365e-10 -5.845407081e-11)
(10 4.292613558e-11 -1.06744464e-11)
(10 7.316316929e-12 -1.859314434e-12)
(10 1.190107493e-12 -3.109209852e-13)
(10 1.836828404e-13 -4.811817057e-14)
(10 3.055009228e-14 -7.429969437e-15)
(10 5.489029521e-15 -1.358978555e-15)
(10 -2.934796927e-16 -2.084013135e-16)
(10 4.013560112e-16 3.384613755e-16)
(10 -2.544431292e-16 5.482584513e-16)
(10 -2.515529661e-16 5.728356398e-16)
(10 -4.906115453e-16 5.586327863e-16)
(10 -1.435872733e-16 2.578584634e-16)
(10 4.545277611e-16 2.001831063e-16)
(10 -3.002333491e-16 -6.166764282e-16)
(10 -3.656049325e-17 -2.18904426e-16)
(10 4.755692868e-16 6.106116557e-16)
(10 -7.718803598e-17 -1.321767374e-16)
(10 4.108209405e-17 -2.951829789e-16)
(10 1.140411941e-16 -3.568890386e-16)
(10 2.680753345e-17 -2.221933355e-16)
(10 1.099672362e-16 -2.564030894e-16)
(10 -1.793048271e-16 2.962174653e-16)
(10 7.634716643e-17 -1.772213531e-16)
(10 -4.685062153e-16 5.982072305e-17)
(10 3.177245639e-16 1.538972548e-16)
(10 -2.844019844e-16 1.29032928e-16)
(10 -5.567404754e-16 2.538502714e-16)
(10 4.989164268e-16 -1.967348229e-16)
(10 -2.671210631e-16 4.132639268e-16)
(10 1.428449692e-16 4.066417686e-17)
(10 -6.540312027e-17 4.057692323e-16)
(10 6.210840096e-17 9.9055746e-17)
(10 2.110537257e-16 -7.941691469e-17)
(10 -2.883563588e-16 -5.321916283e-16)
(10 -3.539258998e-16 3.744095742e-16)
(10 3.802479296e-16 -6.361309667e-16)
(10 -1.931400123e-16 3.119271338e-15)
)
;

boundaryField
{
    left
    {
        type            dirichlet;
        value           uniform (4 0 0);
    }
    right
    {
        type            dirichlet;
        value           uniform (4 0 0);
    }
    sides
    {
        type            empty;
    }
}


// ************************************************************************* //
