/*--------------------------------*- C++ -*----------------------------------*\
| =========                 |                                                 |
| \\      /  F ield         | foam-extend: Open Source CFD                    |
|  \\    /   O peration     | Version:     4.1                                |
|   \\  /    A nd           | Web:         http://www.foam-extend.org         |
|    \\/     M anipulation  |                                                 |
\*---------------------------------------------------------------------------*/
FoamFile
{
    version     2.0;
    format      ascii;
    class       cellScalarField;
    location    "48.3";
    object      T;
}
// * * * * * * * * * * * * * * * * * * * * * * * * * * * * * * * * * * * * * //

dimensions      [0 0 0 0 1 0 0];

internalField   nonuniform 
100
(
(4 -5.703630593e-17 1.624202108e-17)
(4 -2.544751188e-16 2.228052876e-16)
(4 -1.689200553e-16 -9.170563514e-17)
(4 -1.510240518e-16 2.593091425e-16)
(4 -2.132576501e-16 -1.398365969e-16)
(4 -2.453317021e-16 -1.384069753e-16)
(4 3.04573711e-16 1.054731479e-16)
(4 -3.015060513e-16 -1.428823237e-17)
(4 9.384506443e-16 -3.350956823e-17)
(4 -1.164093524e-15 1.720734982e-16)
(4 -4.474185632e-17 2.07858558e-17)
(4 1.826474194e-16 1.891382855e-16)
(4 4.158749027e-16 3.533409756e-17)
(4 1.542706295e-16 -1.647739915e-16)
(4 1.107885008e-16 2.565259978e-16)
(4 9.956450003e-17 -8.669279493e-17)
(4 4.215792041e-16 -4.698338382e-17)
(4 -1.642205889e-17 -9.57540909e-17)
(4 1.485132624e-17 1.37717661e-18)
(4 -1.582850736e-16 -6.175574571e-17)
(4 1.176425316e-16 -1.925138178e-16)
(4 -2.579869644e-16 2.097359626e-16)
(4 1.448381916e-16 -1.369679042e-16)
(4 3.600162107e-17 3.153856961e-17)
(4 1.018467849e-16 1.127567e-16)
(4 -8.89569536e-17 -4.864820843e-17)
(4 2.372124045e-16 -5.011476113e-19)
(4 -2.21317801e-16 1.321461898e-16)
(4 -4.567198023e-16 -1.51834196e-16)
(4 5.809537975e-16 -8.525427849e-17)
(4 2.503954806e-17 5.247620275e-17)
(4 -2.189251797e-16 9.333742206e-17)
(4 -2.157300575e-16 -5.738195907e-17)
(4 -1.574117786e-16 5.97172645e-18)
(4 9.284545771e-17 1.176330791e-16)
(4 -3.753869799e-16 -2.568241785e-16)
(4 8.697424386e-16 -1.844375903e-17)
(4 -1.007643597e-15 7.199416885e-17)
(4 5.509971942e-16 -5.93754043e-18)
(4 -8.890587051e-17 -1.743987554e-17)
(4 8.160253708e-17 -1.060644521e-16)
(4 -9.521287541e-17 -1.046804168e-16)
(4 -1.274214907e-16 3.185317749e-16)
(4 2.180266738e-17 6.841704047e-17)
(4 -3.042030606e-16 1.562375398e-17)
(4 8.702180799e-16 1.952613931e-18)
(4 -8.875777856e-16 1.646795456e-17)
(4 8.447356353e-16 -8.891022863e-17)
(4 -7.519513983e-16 -5.97415647e-17)
(4 1.852341796e-16 1.585063744e-16)
(4 -4.163727622e-17 1.530442984e-16)
(4 -2.650087655e-16 3.347972649e-16)
(4 1.266839357e-16 -7.496479047e-17)
(4 3.247730718e-17 4.588667781e-17)
(4 -2.355954245e-16 5.073123217e-17)
(4 1.392955241e-16 2.976325383e-16)
(4 6.349824211e-18 -1.682115897e-18)
(4 9.554689054e-17 -5.20128005e-17)
(4 -1.721896662e-16 3.507139601e-16)
(4 7.897843822e-17 -7.228510559e-17)
(4 -6.45252011e-17 -9.380368594e-18)
(4 9.941316856e-17 2.274235412e-16)
(4 -2.422001805e-16 1.300023331e-16)
(4 -9.693430886e-17 3.550240611e-16)
(4 2.218778394e-15 5.664187281e-16)
(4 1.511165189e-14 7.472522149e-15)
(4 1.224873166e-13 5.030332454e-14)
(4 8.686209713e-13 3.430182748e-13)
(4 5.813294379e-12 2.208309015e-12)
(4 3.648660587e-11 1.326487182e-11)
(4 2.140468725e-10 7.426203729e-11)
(4.000000001 1.170843962e-09 3.862961635e-10)
(4.000000008 5.957312671e-09 1.862512437e-09)
(4.000000038 2.81384036e-08 8.30708074e-09)
(4.000000173 1.231996657e-07 3.42272566e-08)
(4.000000733 4.995646256e-07 1.301737669e-07)
(4.000002892 1.875407306e-06 4.568615892e-07)
(4.0000106 6.519049418e-06 1.479885835e-06)
(4.000036101 2.099416887e-05 4.426632575e-06)
(4.000114372 6.269317523e-05 1.223609234e-05)
(4.000337442 0.0001737942827 3.128390874e-05)
(4.000928488 0.0004478217414 7.40491188e-05)
(4.002386311 0.001074086713 0.0001624221649)
(4.00573833 0.002401471139 0.0003304204944)
(4.012933744 0.005012713887 0.0006238605878)
(4.02737455 0.009783241443 0.001093722454)
(4.054510876 0.01787964301 0.001780648449)
(4.102325907 0.03064379662 0.002691173649)
(4.181439263 0.04932432945 0.003771629367)
(4.304525802 0.0746664261 0.00489101119)
(4.484841556 0.1064456299 0.005845818013)
(4.733892792 0.1431010425 0.006394862967)
(5.05862654 0.1816459748 0.006320419198)
(5.458832812 0.2179786198 0.005498323686)
(5.925572518 0.2475861541 0.003951140096)
(6.441275668 0.2664802731 0.001861105633)
(6.98170953 0.2720917765 -0.0004662328011)
(7.519448005 0.2638438921 -0.00267718925)
(8.028003967 0.2432286036 -0.004457913828)
(8.485602656 0.2133824886 -0.005605217623)
)
;

boundaryField
{
    left
    {
        type            dirichlet;
        value           uniform (4 0 0);
    }
    right
    {
        type            dirichlet;
        value           uniform (4 0 0);
    }
    sides
    {
        type            empty;
    }
}


// ************************************************************************* //
