/*--------------------------------*- C++ -*----------------------------------*\
| =========                 |                                                 |
| \\      /  F ield         | foam-extend: Open Source CFD                    |
|  \\    /   O peration     | Version:     4.1                                |
|   \\  /    A nd           | Web:         http://www.foam-extend.org         |
|    \\/     M anipulation  |                                                 |
\*---------------------------------------------------------------------------*/
FoamFile
{
    version     2.0;
    format      ascii;
    class       cellScalarField;
    location    "28.1";
    object      T;
}
// * * * * * * * * * * * * * * * * * * * * * * * * * * * * * * * * * * * * * //

dimensions      [0 0 0 0 1 0 0];

internalField   nonuniform 
100
(
(4 -5.703630593e-17 1.624202108e-17)
(4 -1.308368527e-16 -6.120694198e-17)
(4 1.346133492e-16 -9.932677951e-17)
(4 -2.161225451e-16 -2.771311727e-18)
(4 1.790756131e-17 -1.952505831e-17)
(4 -2.397979352e-16 1.499615668e-16)
(4 3.434742096e-16 6.426013269e-17)
(4 -4.776433903e-16 -1.820705069e-18)
(4 7.732989791e-16 -1.189516301e-16)
(4 -1.203250979e-15 -4.963236613e-17)
(4 -2.315379868e-18 -2.537689217e-17)
(4 3.785944679e-16 -9.604591844e-17)
(4 5.157520512e-16 -1.03194018e-16)
(4 1.429255108e-17 -8.392837136e-17)
(4 -1.639909458e-16 2.196642404e-18)
(4 7.122456174e-17 1.079171528e-16)
(4 1.126391935e-16 -6.064839446e-17)
(4 -6.749792287e-18 2.605969576e-16)
(4 -4.627601657e-16 -1.074662887e-16)
(4 8.618398242e-16 1.28953217e-16)
(4 -1.040393827e-15 -1.40832209e-17)
(4 1.117022179e-15 -2.746040704e-16)
(4 -9.123444929e-16 -1.226196917e-16)
(4 9.679008972e-16 -6.957577957e-17)
(4 -7.772333606e-16 3.110347235e-16)
(4 5.404808805e-16 -1.415613147e-16)
(4 -6.842791075e-16 2.299240256e-16)
(4 9.579950127e-17 -1.715235654e-16)
(4 -3.301455664e-16 -9.463365544e-17)
(4 5.059380373e-16 2.157586141e-17)
(4 -9.68850541e-17 1.091947265e-16)
(4 1.288407992e-16 6.00998621e-16)
(4 1.72982664e-14 1.030582829e-14)
(4 2.200672026e-13 1.1520596e-13)
(4 2.433881752e-12 1.232103794e-12)
(4 2.513134156e-11 1.224788745e-11)
(4 2.399324638e-10 1.118547395e-10)
(4.000000002 2.102682752e-09 9.323148332e-10)
(4.000000018 1.680230472e-08 7.041098667e-09)
(4.000000133 1.215233373e-07 4.773123349e-08)
(4.000000902 7.878166749e-07 2.869291536e-07)
(4.000005475 4.528332203e-06 1.511407434e-06)
(4.00002947 2.28681908e-05 6.916701193e-06)
(4.000139919 0.0001009101052 2.738241141e-05)
(4.00058465 0.0003884479338 9.371009928e-05)
(4.002151653 0.001306136744 0.0002776544831)
(4.006994707 0.003848407861 0.0007140767043)
(4.020172263 0.009977817547 0.001598388673)
(4.051873462 0.02287042798 0.003120555666)
(4.119606541 0.04656554749 0.005317803597)
(4.248718411 0.08461249321 0.007897928699)
(4.469249099 0.137825081 0.01016495774)
(4.808187445 0.2021105035 0.01118068624)
(5.278770274 0.2678876413 0.01016414842)
(5.871194122 0.3221454462 0.006935097185)
(6.549825446 0.3527130903 0.002115074599)
(7.259528711 0.3527820044 -0.003077586896)
(7.93922973 0.3233478914 -0.00733894576)
(8.537147369 0.272397028 -0.009800476999)
(9.021616027 0.2115081937 -0.01028341003)
(9.384151328 0.1517779767 -0.009207406109)
(9.635340711 0.1009154385 -0.007281160732)
(9.79687936 0.0623211954 -0.00517998804)
(9.893526689 0.03583118639 -0.003353634663)
(9.947442435 0.01922257384 -0.001991724562)
(9.975547934 0.009643341412 -0.001091621741)
(9.989266877 0.004533313456 -0.0005547729224)
(9.99555001 0.002001017608 -0.0002624703096)
(9.998255221 0.0008309559451 -0.0001159970727)
(9.999352232 0.0003252474645 -4.803093468e-05)
(9.999771987 0.0001202123126 -1.868426276e-05)
(9.999923804 4.202889626e-05 -6.84515479e-06)
(9.999975794 1.392360095e-05 -2.367186133e-06)
(9.999992681 4.378010685e-06 -7.74364253e-07)
(9.99999789 1.308634014e-06 -2.40097116e-07)
(9.99999942 3.72433082e-07 -7.06925014e-08)
(9.999999847 1.010690404e-07 -1.98005633e-08)
(9.999999962 2.619138269e-08 -5.284871508e-09)
(9.999999991 6.490514173e-09 -1.346307134e-09)
(9.999999998 1.540172555e-09 -3.278494254e-10)
(10 3.504313905e-10 -7.643076125e-11)
(10 7.654956837e-11 -1.708262661e-11)
(10 1.606935359e-11 -3.664877879e-12)
(10 3.244646159e-12 -7.564339307e-13)
(10 6.325361799e-13 -1.500473736e-13)
(10 1.21908595e-13 -2.955908909e-14)
(10 2.12398332e-14 -3.999936811e-15)
(10 5.904827374e-15 -2.361815666e-15)
(10 -1.37076837e-16 4.519507609e-16)
(10 -8.073025436e-17 -1.846439406e-16)
(10 3.104109761e-16 1.791930756e-16)
(10 -6.641074386e-16 -8.586357306e-17)
(10 4.929658367e-16 -6.728239931e-17)
(10 -4.552960167e-16 9.829326397e-17)
(10 4.975220301e-16 -5.706051097e-16)
(10 4.667001485e-16 -4.373974407e-16)
(10 1.789045717e-16 -4.313177259e-16)
(10 6.203809021e-16 -2.316984813e-16)
(10 -1.053931968e-16 3.57267011e-16)
(10 -5.629227732e-16 2.876495826e-15)
)
;

boundaryField
{
    left
    {
        type            dirichlet;
        value           uniform (4 0 0);
    }
    right
    {
        type            dirichlet;
        value           uniform (4 0 0);
    }
    sides
    {
        type            empty;
    }
}


// ************************************************************************* //
