/*--------------------------------*- C++ -*----------------------------------*\
| =========                 |                                                 |
| \\      /  F ield         | foam-extend: Open Source CFD                    |
|  \\    /   O peration     | Version:     4.1                                |
|   \\  /    A nd           | Web:         http://www.foam-extend.org         |
|    \\/     M anipulation  |                                                 |
\*---------------------------------------------------------------------------*/
FoamFile
{
    version     2.0;
    format      ascii;
    class       cellScalarField;
    location    "49.5";
    object      T;
}
// * * * * * * * * * * * * * * * * * * * * * * * * * * * * * * * * * * * * * //

dimensions      [0 0 0 0 1 0 0];

internalField   nonuniform 
100
(
(4 -5.703630593e-17 1.624202108e-17)
(4 -9.457846882e-17 2.278714469e-16)
(4 2.16931313e-16 1.650485371e-17)
(4 -1.495131711e-16 -1.008452897e-16)
(4 -1.147664388e-16 1.076485925e-16)
(4 -4.6330033e-16 3.971236559e-17)
(4 4.068258118e-16 -1.228121802e-17)
(4 -3.928332039e-16 -4.515320055e-17)
(4 9.224654768e-16 -1.649458217e-16)
(4 -1.378347136e-15 -1.996736338e-18)
(4 1.618976433e-16 -3.950700806e-17)
(4 3.913519886e-16 -5.743892536e-17)
(4 6.007033244e-16 -5.616844051e-17)
(4 4.731425802e-18 9.37109866e-17)
(4 -3.096755957e-16 -4.293470774e-17)
(4 2.055114175e-16 4.554734317e-17)
(4 1.940877702e-16 -5.170891882e-17)
(4 -6.545718516e-17 1.246375281e-16)
(4 -1.039881012e-16 -5.894120552e-17)
(4 -3.22546474e-17 1.998783809e-17)
(4 7.064211769e-18 -1.573318882e-16)
(4 7.691816844e-17 5.638237014e-17)
(4 3.877749099e-17 -8.372587528e-17)
(4 1.015026169e-17 1.529477154e-16)
(4 -4.15793018e-17 -4.881917108e-17)
(4 -2.706233661e-17 1.466039019e-16)
(4 -1.161165401e-16 2.954369324e-16)
(4 -5.863319286e-17 2.510531167e-16)
(4 -5.38333386e-16 5.93106624e-17)
(4 4.242686635e-16 1.528176675e-16)
(4 -9.041368309e-17 9.497492485e-17)
(4 -2.043561431e-17 1.640137311e-16)
(4 -2.691263615e-17 2.94907436e-16)
(4 -3.675323987e-16 1.584582505e-16)
(4 2.268830956e-16 7.491640062e-18)
(4 -1.221501303e-16 -6.405467673e-17)
(4 8.095973848e-16 6.139899496e-17)
(4 -9.390505239e-16 3.174123975e-16)
(4 3.453071181e-16 -1.303569066e-16)
(4 -1.405321441e-16 8.742482903e-17)
(4 6.046004857e-17 3.826152352e-17)
(4 -1.416323169e-16 1.872336355e-16)
(4 3.123918508e-16 -1.149633933e-16)
(4 -4.990246712e-17 2.46172011e-16)
(4 -4.720252611e-16 -8.920302029e-17)
(4 9.476183637e-16 -1.12387927e-16)
(4 -9.663685166e-16 1.82868783e-17)
(4 9.647187918e-16 8.466361189e-17)
(4 -9.562502136e-16 -7.324419788e-17)
(4 4.99542707e-16 -1.408454433e-16)
(4 5.887226844e-17 2.636934359e-18)
(4 -9.190652192e-17 4.375363425e-16)
(4 -4.917046467e-17 1.110626517e-16)
(4 -1.002385753e-16 -4.471157308e-17)
(4 -8.149043249e-17 2.435908451e-16)
(4 -2.463905817e-16 5.145520801e-17)
(4 9.545179336e-17 -1.43412538e-16)
(4 2.104113107e-16 -1.094347655e-16)
(4 2.220716863e-17 -1.468558507e-16)
(4 -4.244373711e-17 8.454555368e-17)
(4 -3.846130955e-17 -1.982541347e-17)
(4 -9.817203386e-17 3.4819725e-17)
(4 5.7743272e-17 -1.160104179e-16)
(4 1.863863284e-17 -9.70851962e-17)
(4 -8.43294392e-17 -1.212547602e-16)
(4 1.518557139e-16 -1.591935492e-16)
(4 2.587184933e-15 3.992576441e-16)
(4 1.546792276e-14 7.068876753e-15)
(4 1.177118167e-13 4.796758714e-14)
(4 8.249593951e-13 3.214536622e-13)
(4 5.405596748e-12 2.028407087e-12)
(4 3.330069777e-11 1.195769577e-11)
(4 1.918736176e-10 6.577329429e-11)
(4.000000001 1.032061481e-09 3.366069784e-10)
(4.000000007 5.170814471e-09 1.5991761e-09)
(4.000000033 2.408778349e-08 7.040568839e-09)
(4.000000147 1.041965917e-07 2.868989392e-08)
(4.000000618 4.182073882e-07 1.081335267e-07)
(4.000002415 1.557012262e-06 3.768856943e-07)
(4.000008787 5.378102515e-06 1.214946772e-06)
(4.000029765 1.724406156e-05 3.624241714e-06)
(4.000093947 5.136753213e-05 1.001146939e-05)
(4.000276632 0.0001423110013 2.563102913e-05)
(4.000760909 0.0003671301467 6.087156832e-05)
(4.001958028 0.0008831021802 0.0001342247252)
(4.00472121 0.001983430604 0.0002750291855)
(4.010684834 0.004165415994 0.0005240267366)
(4.022736461 0.008191420302 0.0009288959584)
(4.045572599 0.01510567201 0.001532150995)
(4.086202124 0.02615848074 0.002351018949)
(4.154168341 0.04259666987 0.003353250027)
(4.261210233 0.06531509232 0.00443782921)
(4.420132908 0.09442651506 0.005432322929)
(4.642840752 0.1288746768 0.006116070659)
(4.937779895 0.1662523679 0.006269679985)
(5.307344019 0.202960247 0.005739061034)
(5.745980428 0.2347450935 0.004492423602)
(6.239674821 0.2575180903 0.002647251764)
(6.767167282 0.2682330798 0.0004535516854)
(7.302754385 0.2655602756 -0.001763792432)
)
;

boundaryField
{
    left
    {
        type            dirichlet;
        value           uniform (4 0 0);
    }
    right
    {
        type            dirichlet;
        value           uniform (4 0 0);
    }
    sides
    {
        type            empty;
    }
}


// ************************************************************************* //
