/*--------------------------------*- C++ -*----------------------------------*\
| =========                 |                                                 |
| \\      /  F ield         | foam-extend: Open Source CFD                    |
|  \\    /   O peration     | Version:     4.1                                |
|   \\  /    A nd           | Web:         http://www.foam-extend.org         |
|    \\/     M anipulation  |                                                 |
\*---------------------------------------------------------------------------*/
FoamFile
{
    version     2.0;
    format      ascii;
    class       cellScalarField;
    location    "11.9";
    object      T;
}
// * * * * * * * * * * * * * * * * * * * * * * * * * * * * * * * * * * * * * //

dimensions      [0 0 0 0 1 0 0];

internalField   nonuniform 
100
(
(4 -5.703630593e-17 1.624202108e-17)
(4 -2.483759155e-16 -1.018317225e-16)
(4 1.063704935e-16 2.676837586e-17)
(4 -5.531792322e-18 -1.867457971e-17)
(4 -2.093764608e-16 -1.528783513e-17)
(4 -4.02597493e-16 2.570822958e-16)
(4 1.269096734e-16 1.624466522e-16)
(4 -2.153140527e-15 6.791735972e-15)
(4 4.115273697e-13 2.118295834e-13)
(4 3.752067149e-12 2.80029241e-12)
(4 1.411030175e-10 1.050301603e-10)
(4.000000002 2.54226787e-09 1.414620291e-09)
(4.000000034 3.890434817e-08 2.535610767e-08)
(4.000000545 6.317574678e-07 3.550528062e-07)
(4.000006975 7.47291906e-06 3.819822018e-06)
(4.000075246 7.850223896e-05 3.888493504e-05)
(4.000719526 0.0007183090885 0.000306103886)
(4.005415653 0.004818222799 0.001620106477)
(4.029853337 0.02250500696 0.005733464417)
(4.12078339 0.07463729097 0.01389786462)
(4.369223946 0.1817152936 0.02337307897)
(4.882184209 0.3350105545 0.02666375902)
(5.703174888 0.480114783 0.01786397091)
(6.744050525 0.5467625985 5.909091234e-05)
(7.808969715 0.5041361276 -0.01648070581)
(8.70246298 0.3825234884 -0.02368183477)
(9.326088351 0.2423245472 -0.02134616377)
(9.692866721 0.1298437178 -0.01449699641)
(9.876792079 0.05955227584 -0.007916015744)
(9.956290678 0.02363734005 -0.003597399609)
(9.98620994 0.008202482952 -0.001391780187)
(9.996107304 0.002512191932 -0.0004662195913)
(9.999010682 0.0006850927084 -0.0001370720385)
(9.999772218 0.0001677233996 -3.577793015e-05)
(9.9999522 3.714392873e-05 -8.373267046e-06)
(9.999990804 7.493575292e-06 -1.77248893e-06)
(9.999998369 1.386185949e-06 -3.420292691e-07)
(9.999999732 2.365312823e-07 -6.058554184e-08)
(9.999999959 3.74357404e-08 -9.913706734e-09)
(9.999999994 5.523536011e-09 -1.507084199e-09)
(9.999999999 7.633157182e-10 -2.139519019e-10)
(10 9.922205772e-11 -2.849746624e-11)
(10 1.218026386e-11 -3.576227366e-12)
(10 1.418250418e-12 -4.255672379e-13)
(10 1.556209716e-13 -4.751503376e-14)
(10 1.42049006e-14 -5.500790892e-15)
(10 -1.91088905e-15 1.089717432e-15)
(10 9.463412843e-17 2.118135564e-16)
(10 -5.689682341e-17 -5.957030608e-16)
(10 2.319069366e-16 -4.65224736e-16)
(10 5.132482694e-16 4.538674356e-16)
(10 -3.26250732e-16 3.854102432e-16)
(10 -2.229608645e-16 2.612656373e-16)
(10 -4.756892831e-17 -2.676834163e-16)
(10 -2.960541795e-16 2.286725086e-16)
(10 4.965475856e-16 -1.161430175e-16)
(10 9.963227786e-18 -5.25977517e-16)
(10 -1.928588644e-17 -2.069592198e-16)
(10 2.151268359e-18 9.885253672e-17)
(10 2.46726875e-16 -2.862658519e-16)
(10 1.384232795e-16 1.352559539e-16)
(10 -6.014742122e-17 1.580976034e-16)
(10 2.016412831e-16 4.098437404e-16)
(10 -2.148488959e-17 -3.333189348e-16)
(10 1.195412367e-17 -3.129806519e-17)
(10 -8.992080856e-17 -2.892671204e-16)
(10 -3.853968586e-17 9.410942555e-18)
(10 -1.877255902e-16 5.730726874e-16)
(10 8.492102239e-18 -1.262597568e-16)
(10 3.06706228e-16 -6.782058104e-16)
(10 3.015031078e-16 4.405865392e-16)
(10 3.723821755e-16 3.288579628e-17)
(10 -9.285375748e-17 4.073817818e-16)
(10 4.300048521e-17 4.652276847e-17)
(10 4.58679979e-17 3.969606049e-16)
(10 -3.64722909e-16 6.438064044e-17)
(10 -4.662747469e-16 8.369335595e-17)
(10 5.807770117e-17 9.180778343e-17)
(10 -2.639349315e-16 6.79711087e-18)
(10 2.222976406e-16 -2.265998225e-16)
(10 4.112991144e-16 -5.840384462e-16)
(10 1.219425699e-16 -1.491426049e-16)
(10 4.128626635e-16 -3.545191262e-17)
(10 2.670868271e-17 -1.115336844e-17)
(10 1.946819709e-16 -1.774240824e-16)
(10 -1.859157397e-17 5.079055984e-16)
(10 -3.509427172e-16 1.25286377e-16)
(10 1.14309378e-16 1.895527301e-16)
(10 2.836016296e-16 -6.411177927e-16)
(10 -1.27130128e-16 -2.440031456e-16)
(10 2.362461813e-16 6.275088916e-16)
(10 4.156865582e-16 2.570337175e-16)
(10 4.378440633e-16 4.994900469e-17)
(10 -2.846145171e-16 -7.123652911e-16)
(10 5.034377812e-16 1.667947359e-16)
(10 -4.185416772e-16 5.8511693e-16)
(10 2.905719936e-17 6.169572663e-16)
(10 1.604203769e-16 -4.29098404e-16)
(10 -3.565444061e-16 2.861276922e-16)
(10 -1.79045571e-15 3.471100442e-15)
)
;

boundaryField
{
    left
    {
        type            dirichlet;
        value           uniform (4 0 0);
    }
    right
    {
        type            dirichlet;
        value           uniform (4 0 0);
    }
    sides
    {
        type            empty;
    }
}


// ************************************************************************* //
