/*--------------------------------*- C++ -*----------------------------------*\
| =========                 |                                                 |
| \\      /  F ield         | foam-extend: Open Source CFD                    |
|  \\    /   O peration     | Version:     4.1                                |
|   \\  /    A nd           | Web:         http://www.foam-extend.org         |
|    \\/     M anipulation  |                                                 |
\*---------------------------------------------------------------------------*/
FoamFile
{
    version     2.0;
    format      ascii;
    class       cellScalarField;
    location    "45.2";
    object      T;
}
// * * * * * * * * * * * * * * * * * * * * * * * * * * * * * * * * * * * * * //

dimensions      [0 0 0 0 1 0 0];

internalField   nonuniform 
100
(
(4 -5.703630593e-17 1.624202108e-17)
(4 -2.442090483e-16 -4.895418981e-17)
(4 -2.11125397e-16 2.006606197e-16)
(4 1.285734619e-17 2.297264604e-16)
(4 -9.595706846e-17 -1.710351448e-17)
(4 -3.135325848e-16 6.599134295e-17)
(4 3.895766825e-16 5.026179165e-17)
(4 -3.701183962e-16 3.524444132e-17)
(4 8.844402178e-16 -2.854001482e-17)
(4 -1.300426903e-15 -3.349989456e-16)
(4 7.635772566e-17 1.835022498e-17)
(4 3.795059661e-16 5.688712034e-17)
(4 4.324940187e-16 -2.786426063e-17)
(4 7.775275977e-17 1.363261286e-16)
(4 -1.145742087e-16 4.062892213e-17)
(4 -5.23939255e-17 -4.27367479e-17)
(4 1.309788511e-16 9.442880966e-17)
(4 -2.361719918e-16 -3.523655361e-16)
(4 3.674867327e-16 -6.48210817e-17)
(4 2.553510705e-17 9.261476915e-17)
(4 1.120163718e-16 -4.34537875e-17)
(4 2.70005468e-17 3.135833183e-16)
(4 -2.750648589e-16 1.111477701e-16)
(4 -1.881505811e-16 -1.865560048e-16)
(4 -1.640989663e-16 -2.304504513e-16)
(4 -1.416519781e-16 -1.090048783e-16)
(4 -1.948479208e-16 1.597852289e-16)
(4 4.084032687e-17 -4.359396993e-19)
(4 -5.101064602e-16 -1.300044349e-16)
(4 5.301702713e-16 -6.667808087e-17)
(4 -2.360456812e-16 -2.675067788e-17)
(4 -6.751081949e-17 -1.554817605e-16)
(4 1.094266878e-16 -4.205239921e-17)
(4 -5.637365334e-16 5.881039904e-17)
(4 3.835377824e-16 5.901876783e-17)
(4 -4.904593285e-16 -1.203644565e-17)
(4 1.020817428e-15 1.871082654e-16)
(4 -1.299591902e-15 2.141139783e-16)
(4 5.943805648e-16 -4.363413909e-17)
(4 -9.939994817e-17 -2.889278413e-18)
(4 -8.954520632e-17 1.75920442e-16)
(4 -7.36068223e-18 2.357143025e-16)
(4 4.593425676e-17 1.30106573e-16)
(4 -1.279513455e-16 8.812875268e-17)
(4 -4.107657212e-16 1.069389274e-16)
(4 7.782227204e-16 2.171797202e-16)
(4 -9.370635063e-16 1.681670081e-16)
(4 8.528192952e-16 1.93973175e-16)
(4 -9.726790595e-16 2.507435017e-16)
(4 3.292265423e-16 7.430309769e-18)
(4 1.116427667e-16 1.658337709e-16)
(4 5.471485096e-17 -1.701261038e-16)
(4 -1.446552928e-16 -2.340933271e-17)
(4 -7.242224291e-17 -2.32837937e-16)
(4 9.996369405e-17 -6.290024976e-17)
(4 -5.872624921e-17 -1.939032681e-17)
(4 -2.182797387e-16 3.214108975e-17)
(4 -6.981429982e-17 -1.021240885e-16)
(4 1.814931771e-16 1.874990928e-16)
(4 3.231481083e-15 1.125501826e-15)
(4 1.969935142e-14 1.010062237e-14)
(4 1.801731978e-13 7.645888695e-14)
(4 1.342710474e-12 5.457771563e-13)
(4 9.390841459e-12 3.66271272e-12)
(4 6.139407511e-11 2.290977278e-11)
(4 3.741710099e-10 1.330661053e-10)
(4.000000003 2.118730752e-09 7.152136191e-10)
(4.000000014 1.111327139e-08 3.546400736e-09)
(4.000000071 5.386100397e-08 1.618248599e-08)
(4.000000333 2.407442633e-07 6.783244563e-08)
(4.00000144 9.912356599e-07 2.609237079e-07)
(4.000005753 3.757768647e-06 9.206887656e-07)
(4.000021244 1.31182771e-05 2.980670979e-06)
(4.000072538 4.21987864e-05 8.858810572e-06)
(4.000229275 0.0001252140063 2.419224797e-05)
(4.000671777 0.0003431728454 6.076639206e-05)
(4.001827637 0.0008700446483 0.0001405415973)
(4.004625423 0.002043869165 0.0002996036189)
(4.010911125 0.004456465398 0.0005892165575)
(4.024040725 0.00903457608 0.001069717212)
(4.049581859 0.01705913472 0.001793299326)
(4.095931463 0.03005245486 0.002775371679)
(4.174524229 0.04947686758 0.003961231561)
(4.299247108 0.07624817675 0.005202529828)
(4.484776691 0.1101655012 0.006261179538)
(4.743859679 0.1494554231 0.006852143582)
(5.083998862 0.1906626636 0.006720650124)
(5.504413695 0.2290460718 0.005730320056)
(5.994297626 0.2594636463 0.003927248681)
(6.533152368 0.2775228615 0.001549808422)
(7.09337849 0.2806348021 -0.001025238867)
(7.644565646 0.2686195587 -0.00338263672)
(8.158363225 0.2436698843 -0.005177534252)
(8.612658855 0.2097162067 -0.006214552859)
(8.994092568 0.1714390891 -0.006473568642)
(9.298530773 0.133260741 -0.006082128095)
(9.529753399 0.09859656958 -0.005253808525)
(9.697036067 0.06950691775 -0.004219458943)
(9.812431056 0.04673345286 -0.003173636166)
(9.888402889 0.02999691237 -0.002246944995)
)
;

boundaryField
{
    left
    {
        type            dirichlet;
        value           uniform (4 0 0);
    }
    right
    {
        type            dirichlet;
        value           uniform (4 0 0);
    }
    sides
    {
        type            empty;
    }
}


// ************************************************************************* //
