/*--------------------------------*- C++ -*----------------------------------*\
| =========                 |                                                 |
| \\      /  F ield         | foam-extend: Open Source CFD                    |
|  \\    /   O peration     | Version:     4.1                                |
|   \\  /    A nd           | Web:         http://www.foam-extend.org         |
|    \\/     M anipulation  |                                                 |
\*---------------------------------------------------------------------------*/
FoamFile
{
    version     2.0;
    format      ascii;
    class       cellScalarField;
    location    "41.8";
    object      T;
}
// * * * * * * * * * * * * * * * * * * * * * * * * * * * * * * * * * * * * * //

dimensions      [0 0 0 0 1 0 0];

internalField   nonuniform 
100
(
(4 -5.703630593e-17 1.624202108e-17)
(4 -1.377694416e-16 -9.75806903e-17)
(4 1.663279214e-16 1.324791166e-16)
(4 -1.654220312e-16 2.679749863e-16)
(4 -1.372532258e-16 7.088467464e-17)
(4 -1.21820516e-16 -1.39101707e-16)
(4 3.766701012e-16 -1.172227759e-16)
(4 -4.97305536e-16 -2.054063514e-16)
(4 8.822117051e-16 3.613268216e-17)
(4 -1.116519069e-15 4.810394532e-17)
(4 7.724877726e-18 -5.35307895e-18)
(4 1.627952483e-17 1.247564606e-16)
(4 4.815729955e-16 1.564352827e-16)
(4 -7.704667546e-17 1.13707008e-16)
(4 -4.289863918e-17 1.921364603e-16)
(4 -4.793496147e-17 -1.108994687e-16)
(4 1.621160812e-16 1.061599986e-16)
(4 -1.622201488e-16 1.086902015e-16)
(4 4.442378915e-16 1.438679803e-16)
(4 -9.480241164e-16 -1.425829926e-16)
(4 8.862048876e-16 3.34573058e-17)
(4 -9.865889484e-16 6.777667301e-17)
(4 6.312871459e-16 -1.050083909e-16)
(4 -4.345339569e-17 1.286563285e-16)
(4 -1.875801315e-16 -7.969396628e-17)
(4 -3.32110379e-17 1.572082888e-16)
(4 -1.013640815e-16 -7.34657656e-17)
(4 3.13019447e-17 1.713755304e-16)
(4 -2.715347565e-16 1.458699888e-16)
(4 4.151489152e-16 1.040721499e-16)
(4 -5.222697068e-17 2.3910038e-17)
(4 -1.824119379e-16 8.520951885e-17)
(4 2.177944088e-18 -1.602726814e-16)
(4 -3.739429718e-16 2.008114961e-16)
(4 3.87761148e-16 1.051801657e-16)
(4 -1.584763287e-16 2.053978108e-17)
(4 6.482751981e-16 4.450948526e-17)
(4 -8.204011701e-16 -7.479562432e-17)
(4 4.944348821e-16 -4.415551119e-17)
(4 1.138626873e-16 1.053346147e-17)
(4 -2.476256637e-18 1.853606079e-16)
(4 -1.186099383e-16 -9.13736112e-17)
(4 3.139080112e-16 3.232205679e-16)
(4 -5.036919822e-16 -5.34608604e-17)
(4 -1.570207467e-16 -1.287317326e-16)
(4 5.087312621e-16 -1.195494405e-16)
(4 -4.436751476e-16 2.797413958e-16)
(4 1.428315936e-16 -8.796709984e-17)
(4 -2.873363099e-17 -2.76097829e-16)
(4 -4.820620086e-17 2.134131876e-16)
(4 1.906054181e-16 -1.528595277e-16)
(4 6.296731562e-17 6.198678025e-17)
(4 5.919197414e-17 2.71524962e-16)
(4 2.430402376e-15 4.064207085e-16)
(4 8.316692503e-15 4.795574921e-15)
(4 8.82001375e-14 3.908296793e-14)
(4 7.220741657e-13 3.111676796e-13)
(4 5.530371929e-12 2.277436292e-12)
(4 3.94570801e-11 1.556604947e-11)
(4 2.620762743e-10 9.861199518e-11)
(4.000000002 1.613864745e-09 5.766343392e-10)
(4.000000011 9.178103169e-09 3.099248414e-09)
(4.000000061 4.803106619e-08 1.525445633e-08)
(4.000000306 2.306180705e-07 6.85600205e-08)
(4.000001415 1.013815059e-06 2.808325439e-07)
(4.000006004 4.075841953e-06 1.04738601e-06)
(4.000023388 1.498131749e-05 3.556181856e-06)
(4.000083678 5.036867173e-05 1.099731384e-05)
(4.000275244 0.0001550613626 3.100338899e-05)
(4.000833632 0.0004377394701 7.977265393e-05)
(4.002329129 0.001135155744 0.0001875698304)
(4.006015904 0.002709296997 0.0004035123988)
(4.014397963 0.005963385603 0.0007950223801)
(4.032007729 0.01212976885 0.001435611965)
(4.066262069 0.02284655711 0.002376436783)
(4.128076284 0.03992713853 0.003604361695)
(4.231758885 0.06486991091 0.005000844754)
(4.393708219 0.09816759982 0.006325524879)
(4.629697925 0.1386232813 0.00724718504)
(4.951067536 0.182983185 0.00742777093)
(5.360746561 0.2261662114 0.006637453116)
(5.850425711 0.262175281 0.004855382127)
(6.400072356 0.285483987 0.002308149128)
(6.980314491 0.2924490394 -0.0005783588562)
(7.557232493 0.2822441261 -0.003298985559)
(8.098236758 0.2569866748 -0.005413611395)
(8.577363323 0.2210499036 -0.00665948932)
(8.978621496 0.1798568105 -0.006994070815)
(9.296794943 0.1386002955 -0.006564257117)
(9.535958568 0.1012810827 -0.005627448531)
(9.706576938 0.07026338978 -0.004462026492)
(9.822227792 0.04632982429 -0.003298569662)
(9.896794128 0.02906716762 -0.002286229082)
(9.942573796 0.01737086277 -0.001491839988)
(9.969364899 0.009898513417 -0.000919495835)
(9.984325082 0.005383809662 -0.0005367330845)
(9.992303935 0.002797759344 -0.0002973875489)
(9.996372296 0.001390435733 -0.0001567064325)
(9.998357394 0.0006614851048 -7.866774804e-05)
(9.999285134 0.0003015203716 -3.768112924e-05)
)
;

boundaryField
{
    left
    {
        type            dirichlet;
        value           uniform (4 0 0);
    }
    right
    {
        type            dirichlet;
        value           uniform (4 0 0);
    }
    sides
    {
        type            empty;
    }
}


// ************************************************************************* //
