/*--------------------------------*- C++ -*----------------------------------*\
| =========                 |                                                 |
| \\      /  F ield         | foam-extend: Open Source CFD                    |
|  \\    /   O peration     | Version:     4.1                                |
|   \\  /    A nd           | Web:         http://www.foam-extend.org         |
|    \\/     M anipulation  |                                                 |
\*---------------------------------------------------------------------------*/
FoamFile
{
    version     2.0;
    format      ascii;
    class       cellScalarField;
    location    "3.8";
    object      T;
}
// * * * * * * * * * * * * * * * * * * * * * * * * * * * * * * * * * * * * * //

dimensions      [0 0 0 0 1 0 0];

internalField   nonuniform 
100
(
(4.00000004 7.017039074e-08 -9.708996239e-09)
(3.999999302 -1.615672033e-06 1.387946337e-06)
(4.000057952 9.569557791e-05 3.166921597e-05)
(4.000508276 0.0002042025597 0.0003825984104)
(4.0149722 0.02260362534 0.01594494898)
(4.231428813 0.2366987118 0.06939261263)
(5.173313288 0.7207965215 0.07353576907)
(6.9272516 0.9602050532 -0.01851500078)
(8.614915179 0.6759554633 -0.07099598934)
(9.560113291 0.2850361484 -0.04788616772)
(9.898263436 0.07957902074 -0.01709809658)
(9.982041913 0.01599870049 -0.004001693632)
(9.9974654 0.002479450799 -0.000687228197)
(9.99970228 0.0003123033768 -9.318903159e-05)
(9.99996994 3.327864977e-05 -1.049763198e-05)
(9.999997324 3.092462805e-06 -1.01881537e-06)
(9.999999786 2.564841055e-07 -8.750566923e-08)
(9.999999984 1.932985839e-08 -6.787676801e-09)
(9.999999999 1.342570471e-09 -4.830038776e-10)
(10 8.691113428e-11 -3.192107476e-11)
(10 5.292425016e-12 -1.979852742e-12)
(10 3.028372939e-13 -1.146254974e-13)
(10 1.653021925e-14 -6.789154302e-15)
(10 1.191790543e-15 -2.069465657e-16)
(10 -9.989722621e-16 1.051019528e-15)
(10 -4.835172995e-17 -3.708447731e-16)
(10 -2.303088462e-16 -1.969477808e-16)
(10 4.018804195e-16 -5.007982179e-16)
(10 -1.603306959e-16 -2.893551458e-16)
(10 4.782303985e-16 -2.728702627e-16)
(10 2.266558675e-16 5.838844036e-16)
(10 -1.806974998e-16 3.708422828e-16)
(10 -6.325359829e-16 9.422042783e-17)
(10 5.888033592e-16 -4.679726061e-16)
(10 -6.693234939e-18 1.053661952e-16)
(10 -1.593770252e-16 -5.750125301e-16)
(10 3.610318656e-16 -1.397185358e-16)
(10 -5.959908775e-17 -9.052737086e-17)
(10 3.634839452e-16 -1.278542971e-16)
(10 -1.675796112e-16 -3.52529853e-17)
(10 3.711401597e-16 3.213878139e-16)
(10 -4.577580063e-16 -7.78076163e-17)
(10 2.61971127e-16 2.944102588e-17)
(10 -1.365836193e-16 -1.744382481e-17)
(10 2.188365319e-16 -5.564608655e-16)
(10 1.000862126e-15 -5.078880228e-16)
(10 -1.354184948e-16 7.673887687e-17)
(10 -4.236895983e-18 2.400961845e-18)
(10 -1.325615648e-19 7.511991335e-20)
(10 -4.147510002e-21 2.350308647e-21)
(10 -1.297649077e-22 7.353510526e-23)
(10 -4.060009803e-24 2.300724083e-24)
(10 -1.270272518e-25 7.198373196e-26)
(10 -3.974355601e-27 2.252185608e-27)
(10 -1.243473524e-28 7.046508807e-29)
(10 -3.890508449e-30 2.204671151e-30)
(10 -1.217239909e-31 6.897848307e-32)
(10 -3.808430225e-33 2.158159109e-33)
(10 -1.191559747e-34 6.752324105e-35)
(10 -3.728083609e-36 2.112628334e-36)
(10 -1.16642136e-37 6.609870033e-38)
(10 -3.649432069e-39 2.068058123e-39)
(10 -1.141813318e-40 6.470421321e-41)
(10 -3.572439844e-42 2.024428212e-42)
(10 -1.117724433e-43 6.333914564e-44)
(10 -3.497071927e-45 1.981718763e-45)
(10 -1.094143753e-46 6.200287697e-47)
(10 -3.42329405e-48 1.939910357e-48)
(10 -1.071060555e-49 6.069479961e-50)
(10 -3.351072669e-51 1.898983985e-51)
(10 -1.048464345e-52 5.941431881e-53)
(10 -3.280374945e-54 1.858921038e-54)
(10 -1.026344847e-55 5.816085238e-56)
(10 -3.211168734e-57 1.819703301e-57)
(10 -1.004692006e-58 5.693383038e-59)
(10 -3.143422569e-60 1.781312942e-60)
(10 -9.834959756e-62 5.573269491e-62)
(10 -3.077105648e-63 1.743732507e-63)
(10 -9.627471187e-65 5.455689985e-65)
(10 -3.012187818e-66 1.706944907e-66)
(10 -9.424360013e-68 5.340591058e-68)
(10 -2.948639561e-69 1.670933417e-69)
(10 -9.225533882e-71 5.227920378e-71)
(10 -2.886431984e-72 1.635681662e-72)
(10 -9.030902391e-74 5.117626713e-74)
(10 -2.825536802e-75 1.601173613e-75)
(10 -8.840377039e-77 5.009659912e-77)
(10 -2.765926322e-78 1.56739358e-78)
(10 -8.653871186e-80 4.903970879e-80)
(10 -2.707573438e-81 1.534326199e-81)
(10 -8.471300009e-83 4.800511544e-83)
(10 -2.650451606e-84 1.501956431e-84)
(10 -8.292580454e-86 4.699234842e-86)
(10 -2.594534837e-87 1.470269546e-87)
(10 -8.117631192e-89 4.600094685e-89)
(10 -2.539797681e-90 1.439251122e-90)
(10 -7.946372585e-92 4.503045943e-92)
(10 -2.48621522e-93 1.408887039e-93)
(10 -7.778726672e-95 4.408044439e-95)
(10 -1.876950794e-15 4.210762627e-15)
)
;

boundaryField
{
    left
    {
        type            dirichlet;
        value           uniform (4 0 0);
    }
    right
    {
        type            dirichlet;
        value           uniform (4 0 0);
    }
    sides
    {
        type            empty;
    }
}


// ************************************************************************* //
