/*--------------------------------*- C++ -*----------------------------------*\
| =========                 |                                                 |
| \\      /  F ield         | foam-extend: Open Source CFD                    |
|  \\    /   O peration     | Version:     4.1                                |
|   \\  /    A nd           | Web:         http://www.foam-extend.org         |
|    \\/     M anipulation  |                                                 |
\*---------------------------------------------------------------------------*/
FoamFile
{
    version     2.0;
    format      ascii;
    class       cellScalarField;
    location    "21.7";
    object      T;
}
// * * * * * * * * * * * * * * * * * * * * * * * * * * * * * * * * * * * * * //

dimensions      [0 0 0 0 1 0 0];

internalField   nonuniform 
100
(
(4 -5.703630593e-17 1.624202108e-17)
(4 4.775447254e-17 -5.338849926e-17)
(4 -2.208509989e-16 2.031040888e-17)
(4 1.130987251e-16 -1.10801844e-16)
(4 3.969579973e-17 -5.733040238e-17)
(4 -3.159173526e-16 1.242142755e-16)
(4 3.624258254e-16 8.098884335e-17)
(4 -3.813368252e-16 2.632471022e-16)
(4 7.741607741e-16 4.616290213e-17)
(4 -1.342859312e-15 2.134494102e-16)
(4 4.284570291e-16 1.362714524e-18)
(4 5.495956038e-16 -2.570118977e-17)
(4 -1.745863583e-16 5.974645054e-17)
(4 3.240239574e-17 7.869035533e-18)
(4 4.602234788e-16 1.463573219e-16)
(4 -1.934005853e-16 2.417963256e-16)
(4 9.991425183e-17 -6.266341463e-17)
(4 3.1910785e-17 9.217072355e-18)
(4 -2.315523433e-17 3.242541025e-17)
(4 2.729007507e-16 4.669053059e-16)
(4 1.878666961e-15 4.002360402e-16)
(4 2.021299393e-15 -1.242160921e-16)
(4 1.969012727e-14 1.369624075e-14)
(4 3.3719542e-13 1.970088374e-13)
(4 4.671122802e-12 2.612842896e-12)
(4 5.880649139e-11 3.154091126e-11)
(4.000000001 6.78039631e-10 3.488877761e-10)
(4.000000007 7.13053829e-09 3.481758432e-09)
(4.000000067 6.73926936e-08 3.098966775e-08)
(4.000000587 5.689421102e-07 2.447527108e-07)
(4.000004587 4.247341781e-06 1.682706065e-06)
(4.000031434 2.744024602e-05 9.79444073e-06)
(4.000185469 0.0001501168515 4.72892458e-05)
(4.000930172 0.0006869884965 0.0001878268244)
(4.003948797 0.002624093272 0.0006138769267)
(4.014227795 0.008400542949 0.001657849286)
(4.043802495 0.0227014768 0.003717301656)
(4.116235736 0.05221611105 0.006942315159)
(4.268430996 0.1030784746 0.01079203439)
(4.544887555 0.1760286869 0.01385252445)
(4.982150745 0.2619688255 0.01432554673)
(5.588404121 0.3420692512 0.01109547785)
(6.329790745 0.3943554576 0.004635517063)
(7.134047451 0.403710286 -0.003039131628)
(7.912087306 0.3689538965 -0.009428092127)
(8.586621597 0.3025134203 -0.01283956305)
(9.113122987 0.2235613049 -0.01303354907)
(9.484713824 0.1495598183 -0.01094972125)
(9.722820124 0.09094513972 -0.007935917904)
(9.861877565 0.05046336228 -0.005072078616)
(9.936167385 0.02564526439 -0.002898475108)
(9.972600499 0.01197841885 -0.001495494182)
(9.98905741 0.005159549805 -0.0007019030304)
(9.995926153 0.002056079906 -0.0003014967501)
(9.998583315 0.0007603639243 -0.0001191335422)
(9.999538862 0.0002617212469 -4.349920689e-05)
(9.999859203 8.408588236e-05 -1.473552947e-05)
(9.999959591 2.528452984e-05 -4.648016292e-06)
(9.999989075 7.134570073e-06 -1.369741382e-06)
(9.999997212 1.893866539e-06 -3.782888572e-07)
(9.999999327 4.740701997e-07 -9.819219064e-08)
(9.999999846 1.121625059e-07 -2.402007209e-08)
(9.999999967 2.513754094e-08 -5.551638787e-09)
(9.999999993 5.347930125e-09 -1.215235272e-09)
(9.999999999 1.082225734e-09 -2.525093103e-10)
(10 2.087136283e-10 -4.99120245e-11)
(10 3.843277623e-11 -9.404355857e-12)
(10 6.764166782e-12 -1.691967631e-12)
(10 1.139765899e-12 -2.912327132e-13)
(10 1.826900522e-13 -4.722082123e-14)
(10 3.036947936e-14 -7.217797677e-15)
(10 4.838234331e-15 -1.012835675e-15)
(10 2.162514836e-16 -5.815575111e-16)
(10 9.177332881e-16 -3.746471001e-16)
(10 -1.840593866e-16 -8.927310702e-17)
(10 -5.39264038e-18 -2.055779051e-16)
(10 7.093877885e-17 -1.855277712e-16)
(10 3.38645873e-16 -2.344191207e-17)
(10 -4.684818966e-16 -1.250009642e-16)
(10 1.648185465e-16 2.928076821e-17)
(10 4.063732649e-16 4.245350022e-16)
(10 1.407493135e-16 2.73524684e-16)
(10 -3.030023672e-16 -2.070083193e-16)
(10 1.450831057e-16 -1.200559486e-16)
(10 -8.86926874e-17 -4.199824753e-17)
(10 3.408894109e-16 4.978352361e-17)
(10 -2.056092836e-16 -2.830267911e-17)
(10 5.79320936e-16 2.54655954e-16)
(10 3.210719851e-17 3.203855791e-16)
(10 5.41204564e-17 -1.839811154e-16)
(10 3.752362859e-16 6.31001671e-17)
(10 2.298706937e-16 -2.204139431e-16)
(10 -1.430426355e-16 -4.473867517e-16)
(10 -2.64624863e-16 4.618424384e-17)
(10 -6.747419446e-17 -6.339300406e-16)
(10 -3.18105304e-16 -4.262851482e-16)
(10 2.500663457e-17 3.129086e-16)
(10 3.379254642e-16 -4.151631651e-16)
(10 -2.926160862e-17 -1.055039925e-16)
(10 3.24277259e-17 3.091718737e-15)
)
;

boundaryField
{
    left
    {
        type            dirichlet;
        value           uniform (4 0 0);
    }
    right
    {
        type            dirichlet;
        value           uniform (4 0 0);
    }
    sides
    {
        type            empty;
    }
}


// ************************************************************************* //
