/*--------------------------------*- C++ -*----------------------------------*\
| =========                 |                                                 |
| \\      /  F ield         | foam-extend: Open Source CFD                    |
|  \\    /   O peration     | Version:     4.1                                |
|   \\  /    A nd           | Web:         http://www.foam-extend.org         |
|    \\/     M anipulation  |                                                 |
\*---------------------------------------------------------------------------*/
FoamFile
{
    version     2.0;
    format      ascii;
    class       cellScalarField;
    location    "34.2";
    object      T;
}
// * * * * * * * * * * * * * * * * * * * * * * * * * * * * * * * * * * * * * //

dimensions      [0 0 0 0 1 0 0];

internalField   nonuniform 
100
(
(4 -5.703630593e-17 1.624202108e-17)
(4 -1.970329056e-16 1.586177396e-16)
(4 -1.872764775e-16 -5.903844258e-17)
(4 3.239956735e-17 -3.275790807e-17)
(4 1.023903919e-18 -2.107457802e-17)
(4 -3.890755062e-16 1.180079555e-16)
(4 8.792675622e-17 1.669373593e-16)
(4 -1.870801849e-16 -7.262650431e-17)
(4 7.592103184e-16 7.984053119e-17)
(4 -1.280863905e-15 8.965402944e-17)
(4 -6.131087242e-17 1.282010404e-16)
(4 5.02015681e-17 -5.445761987e-17)
(4 9.702043709e-16 6.85789338e-17)
(4 -7.510975617e-16 -5.103593424e-17)
(4 8.122995968e-16 8.303068654e-17)
(4 -7.488535753e-16 7.104925843e-18)
(4 6.005015661e-16 -1.417812063e-16)
(4 -9.192489878e-16 3.152186482e-16)
(4 4.475402233e-16 -1.854579376e-16)
(4 -1.370052112e-16 1.344371289e-16)
(4 1.857605358e-16 -4.956670747e-17)
(4 -1.858373108e-16 8.809298724e-17)
(4 2.11056246e-16 1.950337803e-16)
(4 -2.038081356e-16 -2.852801859e-16)
(4 4.009644202e-16 1.08043684e-16)
(4 -3.348777587e-16 -1.873698304e-16)
(4 1.72479765e-16 -1.656296694e-16)
(4 -3.189976813e-17 2.114334905e-16)
(4 -6.858906281e-16 5.345969403e-17)
(4 4.619183057e-16 -5.640629563e-17)
(4 -9.342425168e-17 -1.278170299e-16)
(4 9.247898579e-17 -1.558459975e-16)
(4 -2.317796542e-17 -6.262024345e-17)
(4 -4.595205583e-16 -1.616302339e-16)
(4 9.637759116e-16 6.663862899e-17)
(4 -8.631490638e-16 1.834669603e-16)
(4 2.821654943e-16 1.439303345e-17)
(4 -4.182873443e-16 5.719808078e-17)
(4 3.702333026e-16 -1.786010364e-16)
(4 2.310793075e-16 -1.19021955e-16)
(4 -8.667245991e-18 1.657793626e-16)
(4 2.063322863e-15 1.498763559e-15)
(4 2.675968023e-14 1.42895876e-14)
(4 2.796888172e-13 1.343588086e-13)
(4 2.610614472e-12 1.209389815e-12)
(4 2.276643997e-11 1.011286493e-11)
(4 1.840316e-10 7.81356838e-11)
(4.000000001 1.373155903e-09 5.543306094e-10)
(4.000000011 9.403088956e-09 3.587626902e-09)
(4.000000068 5.872657961e-08 2.103035788e-08)
(4.000000405 3.323754447e-07 1.108856614e-07)
(4.000002177 1.695145048e-06 5.229534283e-07)
(4.000010562 7.759099676e-06 2.198009391e-06)
(4.000046177 3.180623974e-05 8.219617394e-06)
(4.000181833 0.0001167205536 2.734634751e-05)
(4.000645394 0.0003838476467 8.102455921e-05)
(4.002068803 0.001133477086 0.0002141473925)
(4.006005233 0.00301329116 0.0005058097035)
(4.015836349 0.007233091852 0.00106950919)
(4.03807463 0.01572558851 0.002027039015)
(4.083773032 0.03106325647 0.00344542004)
(4.169338589 0.05592159548 0.005248162198)
(4.315745595 0.09202352846 0.007144263814)
(4.545314416 0.1388187116 0.008636695305)
(4.876083823 0.1924928025 0.009149777061)
(5.315139912 0.2459969728 0.008249491292)
(5.85336724 0.2904494718 0.005859245113)
(6.464142196 0.317586334 0.002351270898)
(7.107181699 0.3223142888 -0.001551364292)
(7.736632685 0.3042669786 -0.005024447901)
(8.310669528 0.267717568 -0.007423624529)
(8.799343254 0.2199868012 -0.008467485809)
(9.188399519 0.1691335483 -0.00825792502)
(9.478601718 0.1218876145 -0.00716160368)
(9.681760175 0.08247828038 -0.005633760121)
(9.815462448 0.05249233577 -0.004067941471)
(9.898315959 0.03147235195 -0.002717460442)
(9.94673615 0.01780396433 -0.00168903834)
(9.973462462 0.009517300754 -0.0009810888788)
(9.987415918 0.004814546162 -0.0005344509035)
(9.994316235 0.002308113513 -0.0002738592653)
(9.997552897 0.001050066819 -0.0001323368608)
(9.998994834 0.0004539576219 -6.044387298e-05)
(9.999605747 0.0001867311236 -2.614736504e-05)
(9.999852207 7.317623589e-05 -1.073290247e-05)
(9.999947 2.73532846e-05 -4.187626869e-06)
(9.999981801 9.764607946e-06 -1.555527963e-06)
(9.999994011 3.332822134e-06 -5.509370826e-07)
(9.999998109 1.088865505e-06 -1.86320138e-07)
(9.999999427 3.408952739e-07 -6.024752625e-08)
(9.999999833 1.023810659e-07 -1.865094068e-08)
(9.999999953 2.952740946e-08 -5.534527226e-09)
(9.999999987 8.186174468e-09 -1.576127139e-09)
(9.999999997 2.183830828e-09 -4.312491273e-10)
(9.999999999 5.611215364e-10 -1.13491935e-10)
(10 1.389988524e-10 -2.875806506e-11)
(10 3.322121801e-11 -7.023251907e-12)
(10 7.670602754e-12 -1.655100219e-12)
(10 1.710454099e-12 -3.766123515e-13)
(10 3.646022373e-13 -7.926517656e-14)
)
;

boundaryField
{
    left
    {
        type            dirichlet;
        value           uniform (4 0 0);
    }
    right
    {
        type            dirichlet;
        value           uniform (4 0 0);
    }
    sides
    {
        type            empty;
    }
}


// ************************************************************************* //
