/*--------------------------------*- C++ -*----------------------------------*\
| =========                 |                                                 |
| \\      /  F ield         | foam-extend: Open Source CFD                    |
|  \\    /   O peration     | Version:     4.1                                |
|   \\  /    A nd           | Web:         http://www.foam-extend.org         |
|    \\/     M anipulation  |                                                 |
\*---------------------------------------------------------------------------*/
FoamFile
{
    version     2.0;
    format      ascii;
    class       cellScalarField;
    location    "9.6";
    object      T;
}
// * * * * * * * * * * * * * * * * * * * * * * * * * * * * * * * * * * * * * //

dimensions      [0 0 0 0 1 0 0];

internalField   nonuniform 
100
(
(4 -5.703630593e-17 1.624202108e-17)
(4 2.222757796e-17 -6.183989798e-17)
(4 -4.508334731e-17 -2.394385733e-17)
(4 2.999499837e-15 -2.508331959e-16)
(4 -4.68787893e-14 1.381263364e-14)
(4 1.815397384e-12 6.439458744e-13)
(4 -2.265497794e-12 4.261101765e-12)
(4 6.744203273e-10 5.123358341e-10)
(4.000000009 9.877985733e-09 4.871705872e-09)
(4.000000152 1.860957461e-07 1.438235871e-07)
(4.000003032 3.614107161e-06 1.962276858e-06)
(4.000038986 4.131697381e-05 2.208534587e-05)
(4.000449462 0.0004862928503 0.0002535310964)
(4.004521164 0.004541761185 0.001834744857)
(4.031638892 0.0266410662 0.007727263448)
(4.148492656 0.09951513294 0.01983593111)
(4.488127246 0.2506311383 0.03182186979)
(5.185453279 0.44744343 0.03028816488)
(6.236549646 0.5890532808 0.01057342798)
(7.436572324 0.5901974033 -0.01449067116)
(8.501458929 0.461969095 -0.02833679493)
(9.252341982 0.2888815917 -0.02700141723)
(9.68130847 0.1471905589 -0.01791466363)
(9.883346238 0.0621998943 -0.009121678028)
(9.963056901 0.02215407541 -0.003738625718)
(9.989789674 0.006749700191 -0.001271696603)
(9.997514671 0.001783031996 -0.000367181461)
(9.999462311 0.0004134787716 -9.162770167e-05)
(9.999895692 8.512689666e-05 -2.00610173e-05)
(9.999981703 1.57198767e-05 -3.903445286e-06)
(9.999997075 2.628001379e-06 -6.825942995e-07)
(9.999999571 4.010766768e-07 -1.083283029e-07)
(9.999999942 5.630195247e-08 -1.573700076e-08)
(9.999999993 7.319018457e-09 -2.108645005e-09)
(9.999999999 8.864523008e-10 -2.623684637e-10)
(10 1.005798071e-10 -3.049546739e-11)
(10 1.074564641e-11 -3.329895675e-12)
(10 1.086243015e-12 -3.428704605e-13)
(10 1.031594364e-13 -3.320140215e-14)
(10 8.3968894e-15 -3.330749062e-15)
(10 3.499543657e-16 5.767428013e-17)
(10 -4.655813883e-16 2.010256067e-16)
(10 3.762250984e-16 2.639474538e-16)
(10 -5.220304972e-16 5.412244944e-16)
(10 2.505698056e-16 -2.842500452e-16)
(10 -1.197194919e-16 -2.826478053e-16)
(10 7.370814518e-17 1.964593457e-16)
(10 -1.052977439e-16 2.413529857e-16)
(10 -2.523242398e-16 7.79077731e-17)
(10 3.023301469e-16 -2.794401857e-16)
(10 -4.791448328e-17 -9.879908242e-17)
(10 -2.759230151e-17 -3.827493235e-16)
(10 -1.689842185e-16 -2.995721215e-16)
(10 4.418326216e-16 3.148818207e-18)
(10 -7.606732947e-17 1.390900625e-16)
(10 -2.961491605e-16 -1.559828748e-16)
(10 3.918547533e-16 -5.158906653e-16)
(10 3.98418458e-16 3.597036806e-16)
(10 6.706377883e-17 3.523408601e-16)
(10 -1.157817064e-16 5.90694985e-16)
(10 3.19102927e-17 -1.978064281e-16)
(10 -3.196396331e-16 6.962513886e-17)
(10 7.777603415e-17 1.74359921e-17)
(10 5.568011865e-17 3.38843698e-16)
(10 1.737629927e-16 -4.465846657e-17)
(10 -3.041723694e-16 -2.976359749e-16)
(10 5.972622392e-16 1.752434637e-16)
(10 1.036565347e-16 1.548785204e-16)
(10 2.740072781e-16 -1.912526001e-16)
(10 -4.549503336e-16 -4.211899401e-16)
(10 1.985068651e-16 7.936795394e-17)
(10 2.176561661e-16 1.941894107e-16)
(10 1.914057254e-16 1.564400357e-16)
(10 3.967263974e-16 -6.142898986e-16)
(10 -7.892284521e-17 6.213081061e-16)
(10 -2.585798478e-16 2.63940321e-16)
(10 3.099361954e-16 2.205613676e-16)
(10 -2.253598168e-16 -2.27149278e-16)
(10 -5.845415747e-17 1.269389152e-16)
(10 -4.113289305e-16 3.103697463e-16)
(10 -2.804513887e-16 1.823053899e-16)
(10 -2.177170228e-17 -7.571648837e-17)
(10 2.115558615e-16 -8.349992145e-17)
(10 -6.780030096e-17 1.549248937e-16)
(10 -1.820881838e-16 -6.651417345e-17)
(10 -2.315712357e-16 1.288297897e-17)
(10 -3.604858548e-17 7.797505717e-16)
(10 -1.959022461e-16 2.966755624e-16)
(10 -4.527813795e-16 2.84229793e-16)
(10 8.517485775e-18 3.109506195e-17)
(10 -5.821685624e-17 2.011315598e-16)
(10 -1.57599631e-16 4.256786583e-17)
(10 -7.511947905e-17 -4.617334172e-16)
(10 2.315652255e-16 -3.373756552e-16)
(10 1.914212538e-16 -5.530711089e-16)
(10 -3.754423464e-17 -3.116279267e-16)
(10 4.619326547e-17 3.20197965e-16)
(10 -4.965320512e-17 -5.651813039e-18)
(10 3.232626165e-16 3.50258352e-16)
(10 -5.882396847e-16 2.335054505e-15)
)
;

boundaryField
{
    left
    {
        type            dirichlet;
        value           uniform (4 0 0);
    }
    right
    {
        type            dirichlet;
        value           uniform (4 0 0);
    }
    sides
    {
        type            empty;
    }
}


// ************************************************************************* //
