/*--------------------------------*- C++ -*----------------------------------*\
| =========                 |                                                 |
| \\      /  F ield         | foam-extend: Open Source CFD                    |
|  \\    /   O peration     | Version:     4.1                                |
|   \\  /    A nd           | Web:         http://www.foam-extend.org         |
|    \\/     M anipulation  |                                                 |
\*---------------------------------------------------------------------------*/
FoamFile
{
    version     2.0;
    format      ascii;
    class       cellScalarField;
    location    "6.3";
    object      T;
}
// * * * * * * * * * * * * * * * * * * * * * * * * * * * * * * * * * * * * * //

dimensions      [0 0 0 0 1 0 0];

internalField   nonuniform 
100
(
(4 -1.99343951e-13 7.59442065e-14)
(4 1.576778066e-11 -2.692501548e-12)
(4 -3.786002906e-10 1.796768308e-10)
(4.00000001 1.709380446e-08 4.894713742e-09)
(4.000000062 -2.436808553e-08 6.154798179e-08)
(4.000003813 6.247773761e-06 4.418128807e-06)
(4.000074784 7.55039546e-05 3.368758382e-05)
(4.000924346 0.001071521154 0.0007695504262)
(4.014203933 0.01631122601 0.007543399958)
(4.120107351 0.1054961103 0.02887859085)
(4.545859412 0.3402447796 0.05063248213)
(5.526575672 0.6337991696 0.03674547933)
(6.946189194 0.7491539351 -0.009222542949)
(8.324818293 0.6002838604 -0.04123103437)
(9.269270775 0.3432396437 -0.03941271021)
(9.745055918 0.1461851103 -0.02236958778)
(9.92781167 0.04813583034 -0.008898936329)
(9.983101103 0.0126647187 -0.002679648083)
(9.996665159 0.002740816777 -0.0006416971371)
(9.99943471 0.0005003766333 -0.000126737397)
(9.999916261 7.875904849e-05 -2.124074827e-05)
(9.999988992 1.088836764e-05 -3.090808263e-06)
(9.999998698 1.34320545e-06 -3.978613758e-07)
(9.99999986 1.498501513e-07 -4.600929791e-08)
(9.999999986 1.529138001e-08 -4.84153206e-09)
(9.999999999 1.441175345e-09 -4.686094684e-10)
(10 1.26487361e-10 -4.209790973e-11)
(10 1.041601512e-11 -3.537651666e-12)
(10 8.078497731e-13 -2.801032746e-13)
(10 5.784339296e-14 -1.985996081e-14)
(10 3.648017217e-15 -2.345256764e-15)
(10 5.629993338e-16 4.650878805e-16)
(10 -1.171557957e-15 5.879364509e-16)
(10 1.549767728e-15 -4.722288924e-16)
(10 -7.529829473e-16 -1.700104195e-18)
(10 9.682754718e-16 1.308997068e-16)
(10 -1.421260034e-15 7.321380012e-16)
(10 -9.433893564e-17 6.086420939e-16)
(10 -4.976234187e-16 -2.424709664e-16)
(10 3.24150927e-18 6.292376562e-17)
(10 -2.555749457e-16 1.885355601e-16)
(10 -3.336232799e-16 4.293240145e-16)
(10 -1.628042615e-16 -8.05536251e-17)
(10 1.753952774e-16 4.098349031e-17)
(10 -2.383711732e-16 -1.679242043e-16)
(10 8.828436764e-17 -2.855508065e-16)
(10 1.02225684e-16 -4.557794473e-16)
(10 -1.681135511e-16 2.016063328e-16)
(10 -3.945084861e-16 -5.39546455e-16)
(10 1.416068036e-16 -1.838648176e-16)
(10 5.067128898e-16 4.735178826e-17)
(10 -2.603288151e-16 7.489734337e-16)
(10 -2.192187724e-16 5.692660371e-17)
(10 -1.854297255e-16 6.769899063e-17)
(10 -3.414641057e-16 4.102568964e-16)
(10 2.282727488e-17 1.218580069e-16)
(10 -2.649642611e-16 2.453169875e-16)
(10 -1.894112883e-17 4.26545229e-17)
(10 -2.350594994e-17 1.46179938e-16)
(10 -4.542592377e-16 -9.928045862e-17)
(10 -1.210248092e-18 -3.765913058e-16)
(10 1.093612822e-16 -2.476806326e-16)
(10 8.523293909e-17 -4.060719251e-16)
(10 -5.817897996e-17 -2.008818928e-16)
(10 3.82304655e-17 2.275369465e-16)
(10 -1.685932662e-17 -1.087825639e-17)
(10 2.413900432e-16 1.962281516e-16)
(10 -2.66512645e-16 -2.695542951e-17)
(10 1.364883093e-16 1.74959894e-17)
(10 -2.188385326e-16 5.564619606e-16)
(10 -1.000862168e-15 5.078880458e-16)
(10 1.354184939e-16 -7.673887638e-17)
(10 4.236895964e-18 -2.400961834e-18)
(10 1.325615644e-19 -7.511991314e-20)
(10 4.147509993e-21 -2.350308642e-21)
(10 1.297649075e-22 -7.353510516e-23)
(10 4.060009799e-24 -2.300724081e-24)
(10 1.270272517e-25 -7.198373192e-26)
(10 3.974355599e-27 -2.252185607e-27)
(10 1.243473523e-28 -7.046508804e-29)
(10 3.890508449e-30 -2.204671151e-30)
(10 1.217239909e-31 -6.897848306e-32)
(10 3.808430225e-33 -2.158159109e-33)
(10 1.191559747e-34 -6.752324104e-35)
(10 3.728083609e-36 -2.112628333e-36)
(10 1.166421359e-37 -6.609870033e-38)
(10 3.649432069e-39 -2.068058123e-39)
(10 1.141813318e-40 -6.470421321e-41)
(10 3.572439844e-42 -2.024428212e-42)
(10 1.117724433e-43 -6.333914564e-44)
(10 3.497071927e-45 -1.981718763e-45)
(10 1.094143753e-46 -6.200287697e-47)
(10 3.42329405e-48 -1.939910357e-48)
(10 1.071060555e-49 -6.069479961e-50)
(10 3.351072669e-51 -1.898983985e-51)
(10 1.048464345e-52 -5.941431881e-53)
(10 3.280374945e-54 -1.858921038e-54)
(10 1.026344847e-55 -5.816085238e-56)
(10 3.211168734e-57 -1.819703301e-57)
(10 -1.36847378e-16 3.22039518e-15)
)
;

boundaryField
{
    left
    {
        type            dirichlet;
        value           uniform (4 0 0);
    }
    right
    {
        type            dirichlet;
        value           uniform (4 0 0);
    }
    sides
    {
        type            empty;
    }
}


// ************************************************************************* //
