/*--------------------------------*- C++ -*----------------------------------*\
| =========                 |                                                 |
| \\      /  F ield         | foam-extend: Open Source CFD                    |
|  \\    /   O peration     | Version:     4.1                                |
|   \\  /    A nd           | Web:         http://www.foam-extend.org         |
|    \\/     M anipulation  |                                                 |
\*---------------------------------------------------------------------------*/
FoamFile
{
    version     2.0;
    format      ascii;
    class       cellScalarField;
    location    "15.4";
    object      T;
}
// * * * * * * * * * * * * * * * * * * * * * * * * * * * * * * * * * * * * * //

dimensions      [0 0 0 0 1 0 0];

internalField   nonuniform 
100
(
(4 -5.703630593e-17 1.624202108e-17)
(4 -1.257435587e-16 -5.478050424e-17)
(4 1.205787786e-16 1.418717052e-16)
(4 -1.524299097e-16 1.009420823e-16)
(4 -7.739781941e-17 -7.003285117e-17)
(4 -4.834214155e-16 1.886743785e-16)
(4 4.691549011e-16 -2.764796804e-17)
(4 -4.839966488e-16 2.828915182e-16)
(4 7.586093479e-16 -6.144510029e-17)
(4 -1.214955113e-15 -2.195896885e-16)
(4 6.101872058e-17 3.529865922e-17)
(4 1.624731128e-15 -1.748834509e-17)
(4 3.973749946e-15 5.947483923e-15)
(4 1.554492547e-13 9.110778329e-14)
(4 2.555701962e-12 1.714519118e-12)
(4 4.961522991e-11 3.094259024e-11)
(4.000000001 7.567391243e-10 4.35276795e-10)
(4.000000009 1.047102327e-08 5.982505705e-09)
(4.000000122 1.337909124e-07 7.074282393e-08)
(4.00000138 1.44522658e-06 7.084862961e-07)
(4.000013565 1.367494695e-05 6.283358447e-06)
(4.00011677 0.0001121260461 4.608966295e-05)
(4.0008393 0.0007412040923 0.0002584724584)
(4.00481422 0.003778024816 0.001079968844)
(4.021741593 0.01477175275 0.003377292043)
(4.077941762 0.04488667109 0.007996461946)
(4.225622015 0.1079211198 0.01443792718)
(4.53784408 0.2089647233 0.01976446207)
(5.077162644 0.331092094 0.0197587089)
(5.848898045 0.4353616942 0.01234508655)
(6.775012222 0.4810275319 2.846094255e-05)
(7.717307027 0.4515448046 -0.01158278903)
(8.538242876 0.3637051456 -0.01786613763)
(9.156137929 0.2536465014 -0.01791549827)
(9.561242141 0.1544300064 -0.01396121742)
(9.794354539 0.08271516993 -0.008985235415)
(9.912928629 0.03925479289 -0.004924920876)
(9.966598476 0.01661744419 -0.002343632057)
(9.988351107 0.00631449382 -0.0009816982962)
(9.996292749 0.002166702407 -0.0003658734243)
(9.998919176 0.0006751287271 -0.0001224067278)
(9.999710199 0.0001920462811 -3.704372611e-05)
(9.999928256 5.012270226e-05 -1.020889155e-05)
(9.999983539 1.205943455e-05 -2.577591111e-06)
(9.999996486 2.686706031e-06 -5.995063406e-07)
(9.9999993 5.565930112e-07 -1.290880665e-07)
(9.999999869 1.076452271e-07 -2.585132583e-08)
(9.999999977 1.950753085e-08 -4.835266278e-09)
(9.999999996 3.324087407e-09 -8.480013676e-10)
(9.999999999 5.343464533e-10 -1.3995277e-10)
(10 8.127853018e-11 -2.180923683e-11)
(10 1.173378008e-11 -3.218780809e-12)
(10 1.609378487e-12 -4.502707139e-13)
(10 2.104889123e-13 -5.979783577e-14)
(10 2.484305912e-14 -7.46774628e-15)
(10 2.644120595e-16 4.199005586e-16)
(10 5.5695057e-17 1.362232993e-16)
(10 -7.315513007e-17 -3.751259677e-16)
(10 -3.090421629e-16 -5.086293746e-17)
(10 1.90423268e-16 3.060017491e-16)
(10 -3.269461593e-16 4.660706287e-16)
(10 -4.086359467e-16 5.004202246e-16)
(10 5.046803147e-16 -2.888969033e-17)
(10 3.902138181e-16 -3.767356032e-17)
(10 6.055873072e-16 -1.865713837e-16)
(10 -3.772576185e-16 2.608283653e-16)
(10 -4.202244977e-16 1.598144401e-17)
(10 1.094219291e-16 -3.640608923e-16)
(10 4.62763547e-16 3.494254229e-16)
(10 1.338988965e-16 -2.733774589e-16)
(10 1.718167157e-16 5.708864305e-16)
(10 -2.668248146e-16 2.828136845e-16)
(10 -5.128083919e-16 2.308888163e-16)
(10 6.387596373e-18 -3.509366809e-16)
(10 2.814345316e-16 -1.159507849e-16)
(10 6.071321859e-16 1.012075337e-16)
(10 -6.238285253e-16 3.568984403e-16)
(10 9.404213569e-17 3.640230384e-16)
(10 -1.363810943e-16 6.887928761e-16)
(10 -1.768034122e-16 4.018866109e-16)
(10 -2.888015531e-17 -9.322327567e-17)
(10 6.080043487e-17 2.044127858e-16)
(10 1.014783945e-16 -6.096846351e-17)
(10 2.757728549e-16 -1.93555033e-16)
(10 8.033777441e-17 1.856378332e-16)
(10 1.403609072e-16 2.83424101e-16)
(10 -2.377870151e-16 -8.997560981e-17)
(10 4.797273219e-16 -3.102295766e-16)
(10 5.983954302e-16 -2.18448608e-16)
(10 5.268280527e-16 -5.92565055e-17)
(10 -1.61231373e-17 3.885162796e-16)
(10 -1.637636019e-16 2.410181877e-16)
(10 -8.41285323e-17 -1.874466357e-16)
(10 3.305208639e-16 1.596900086e-16)
(10 -8.145132307e-17 3.653826614e-16)
(10 4.482518856e-17 2.117626311e-16)
(10 -5.758641525e-17 4.261111852e-16)
(10 -2.215134228e-16 -3.773081717e-16)
(10 -3.01832884e-16 2.468289534e-16)
(10 -1.414967832e-15 3.50445294e-15)
)
;

boundaryField
{
    left
    {
        type            dirichlet;
        value           uniform (4 0 0);
    }
    right
    {
        type            dirichlet;
        value           uniform (4 0 0);
    }
    sides
    {
        type            empty;
    }
}


// ************************************************************************* //
