/*--------------------------------*- C++ -*----------------------------------*\
| =========                 |                                                 |
| \\      /  F ield         | foam-extend: Open Source CFD                    |
|  \\    /   O peration     | Version:     4.1                                |
|   \\  /    A nd           | Web:         http://www.foam-extend.org         |
|    \\/     M anipulation  |                                                 |
\*---------------------------------------------------------------------------*/
FoamFile
{
    version     2.0;
    format      ascii;
    class       cellScalarField;
    location    "28.8";
    object      T;
}
// * * * * * * * * * * * * * * * * * * * * * * * * * * * * * * * * * * * * * //

dimensions      [0 0 0 0 1 0 0];

internalField   nonuniform 
100
(
(4 -5.703630593e-17 1.624202108e-17)
(4 -2.376031827e-16 -6.599102604e-17)
(4 -4.886055281e-17 -5.196548336e-17)
(4 -1.155203929e-16 -5.894792512e-18)
(4 -3.429555752e-17 -9.012440862e-17)
(4 -3.724204683e-16 8.340646973e-17)
(4 3.02380913e-16 4.585982999e-18)
(4 -4.892379019e-16 -8.343725188e-17)
(4 7.451124944e-16 1.187498805e-16)
(4 -1.389498042e-15 -1.834104072e-16)
(4 1.445088977e-16 -1.265761444e-16)
(4 3.904688815e-16 2.231189021e-17)
(4 5.223725163e-16 -1.56521656e-16)
(4 -6.101870747e-17 1.984825999e-16)
(4 6.952412797e-17 4.879852687e-17)
(4 -2.508440513e-16 -1.086938454e-16)
(4 4.209305947e-17 -6.373694848e-17)
(4 -1.030480691e-16 1.278513766e-16)
(4 -2.113062868e-16 8.107617367e-17)
(4 -2.127578654e-17 5.377262249e-17)
(4 -2.463355864e-16 5.062749462e-17)
(4 3.796166847e-16 1.367248351e-16)
(4 -8.884067637e-16 2.956849321e-17)
(4 1.038428319e-15 -4.275836347e-17)
(4 -7.82838413e-16 -2.333922912e-16)
(4 9.055852885e-16 8.319058999e-17)
(4 -1.109342222e-15 -6.220794808e-17)
(4 9.1178456e-16 -1.350202482e-16)
(4 -1.087592336e-15 1.736090661e-16)
(4 8.282272332e-16 -1.742432112e-16)
(4 -6.551715976e-17 3.276600472e-16)
(4 7.283111193e-17 -1.70570589e-16)
(4 3.586857388e-16 2.232647073e-16)
(4 1.165208808e-14 7.781174928e-15)
(4 1.627723103e-13 8.413210808e-14)
(4 1.769252409e-12 8.916227318e-13)
(4 1.808264569e-11 8.764474477e-12)
(4 1.710126486e-10 7.93452186e-11)
(4.000000002 1.486956492e-09 6.566893432e-10)
(4.000000012 1.181015408e-08 4.934138763e-09)
(4.000000093 8.507185407e-08 3.335725914e-08)
(4.000000631 5.507072027e-07 2.006269094e-07)
(4.000003832 3.171348355e-06 1.061585116e-06)
(4.0000207 1.610585796e-05 4.901113594e-06)
(4.000098977 7.174497235e-05 1.965688669e-05)
(4.000417861 0.0002798010126 6.841932231e-05)
(4.001558307 0.0009562260503 0.0002069260082)
(4.005146241 0.002871690212 0.0005450557806)
(4.015109075 0.007607715146 0.001253682941)
(4.039623417 0.01785679227 0.002523511422)
(4.093302604 0.03730309855 0.004450253169)
(4.19835468 0.06966537722 0.006870777967)
(4.382872019 0.116812617 0.009249967718)
(4.674917347 0.1765805715 0.01074977733)
(5.093039603 0.2415785571 0.0105332259)
(5.636496571 0.3002069624 0.00818701651)
(6.279949256 0.3400338248 0.004015043539)
(6.976183339 0.3521832424 -0.001006711616)
(7.666744285 0.3345709211 -0.005617269103)
(8.296406427 0.2923729436 -0.008782929204)
(8.825654327 0.2356719524 -0.0100536378)
(9.236791072 0.1756849616 -0.009608388784)
(9.532705806 0.1214224809 -0.00803499875)
(9.7305077 0.07798945508 -0.006016358061)
(9.853581465 0.04665909516 -0.004088769069)
(9.925017988 0.02605868215 -0.002545022648)
(9.963780132 0.01361445627 -0.001460456343)
(9.98348202 0.006667493511 -0.0007766088007)
(9.992880767 0.003066840479 -0.0003842758927)
(9.997096909 0.001327422055 -0.0001775598075)
(9.998878623 0.0005416415399 -7.685002297e-05)
(9.999589193 0.0002087229294 -3.12415808e-05)
(9.999857091 7.609031407e-05 -1.195892786e-05)
(9.999952732 2.628524467e-05 -4.320304879e-06)
(9.999985116 8.618230298e-06 -1.476116629e-06)
(9.999995533 2.686123392e-06 -4.779393827e-07)
(9.99999872 7.970637546e-07 -1.469203478e-07)
(9.99999965 2.255051827e-07 -4.295514637e-08)
(9.999999908 6.091633869e-08 -1.196467849e-08)
(9.999999977 1.573341509e-08 -3.180043702e-09)
(9.999999994 3.890478443e-09 -8.077419911e-10)
(9.999999999 9.222202757e-10 -1.963608709e-10)
(10 2.098293464e-10 -4.574958236e-11)
(10 4.5875398e-11 -1.022834628e-11)
(10 9.650829522e-12 -2.197873818e-12)
(10 1.952621509e-12 -4.531558998e-13)
(10 3.849597821e-13 -9.150512744e-14)
(10 7.049009565e-14 -1.754881441e-14)
(10 1.460760367e-14 -1.469924864e-15)
(10 2.681387382e-15 -1.817286854e-15)
(10 1.175444678e-16 -7.239713662e-16)
(10 5.311692771e-16 -1.88511455e-17)
(10 -3.038773275e-17 5.015833965e-17)
(10 -6.807952705e-16 -5.019516175e-17)
(10 -5.9048227e-16 -8.443562927e-17)
(10 -1.27662893e-16 -2.871070635e-17)
(10 -2.224785681e-16 -4.001672087e-16)
(10 4.980390949e-16 -5.794614522e-16)
(10 1.250797274e-16 -1.936279954e-16)
(10 -2.17664702e-15 3.716868e-15)
)
;

boundaryField
{
    left
    {
        type            dirichlet;
        value           uniform (4 0 0);
    }
    right
    {
        type            dirichlet;
        value           uniform (4 0 0);
    }
    sides
    {
        type            empty;
    }
}


// ************************************************************************* //
