/*--------------------------------*- C++ -*----------------------------------*\
| =========                 |                                                 |
| \\      /  F ield         | foam-extend: Open Source CFD                    |
|  \\    /   O peration     | Version:     4.1                                |
|   \\  /    A nd           | Web:         http://www.foam-extend.org         |
|    \\/     M anipulation  |                                                 |
\*---------------------------------------------------------------------------*/
FoamFile
{
    version     2.0;
    format      ascii;
    class       cellScalarField;
    location    "23.8";
    object      T;
}
// * * * * * * * * * * * * * * * * * * * * * * * * * * * * * * * * * * * * * //

dimensions      [0 0 0 0 1 0 0];

internalField   nonuniform 
100
(
(4 -5.703630593e-17 1.624202108e-17)
(4 4.388453348e-17 6.085801654e-17)
(4 -1.011679063e-16 -6.864624581e-17)
(4 -1.992678687e-16 4.971633381e-17)
(4 5.664601977e-17 -6.154728615e-17)
(4 -4.016907422e-16 -5.533406823e-17)
(4 3.924844311e-16 4.129221955e-18)
(4 -4.82977896e-16 1.546908386e-16)
(4 7.104958312e-16 -4.481718518e-17)
(4 -1.349788713e-15 -8.392048736e-17)
(4 4.38135311e-16 -3.028518641e-17)
(4 8.464288963e-16 -1.143315349e-16)
(4 -8.916347579e-16 -2.612494503e-16)
(4 3.128832741e-16 -8.906578094e-17)
(4 2.866680622e-16 1.109253617e-16)
(4 -7.75582701e-16 1.142718609e-16)
(4 8.01672023e-16 1.119642556e-17)
(4 -1.104085753e-15 -1.864169301e-16)
(4 1.235068758e-15 -2.246075469e-16)
(4 -8.017252954e-16 -1.939145707e-16)
(4 9.172327237e-16 5.795291594e-17)
(4 -8.054538275e-16 1.461766208e-16)
(4 4.991997994e-16 -1.023991527e-16)
(4 -4.075129456e-16 9.769286902e-17)
(4 1.615522907e-15 7.058203436e-16)
(4 1.134267059e-14 6.188643074e-15)
(4 1.503759284e-13 8.52228745e-14)
(4 1.963477207e-12 1.072629397e-12)
(4 2.354516846e-11 1.234908397e-11)
(4 2.594819092e-10 1.305177937e-10)
(4.000000003 2.618020932e-09 1.253242744e-09)
(4.000000024 2.393378619e-08 1.082614313e-08)
(4.000000205 1.968297086e-07 8.353300876e-08)
(4.00000157 1.442546539e-06 5.672547086e-07)
(4.00001065 9.271358785e-06 3.320984045e-06)
(4.000063131 5.13730806e-05 1.64784153e-05)
(4.00032337 0.0002426767263 6.869064746e-05)
(4.001424032 0.0009735137117 0.0002401361957)
(4.005394124 0.003322057003 0.0007056861849)
(4.017650867 0.009690382162 0.001749996943)
(4.050217463 0.02431655869 0.003675319964)
(4.125159277 0.05285042515 0.006549598941)
(4.275480243 0.1001629079 0.009889551763)
(4.539942771 0.1665969161 0.01255493941)
(4.950447724 0.2446473611 0.01311686336)
(5.515745698 0.3189739738 0.01063053772)
(6.209925356 0.3711617637 0.005325655754)
(6.973723477 0.3873080075 -0.001335770624)
(7.730094433 0.364069203 -0.007345372312)
(8.407039594 0.3095766184 -0.01112237662)
(8.956754043 0.2390673815 -0.01214166532)
(9.363282696 0.1682882111 -0.01090976185)
(9.63803087 0.1083664773 -0.008464696383)
(9.808290266 0.06404629038 -0.005808700548)
(9.905340111 0.03485234132 -0.003576837377)
(9.956378825 0.01751572776 -0.001996007512)
(9.981214954 0.008153529976 -0.001016874594)
(9.992428803 0.003525297354 -0.0004757272988)
(9.997139365 0.001419521241 -0.0002053773458)
(9.998985039 0.0005337068568 -8.216316268e-05)
(9.999661241 0.0001878256433 -3.057364735e-05)
(9.999893448 6.202039933e-05 -1.061741819e-05)
(9.99996836 1.925926905e-05 -3.451623233e-06)
(9.999991114 5.636788447e-06 -1.053393618e-06)
(9.999997636 1.558245557e-06 -3.02598304e-07)
(9.999999403 4.077024813e-07 -8.20208603e-08)
(9.999999857 1.011606798e-07 -2.102687029e-08)
(9.999999967 2.384878575e-08 -5.109424206e-09)
(9.999999993 5.351807682e-09 -1.179289262e-09)
(9.999999999 1.145187245e-09 -2.590460606e-10)
(10 2.340589618e-10 -5.425704784e-11)
(10 4.576687977e-11 -1.085589032e-11)
(10 8.571591351e-12 -2.077415e-12)
(10 1.541517463e-12 -3.813721948e-13)
(10 2.644103052e-13 -6.546118496e-14)
(10 4.231137199e-14 -1.097952212e-14)
(10 1.064066325e-14 -3.226135968e-15)
(10 -2.993552563e-16 2.649479948e-16)
(10 -2.498865475e-16 5.264694509e-16)
(10 -1.289230741e-16 -4.377215833e-17)
(10 3.707915192e-18 -3.212747518e-16)
(10 -2.599778198e-16 1.64536938e-16)
(10 -4.663972142e-16 3.529680921e-16)
(10 1.68898461e-17 1.08282938e-16)
(10 -2.851897494e-16 3.76183849e-16)
(10 -4.291279701e-17 8.746153146e-17)
(10 3.125003393e-18 -6.728602179e-17)
(10 3.446994156e-17 -5.597397084e-17)
(10 8.592954242e-17 -3.536753555e-16)
(10 -1.290368535e-16 -2.379198615e-16)
(10 1.670173535e-16 -1.176824928e-16)
(10 1.723510772e-17 6.142912726e-16)
(10 -2.923225815e-16 1.415588489e-16)
(10 -1.939282589e-16 -5.007744361e-16)
(10 3.04472783e-16 -8.683905831e-17)
(10 1.091990408e-16 5.115306623e-17)
(10 -4.529333744e-16 -1.527896696e-16)
(10 1.879835903e-17 -5.952481303e-16)
(10 5.037274082e-16 -3.859628316e-16)
(10 -1.500904186e-15 3.712192395e-15)
)
;

boundaryField
{
    left
    {
        type            dirichlet;
        value           uniform (4 0 0);
    }
    right
    {
        type            dirichlet;
        value           uniform (4 0 0);
    }
    sides
    {
        type            empty;
    }
}


// ************************************************************************* //
