/*--------------------------------*- C++ -*----------------------------------*\
| =========                 |                                                 |
| \\      /  F ield         | foam-extend: Open Source CFD                    |
|  \\    /   O peration     | Version:     4.1                                |
|   \\  /    A nd           | Web:         http://www.foam-extend.org         |
|    \\/     M anipulation  |                                                 |
\*---------------------------------------------------------------------------*/
FoamFile
{
    version     2.0;
    format      ascii;
    class       cellScalarField;
    location    "3.1";
    object      T;
}
// * * * * * * * * * * * * * * * * * * * * * * * * * * * * * * * * * * * * * //

dimensions      [0 0 0 0 1 0 0];

internalField   nonuniform 
100
(
(3.999999342 -1.993063708e-06 8.702638531e-08)
(4.000060149 0.0001185451065 4.818462517e-05)
(4.000501605 -0.0001409249076 0.0002418729229)
(4.020034336 0.03342167247 0.02585950472)
(4.35840663 0.368403873 0.09891114965)
(5.696317318 0.952587104 0.05704609406)
(7.72952527 0.9731394524 -0.06592704111)
(9.214312631 0.4935959623 -0.07621304366)
(9.816298348 0.1457337213 -0.03128979591)
(9.969036735 0.02852499432 -0.007335135632)
(9.995975705 0.004102057495 -0.001180701516)
(9.999573618 0.0004671589077 -0.0001452125039)
(9.999961582 4.442521864e-05 -1.46034333e-05)
(9.999996962 3.663166068e-06 -1.256612347e-06)
(9.999999784 2.691630153e-07 -9.55006651e-08)
(9.999999986 1.798557755e-08 -6.558947908e-09)
(9.999999999 1.109910375e-09 -4.141147007e-10)
(10 6.402033266e-11 -2.435328208e-11)
(10 3.484572382e-12 -1.347649719e-12)
(10 1.811358408e-13 -7.206528891e-14)
(10 6.935036996e-15 -3.391844743e-15)
(10 -3.131416342e-16 3.036429885e-16)
(10 -3.5274725e-16 -2.490050491e-16)
(10 2.015751556e-16 1.732958274e-17)
(10 -4.195284461e-16 -4.085398444e-16)
(10 1.489786271e-15 -3.870149559e-16)
(10 -1.419113005e-15 3.180664281e-16)
(10 -1.118924054e-16 -2.871381528e-16)
(10 6.360060112e-18 -3.804876392e-16)
(10 1.093036268e-16 -2.47722608e-16)
(10 8.526851259e-17 -4.060959194e-16)
(10 -5.817587063e-17 -2.008837676e-16)
(10 3.823061561e-17 2.275368525e-16)
(10 -1.685931765e-17 -1.087826214e-17)
(10 2.413900438e-16 1.962281513e-16)
(10 -2.66512645e-16 -2.695542953e-17)
(10 1.364883093e-16 1.74959894e-17)
(10 -2.188385326e-16 5.564619606e-16)
(10 -1.000862168e-15 5.078880458e-16)
(10 1.354184939e-16 -7.673887638e-17)
(10 4.236895964e-18 -2.400961834e-18)
(10 1.325615644e-19 -7.511991314e-20)
(10 4.147509993e-21 -2.350308642e-21)
(10 1.297649075e-22 -7.353510516e-23)
(10 4.060009799e-24 -2.300724081e-24)
(10 1.270272517e-25 -7.198373192e-26)
(10 3.974355599e-27 -2.252185607e-27)
(10 1.243473523e-28 -7.046508804e-29)
(10 3.890508449e-30 -2.204671151e-30)
(10 1.217239909e-31 -6.897848306e-32)
(10 3.808430225e-33 -2.158159109e-33)
(10 1.191559747e-34 -6.752324104e-35)
(10 3.728083609e-36 -2.112628333e-36)
(10 1.166421359e-37 -6.609870033e-38)
(10 3.649432069e-39 -2.068058123e-39)
(10 1.141813318e-40 -6.470421321e-41)
(10 3.572439844e-42 -2.024428212e-42)
(10 1.117724433e-43 -6.333914563e-44)
(10 3.497071926e-45 -1.981718762e-45)
(10 1.094143752e-46 -6.200287693e-47)
(10 3.423294047e-48 -1.939910355e-48)
(10 1.071060553e-49 -6.069479949e-50)
(10 3.351072658e-51 -1.898983978e-51)
(10 1.048464339e-52 -5.941431848e-53)
(10 3.280374916e-54 -1.858921021e-54)
(10 1.026344833e-55 -5.81608515e-56)
(10 3.21116866e-57 -1.819703256e-57)
(10 1.004691969e-58 -5.693382813e-59)
(10 3.143422383e-60 -1.78131283e-60)
(10 9.834958834e-62 -5.573268936e-62)
(10 3.077105197e-63 -1.743732236e-63)
(10 9.627469009e-65 -5.455688681e-65)
(10 3.012186782e-66 -1.706944289e-66)
(10 9.424355175e-68 -5.340588178e-68)
(10 2.948637341e-69 -1.670932099e-69)
(10 9.225523886e-71 -5.227914462e-71)
(10 2.886427575e-72 -1.635679061e-72)
(10 9.030883361e-74 -5.117615527e-74)
(10 2.82552878e-75 -1.601168916e-75)
(10 8.840344093e-77 -5.009640698e-77)
(10 2.765913186e-78 -1.567385955e-78)
(10 8.653820611e-80 -4.903941691e-80)
(10 2.707554804e-81 -1.534315526e-81)
(10 8.471235346e-83 -4.800474899e-83)
(10 2.65043114e-84 -1.50194504e-84)
(10 8.292526025e-86 -4.699205741e-86)
(10 2.594526299e-87 -1.470265796e-87)
(10 8.117658405e-89 -4.600116093e-89)
(10 2.53983611e-90 -1.439275959e-90)
(10 7.946646537e-92 -4.503216073e-92)
(10 2.486375998e-93 -1.408985133e-93)
(10 7.779582857e-95 -4.408561461e-95)
(10 2.434192315e-96 -1.379420905e-96)
(10 7.616680205e-98 -4.316277934e-98)
(10 2.383377692e-99 -1.350637686e-99)
(10 7.458327143e-101 -4.226592867e-101)
(10 2.334090695e-102 -1.32272799e-102)
(10 7.305156774e-104 -4.13987475e-104)
(10 2.286579568e-105 -1.295836012e-105)
(10 1.527500921e-16 3.547302178e-15)
)
;

boundaryField
{
    left
    {
        type            dirichlet;
        value           uniform (4 0 0);
    }
    right
    {
        type            dirichlet;
        value           uniform (4 0 0);
    }
    sides
    {
        type            empty;
    }
}


// ************************************************************************* //
