/*--------------------------------*- C++ -*----------------------------------*\
| =========                 |                                                 |
| \\      /  F ield         | foam-extend: Open Source CFD                    |
|  \\    /   O peration     | Version:     4.1                                |
|   \\  /    A nd           | Web:         http://www.foam-extend.org         |
|    \\/     M anipulation  |                                                 |
\*---------------------------------------------------------------------------*/
FoamFile
{
    version     2.0;
    format      ascii;
    class       cellScalarField;
    location    "24.4";
    object      T;
}
// * * * * * * * * * * * * * * * * * * * * * * * * * * * * * * * * * * * * * //

dimensions      [0 0 0 0 1 0 0];

internalField   nonuniform 
100
(
(4 -5.703630593e-17 1.624202108e-17)
(4 8.862090193e-17 -1.958662059e-16)
(4 -6.111862941e-18 2.601992332e-16)
(4 -2.118193015e-16 -8.834527316e-18)
(4 1.465232778e-16 -1.425584785e-16)
(4 -3.660023179e-16 3.415295791e-17)
(4 5.056769177e-16 1.469341771e-16)
(4 -4.802491424e-16 -6.833826321e-17)
(4 8.575277517e-16 -6.626969115e-17)
(4 -1.34152509e-15 3.804072241e-16)
(4 -5.923646327e-17 1.74241715e-16)
(4 1.226003088e-15 -3.29168856e-17)
(4 -7.721756812e-16 9.230477603e-17)
(4 4.334180533e-16 -3.776943826e-18)
(4 8.039847673e-17 -1.93495148e-17)
(4 -6.369295597e-17 7.944509669e-18)
(4 5.532441684e-17 -1.566673506e-17)
(4 -2.977559437e-16 -1.407586062e-17)
(4 6.195196807e-16 1.222815104e-16)
(4 -9.093844908e-16 -2.282347392e-16)
(4 9.742231928e-16 -1.181012161e-18)
(4 -7.521059859e-16 2.088618282e-16)
(4 7.08526139e-16 2.377607197e-18)
(4 -8.28696802e-16 1.319811369e-16)
(4 7.210927491e-16 -9.353632077e-17)
(4 1.02176017e-15 7.442349767e-16)
(4 1.293962879e-14 7.674640758e-15)
(4 1.733318322e-13 9.522765764e-14)
(4 2.181120834e-12 1.178164966e-12)
(4 2.552690037e-11 1.323293918e-11)
(4 2.747195601e-10 1.364847279e-10)
(4.000000003 2.70638698e-09 1.279096348e-09)
(4.000000024 2.417667662e-08 1.079707089e-08)
(4.000000204 1.944618608e-07 8.144195697e-08)
(4.000001531 1.394354659e-06 5.408024839e-07)
(4.000010174 8.775795477e-06 3.101416784e-06)
(4.000059199 4.773627744e-05 1.512845421e-05)
(4.000298542 0.0002222014477 6.228514224e-05)
(4.001299194 0.0008821822196 0.0002161287894)
(4.00488215 0.002992435379 0.000633510843)
(4.015907471 0.008712675906 0.001574318315)
(4.045216128 0.02190486905 0.003328285696)
(4.112924098 0.04786188175 0.005997702605)
(4.249687634 0.09146992569 0.009203465687)
(4.492664729 0.1538386537 0.01194807114)
(4.874496836 0.2290073116 0.01288876747)
(5.40806231 0.30335989 0.01101257974)
(6.074338862 0.3593821975 0.006321214281)
(6.82125538 0.3825240356 7.835997084e-06)
(7.576187356 0.3674037164 -0.006065612837)
(8.266921823 0.3197199094 -0.01026046502)
(8.84120516 0.2530402179 -0.01184406985)
(9.276620945 0.1827939108 -0.01109997987)
(9.578695052 0.1209376933 -0.008937777935)
(9.771070348 0.0735175523 -0.006351988876)
(9.883878658 0.04118938762 -0.004047393148)
(9.94496715 0.02133145859 -0.002336499054)
(9.975602396 0.01024043867 -0.001231409578)
(9.989868168 0.00456932053 -0.0005960589678)
(9.996052665 0.001899967282 -0.000266299447)
(9.998554912 0.0007380497212 -0.0001102755541)
(9.999502053 0.0002684809026 -4.248423063e-05)
(9.999838226 9.167154452e-05 -1.527782971e-05)
(9.999950362 2.944541731e-05 -5.143968638e-06)
(9.999985591 8.916544163e-06 -1.626117473e-06)
(9.999996036 2.550768584e-06 -4.838953749e-07)
(9.999998965 6.907303494e-07 -1.358794259e-07)
(9.999999743 1.773963679e-07 -3.608715649e-08)
(9.999999939 4.328970464e-08 -9.084208633e-09)
(9.999999986 1.005549618e-08 -2.171932462e-09)
(9.999999997 2.227138061e-09 -4.94166274e-10)
(9.999999999 4.7111839e-10 -1.071938361e-10)
(10 9.533593077e-11 -2.220968353e-11)
(10 1.847711576e-11 -4.400418814e-12)
(10 3.438089598e-12 -8.367668371e-13)
(10 6.126753516e-13 -1.523365325e-13)
(10 1.032527221e-13 -2.528386934e-14)
(10 2.017331058e-14 -5.398745299e-15)
(10 4.230192697e-15 -1.710524693e-15)
(10 -1.831921474e-16 3.286529052e-16)
(10 -1.961224894e-16 5.632291461e-16)
(10 -1.996940598e-16 -4.804901358e-16)
(10 -1.064497496e-16 3.934441592e-16)
(10 -5.770680649e-16 7.191957943e-16)
(10 5.413416835e-17 2.866571292e-16)
(10 -3.475682766e-16 4.653396718e-16)
(10 5.477544212e-17 -5.703404116e-16)
(10 2.197122788e-16 -3.075651648e-16)
(10 6.025537937e-17 -2.192232721e-16)
(10 -2.519438842e-16 2.593620939e-16)
(10 -1.263300681e-16 -1.416134973e-16)
(10 2.16980171e-16 -4.850214802e-17)
(10 2.948648501e-17 -5.555153488e-16)
(10 -6.348815395e-17 -1.801994529e-16)
(10 1.004676542e-16 -6.245610147e-16)
(10 3.911765749e-17 2.927441605e-16)
(10 -2.788997456e-17 -1.843291658e-16)
(10 -3.520127784e-16 -1.140037639e-16)
(10 2.110784561e-16 -3.541034774e-16)
(10 2.242779634e-17 3.239341789e-15)
)
;

boundaryField
{
    left
    {
        type            dirichlet;
        value           uniform (4 0 0);
    }
    right
    {
        type            dirichlet;
        value           uniform (4 0 0);
    }
    sides
    {
        type            empty;
    }
}


// ************************************************************************* //
