/*--------------------------------*- C++ -*----------------------------------*\
| =========                 |                                                 |
| \\      /  F ield         | foam-extend: Open Source CFD                    |
|  \\    /   O peration     | Version:     4.1                                |
|   \\  /    A nd           | Web:         http://www.foam-extend.org         |
|    \\/     M anipulation  |                                                 |
\*---------------------------------------------------------------------------*/
FoamFile
{
    version     2.0;
    format      ascii;
    class       cellScalarField;
    location    "45.7";
    object      T;
}
// * * * * * * * * * * * * * * * * * * * * * * * * * * * * * * * * * * * * * //

dimensions      [0 0 0 0 1 0 0];

internalField   nonuniform 
100
(
(4 -5.703630593e-17 1.624202108e-17)
(4 -9.569821523e-17 -1.786492267e-19)
(4 3.077775934e-17 -8.433367407e-17)
(4 -2.706062846e-16 -8.570411906e-17)
(4 -1.274517543e-16 -1.396024267e-16)
(4 -3.611789808e-16 6.522151828e-17)
(4 4.510288643e-16 5.35850304e-17)
(4 -5.152076225e-16 2.230316992e-16)
(4 9.200759703e-16 -3.494948438e-17)
(4 -1.294856257e-15 1.884782972e-16)
(4 -2.903173215e-17 -1.34190546e-16)
(4 4.49961894e-16 1.213814889e-17)
(4 3.090278442e-16 -1.499809031e-17)
(4 -8.346073523e-17 3.00184658e-17)
(4 -2.554243348e-17 2.980123802e-16)
(4 -1.417245489e-16 6.27464729e-17)
(4 -1.012926551e-16 -1.428635195e-16)
(4 7.827302293e-17 5.223717867e-17)
(4 3.596228206e-17 -1.96079799e-16)
(4 -1.816073823e-16 -1.475193732e-16)
(4 7.107101444e-16 -8.062402956e-17)
(4 -5.351761968e-16 1.756761342e-16)
(4 -2.900564963e-17 -7.426724325e-18)
(4 2.263974173e-17 -1.086608126e-16)
(4 -1.888433891e-16 3.784398163e-16)
(4 1.662201122e-16 8.42806515e-17)
(4 1.062714872e-16 -7.588005812e-17)
(4 -4.780315327e-17 1.54865165e-16)
(4 -4.849603093e-16 1.155852142e-16)
(4 5.292042954e-16 -1.160373715e-16)
(4 -1.046624255e-16 1.652596407e-16)
(4 6.182960425e-18 6.6942863e-17)
(4 -3.920926319e-17 -4.071188838e-18)
(4 -7.216969798e-16 1.51766454e-16)
(4 5.180061739e-16 -1.758296364e-16)
(4 -4.662885e-16 1.532778164e-17)
(4 1.002092266e-15 -5.25036923e-17)
(4 -7.84630926e-16 1.788575898e-17)
(4 5.859198946e-16 -3.033268029e-17)
(4 1.755945265e-16 -2.15187352e-16)
(4 -2.458226651e-17 2.195007991e-16)
(4 -1.368048567e-17 5.672808973e-17)
(4 -1.162150547e-16 1.744574631e-17)
(4 -2.573922353e-16 -4.681365014e-17)
(4 -4.880974961e-16 2.092673376e-16)
(4 8.135172684e-16 -2.37213253e-16)
(4 -7.899279886e-16 -1.716091972e-16)
(4 8.742347302e-16 -1.388179466e-16)
(4 -1.060843843e-15 -7.136666715e-17)
(4 6.370141986e-16 -1.089698587e-16)
(4 4.961815839e-17 -2.886311832e-17)
(4 1.28891608e-16 -1.290780447e-16)
(4 1.170274897e-17 1.124590168e-16)
(4 -1.747493604e-16 9.777001231e-17)
(4 1.379580307e-16 1.078594812e-16)
(4 -5.19492098e-17 -8.147868495e-17)
(4 5.02544659e-17 3.435752901e-17)
(4 -1.244584919e-16 6.154995828e-17)
(4 2.598915645e-16 -1.419989964e-16)
(4 4.677744441e-16 5.519794934e-16)
(4 3.157997971e-15 1.651384055e-15)
(4 2.93228246e-14 1.400359961e-14)
(4 2.514015417e-13 1.044566628e-13)
(4 1.835955781e-12 7.359248865e-13)
(4 1.257122584e-11 4.841779393e-12)
(4 8.055391255e-11 2.966098574e-11)
(4.000000001 4.81056301e-10 1.687185697e-10)
(4.000000003 2.669133394e-09 8.881671695e-10)
(4.000000018 1.37209108e-08 4.314496634e-09)
(4.000000087 6.519739228e-08 1.929689129e-08)
(4.0000004 2.858802641e-07 7.933920943e-08)
(4.000001698 1.155620205e-06 2.996104754e-07)
(4.000006669 4.305062729e-06 1.038940728e-06)
(4.000024226 1.4783736e-05 3.309062204e-06)
(4.000081464 4.683173936e-05 9.686744391e-06)
(4.000253847 0.0001369982235 2.608527381e-05)
(4.000734051 0.0003705851206 6.468466853e-05)
(4.001973073 0.0009283578206 0.0001478609313)
(4.004938729 0.00215724939 0.0003118772418)
(4.011534241 0.004657695476 0.000607519153)
(4.025185605 0.009359759937 0.001093564222)
(4.051525788 0.01753539634 0.00181945506)
(4.098981211 0.03067943607 0.002797223055)
(4.178941338 0.0502073968 0.003969532978)
(4.30514182 0.07697769263 0.005187943144)
(4.491998466 0.1107403839 0.006218127405)
(4.751927936 0.1497049407 0.006782474224)
(5.092116942 0.1904486973 0.006635161454)
(5.511586151 0.22831399 0.005646814477)
(5.999531991 0.2582731727 0.003865357219)
(6.535688511 0.276043488 0.001524520049)
(7.092871194 0.2791045063 -0.001008598774)
(7.641159636 0.2672812824 -0.003329847882)
(8.152639106 0.2427092713 -0.005102910409)
(8.605474995 0.2092221312 -0.006135734335)
(8.986380731 0.1713973654 -0.006406011038)
(9.291110088 0.1335774656 -0.006035355278)
(9.523209288 0.09913759462 -0.005230364428)
(9.691680311 0.07013751724 -0.00421622099)
(9.808330812 0.04734649459 -0.003184364865)
)
;

boundaryField
{
    left
    {
        type            dirichlet;
        value           uniform (4 0 0);
    }
    right
    {
        type            dirichlet;
        value           uniform (4 0 0);
    }
    sides
    {
        type            empty;
    }
}


// ************************************************************************* //
