/*--------------------------------*- C++ -*----------------------------------*\
| =========                 |                                                 |
| \\      /  F ield         | foam-extend: Open Source CFD                    |
|  \\    /   O peration     | Version:     4.1                                |
|   \\  /    A nd           | Web:         http://www.foam-extend.org         |
|    \\/     M anipulation  |                                                 |
\*---------------------------------------------------------------------------*/
FoamFile
{
    version     2.0;
    format      ascii;
    class       cellScalarField;
    location    "49.1";
    object      T;
}
// * * * * * * * * * * * * * * * * * * * * * * * * * * * * * * * * * * * * * //

dimensions      [0 0 0 0 1 0 0];

internalField   nonuniform 
100
(
(4 -5.703630593e-17 1.624202108e-17)
(4 -2.281832204e-16 -4.340954267e-18)
(4 7.912819956e-17 -1.285251868e-17)
(4 -1.833000405e-16 -1.532129933e-16)
(4 5.48808812e-17 -2.793180284e-18)
(4 -4.983833999e-16 -1.061189805e-16)
(4 4.978520042e-16 -1.050969924e-16)
(4 -4.634184849e-16 2.738958699e-16)
(4 7.903567514e-16 2.107801224e-16)
(4 -1.421948038e-15 1.70324875e-17)
(4 6.562701766e-17 6.342808733e-17)
(4 2.111351463e-17 -7.703636669e-17)
(4 8.595325552e-16 -1.018259816e-16)
(4 -1.857654622e-16 -1.787196523e-16)
(4 2.585172308e-16 9.817499003e-18)
(4 2.023065344e-16 -1.353489922e-17)
(4 -9.8758073e-17 2.545662427e-17)
(4 5.952527834e-17 3.2971971e-17)
(4 -9.622964879e-18 -9.470120824e-17)
(4 3.112402766e-17 1.584202847e-16)
(4 -3.725618766e-17 -7.749045599e-19)
(4 1.543495337e-17 -8.506969461e-17)
(4 1.314579713e-17 -4.304128048e-17)
(4 1.795988795e-17 2.474559522e-17)
(4 -4.896801267e-17 1.99083706e-16)
(4 -2.596142509e-16 -6.579097858e-17)
(4 7.231704512e-17 -4.457456471e-17)
(4 -1.897871665e-16 -3.583286249e-17)
(4 -3.900358826e-16 -4.353837934e-17)
(4 4.051200881e-16 1.000033316e-16)
(4 9.826321835e-18 2.051968818e-17)
(4 -4.265759289e-17 4.557768896e-17)
(4 2.013915142e-17 5.296659843e-17)
(4 -4.220641393e-16 5.963497683e-17)
(4 4.31654797e-16 6.213195575e-17)
(4 -4.774533986e-16 1.892270802e-16)
(4 8.666489729e-16 -8.409132819e-17)
(4 -8.510878527e-16 -2.531944148e-16)
(4 3.108875279e-16 1.503866247e-18)
(4 -1.241477994e-16 7.961103629e-18)
(4 -1.516952829e-16 4.465203474e-17)
(4 -7.594078881e-17 -2.754085344e-16)
(4 1.073922713e-16 -1.356481479e-16)
(4 -9.610055736e-17 2.785166043e-17)
(4 -4.707359677e-16 -2.308012531e-16)
(4 9.269554362e-16 -1.695550857e-16)
(4 -7.980466454e-16 3.388859864e-17)
(4 8.011446356e-16 2.16134462e-16)
(4 -8.743079482e-16 -1.917911487e-17)
(4 6.104278173e-16 2.263274678e-17)
(4 -3.315467492e-17 -1.809047296e-17)
(4 -2.120265019e-16 3.231338282e-17)
(4 6.050715377e-17 -3.541945621e-17)
(4 -7.660476098e-18 -7.253290842e-18)
(4 9.219350897e-17 1.065361655e-16)
(4 -1.005810718e-16 2.060541497e-16)
(4 -1.27418742e-17 -1.854262624e-16)
(4 5.063827065e-17 1.322602933e-16)
(4 1.917373488e-16 -1.373550867e-16)
(4 -6.358111934e-17 4.845244741e-19)
(4 1.245062248e-17 -4.010785902e-17)
(4 -1.027130192e-16 2.746383176e-17)
(4 6.648571625e-18 -8.51896591e-18)
(4 -9.345541958e-17 -1.615428023e-17)
(4 -1.642427559e-16 -2.957951368e-17)
(4 1.560572224e-15 4.158954008e-16)
(4 6.750727703e-15 3.45362385e-15)
(4 6.233079649e-14 2.561126881e-14)
(4 4.409959451e-13 1.752793286e-13)
(4 2.973764372e-12 1.135471276e-12)
(4 1.883784541e-11 6.893608071e-12)
(4 1.116731393e-10 3.904869809e-11)
(4.000000001 6.182581315e-10 2.0588834e-10)
(4.000000004 3.189084063e-09 1.007961807e-09)
(4.00000002 1.529560007e-08 4.572791632e-09)
(4.000000094 6.810931728e-08 1.919598949e-08)
(4.000000408 2.812900433e-07 7.449720283e-08)
(4.00000164 1.076981201e-06 2.671784647e-07)
(4.000006127 3.82274606e-06 8.85559798e-07)
(4.000021292 1.258469451e-05 2.713711934e-06)
(4.000068895 3.845386727e-05 7.693499397e-06)
(4.000207762 0.0001091711015 2.019552498e-05)
(4.000584677 0.0002883139973 4.913048423e-05)
(4.001537705 0.0007092326919 0.0001108692094)
(4.003785541 0.001627367734 0.000232279638)
(4.008738031 0.003488062146 0.0004521437095)
(4.018945045 0.006993890069 0.0008181815547)
(4.038651443 0.01313778845 0.001376745718)
(4.074342723 0.0231536554 0.002153978774)
(4.135067601 0.03833748581 0.003131270448)
(4.232255299 0.05972175717 0.004223136938)
(4.378766746 0.08764518355 0.005269407159)
(4.58707514 0.1213317112 0.006052480918)
(4.866753913 0.1586419102 0.006342712996)
(5.22177603 0.1961497609 0.005962621178)
(5.64835889 0.2296124777 0.004849238736)
(6.134090171 0.2547627149 0.003090151917)
(6.658789151 0.2682178257 0.0009161164105)
(7.197068223 0.2682341584 -0.001350671972)
(7.722038943 0.2550726082 -0.003375983812)
)
;

boundaryField
{
    left
    {
        type            dirichlet;
        value           uniform (4 0 0);
    }
    right
    {
        type            dirichlet;
        value           uniform (4 0 0);
    }
    sides
    {
        type            empty;
    }
}


// ************************************************************************* //
