/*--------------------------------*- C++ -*----------------------------------*\
| =========                 |                                                 |
| \\      /  F ield         | foam-extend: Open Source CFD                    |
|  \\    /   O peration     | Version:     4.1                                |
|   \\  /    A nd           | Web:         http://www.foam-extend.org         |
|    \\/     M anipulation  |                                                 |
\*---------------------------------------------------------------------------*/
FoamFile
{
    version     2.0;
    format      ascii;
    class       cellScalarField;
    location    "35.6";
    object      T;
}
// * * * * * * * * * * * * * * * * * * * * * * * * * * * * * * * * * * * * * //

dimensions      [0 0 0 0 1 0 0];

internalField   nonuniform 
100
(
(4 -5.703630593e-17 1.624202108e-17)
(4 -5.522257866e-17 2.69505095e-16)
(4 6.124800441e-18 1.8289543e-17)
(4 -8.486296419e-17 -3.392282232e-17)
(4 -1.67427581e-16 1.39501874e-16)
(4 -4.850943623e-16 -1.423731245e-16)
(4 6.328033086e-16 1.105939662e-17)
(4 -3.718431719e-16 -2.753230374e-17)
(4 8.04313748e-16 1.118755097e-16)
(4 -1.40929606e-15 1.375466917e-16)
(4 4.335043055e-16 -1.079286937e-17)
(4 -5.680978964e-16 -3.172887034e-17)
(4 8.319053298e-16 2.150339788e-17)
(4 -1.295053049e-16 -3.247872352e-18)
(4 9.92320221e-17 -1.67193971e-16)
(4 2.552857193e-17 3.636229842e-17)
(4 1.018543972e-16 1.583474528e-16)
(4 -2.330200111e-16 -3.842167432e-16)
(4 6.658562665e-16 2.59675885e-16)
(4 -8.800396416e-16 -1.524577691e-16)
(4 1.053107438e-15 -8.568856945e-17)
(4 -8.357862673e-16 1.836933994e-16)
(4 7.898329499e-16 2.210174545e-17)
(4 -7.980660012e-16 2.44800014e-16)
(4 4.966539971e-16 5.328226197e-17)
(4 -1.092414e-15 1.394332588e-16)
(4 6.526912046e-16 -2.285299258e-16)
(4 -3.334031491e-16 2.080306091e-16)
(4 -4.945344665e-16 1.847177812e-16)
(4 6.22217442e-16 -5.435962801e-17)
(4 2.248506219e-17 3.211489713e-16)
(4 -2.1821968e-16 2.718065238e-16)
(4 1.04935803e-16 -1.774459456e-16)
(4 -4.508730803e-16 -1.254190655e-16)
(4 7.343732503e-16 1.145446429e-16)
(4 -8.133197645e-16 -7.280630996e-17)
(4 3.62736866e-16 8.821759806e-17)
(4 -3.0328334e-16 2.977566833e-16)
(4 1.132919675e-16 -3.133866268e-17)
(4 3.055954024e-16 -2.524854821e-16)
(4 7.647290288e-17 -8.667098653e-18)
(4 -1.543928015e-16 -1.59904351e-16)
(4 1.251081171e-16 2.725694021e-17)
(4 2.258565941e-16 7.75856934e-16)
(4 1.386190837e-14 7.018850409e-15)
(4 1.442461256e-13 6.929104718e-14)
(4 1.328340862e-12 6.1041249e-13)
(4 1.144274061e-11 5.049470063e-12)
(4 9.155114755e-11 3.866765612e-11)
(4.000000001 6.780044126e-10 2.727249135e-10)
(4.000000005 4.622634966e-09 1.761048855e-09)
(4.000000034 2.885079492e-08 1.034396411e-08)
(4.0000002 1.638779716e-07 5.492184262e-08)
(4.000001078 8.428109338e-07 2.622314439e-07)
(4.000005284 3.909362207e-06 1.121908341e-06)
(4.000023445 1.63183524e-05 4.293056093e-06)
(4.000094075 6.12570903e-05 1.468779178e-05)
(4.000341554 0.000206931401 4.496099748e-05)
(4.001123735 0.0006300583033 0.0001233102333)
(4.003357981 0.001732959631 0.0003035080943)
(4.00913949 0.004317006571 0.0006715433131)
(4.022728254 0.009767435479 0.001337585823)
(4.051817859 0.02012927107 0.002400465874)
(4.108691943 0.037893513 0.003881549047)
(4.210525756 0.06534351712 0.005647663651)
(4.37795077 0.1034932059 0.007367681287)
(4.631351555 0.1509443489 0.008552498141)
(4.985282224 0.2032321118 0.008696586338)
(5.442547458 0.2532001362 0.007479340564)
(5.990230795 0.2925565737 0.00493311336)
(6.599669688 0.3141689201 0.001483545588)
(7.231000131 0.3142062776 -0.002172748466)
(7.841038585 0.293235342 -0.005301906694)
(8.391901677 0.2558484129 -0.007369307726)
(8.857589541 0.2090718941 -0.008176606403)
(9.226787258 0.1602897181 -0.007857618965)
(9.501738454 0.1154874438 -0.006763166881)
(9.694392526 0.07832106871 -0.005306300174)
(9.821595118 0.0500735554 -0.003835916419)
(9.900855407 0.03022545832 -0.002573509705)
(9.947530278 0.01725041889 -0.00161085355)
(9.973542939 0.009321734422 -0.0009445741597)
(9.987281741 0.004775884735 -0.0005206019137)
(9.994167415 0.002322969153 -0.000270442887)
(9.997446349 0.001074043196 -0.0001327371351)
(9.998931763 0.0004726390013 -6.168544894e-05)
(9.9995727 0.0001981951509 -2.719448941e-05)
(9.999836425 7.929107999e-05 -1.13933001e-05)
(9.999940022 3.029857934e-05 -4.543530681e-06)
(9.999978917 1.107063995e-05 -1.727309663e-06)
(9.99999289 3.872123474e-06 -6.268990799e-07)
(9.999997697 1.297816047e-06 -2.175003018e-07)
(9.999999283 4.172673056e-07 -7.22290219e-08)
(9.999999785 1.288223776e-07 -2.298700221e-08)
(9.999999938 3.822710938e-08 -7.019043438e-09)
(9.999999983 1.091368379e-08 -2.058656819e-09)
(9.999999995 3.000524817e-09 -5.805861929e-10)
(9.999999999 7.951420256e-10 -1.576075642e-10)
(10 2.032827274e-10 -4.122318018e-11)
(10 5.017721952e-11 -1.039641742e-11)
)
;

boundaryField
{
    left
    {
        type            dirichlet;
        value           uniform (4 0 0);
    }
    right
    {
        type            dirichlet;
        value           uniform (4 0 0);
    }
    sides
    {
        type            empty;
    }
}


// ************************************************************************* //
