1 12 133 122
11 132 133 12
121 122 133 132
2 13 134 123
12 133 134 13
122 123 134 133
3 14 135 124
13 134 135 14
123 124 135 134
4 15 136 125
14 135 136 15
124 125 136 135
5 16 137 126
15 136 137 16
125 126 137 136
6 17 138 127
16 137 138 17
126 127 138 137
7 18 139 128
17 138 139 18
127 128 139 138
8 19 140 129
18 139 140 19
128 129 140 139
9 20 141 130
19 140 141 20
129 130 141 140
20 141 142 21
130 131 142 141
12 23 144 133
22 143 144 23
132 133 144 143
13 24 145 134
23 144 145 24
133 134 145 144
14 25 146 135
24 145 146 25
134 135 146 145
15 26 147 136
25 146 147 26
135 136 147 146
16 27 148 137
26 147 148 27
136 137 148 147
17 28 149 138
27 148 149 28
137 138 149 148
18 29 150 139
28 149 150 29
138 139 150 149
19 30 151 140
29 150 151 30
139 140 151 150
20 31 152 141
30 151 152 31
140 141 152 151
31 152 153 32
141 142 153 152
23 34 155 144
33 154 155 34
143 144 155 154
24 35 156 145
34 155 156 35
144 145 156 155
25 36 157 146
35 156 157 36
145 146 157 156
26 37 158 147
36 157 158 37
146 147 158 157
27 38 159 148
37 158 159 38
147 148 159 158
28 39 160 149
38 159 160 39
148 149 160 159
29 40 161 150
39 160 161 40
149 150 161 160
30 41 162 151
40 161 162 41
150 151 162 161
31 42 163 152
41 162 163 42
151 152 163 162
42 163 164 43
152 153 164 163
34 45 166 155
44 165 166 45
154 155 166 165
35 46 167 156
45 166 167 46
155 156 167 166
36 47 168 157
46 167 168 47
156 157 168 167
37 48 169 158
47 168 169 48
157 158 169 168
38 49 170 159
48 169 170 49
158 159 170 169
39 50 171 160
49 170 171 50
159 160 171 170
40 51 172 161
50 171 172 51
160 161 172 171
41 52 173 162
51 172 173 52
161 162 173 172
42 53 174 163
52 173 174 53
162 163 174 173
53 174 175 54
163 164 175 174
45 56 177 166
55 176 177 56
165 166 177 176
46 57 178 167
56 177 178 57
166 167 178 177
47 58 179 168
57 178 179 58
167 168 179 178
48 59 180 169
58 179 180 59
168 169 180 179
49 60 181 170
59 180 181 60
169 170 181 180
50 61 182 171
60 181 182 61
170 171 182 181
51 62 183 172
61 182 183 62
171 172 183 182
52 63 184 173
62 183 184 63
172 173 184 183
53 64 185 174
63 184 185 64
173 174 185 184
64 185 186 65
174 175 186 185
56 67 188 177
66 187 188 67
176 177 188 187
57 68 189 178
67 188 189 68
177 178 189 188
58 69 190 179
68 189 190 69
178 179 190 189
59 70 191 180
69 190 191 70
179 180 191 190
60 71 192 181
70 191 192 71
180 181 192 191
61 72 193 182
71 192 193 72
181 182 193 192
62 73 194 183
72 193 194 73
182 183 194 193
63 74 195 184
73 194 195 74
183 184 195 194
64 75 196 185
74 195 196 75
184 185 196 195
75 196 197 76
185 186 197 196
67 78 199 188
77 198 199 78
187 188 199 198
68 79 200 189
78 199 200 79
188 189 200 199
69 80 201 190
79 200 201 80
189 190 201 200
70 81 202 191
80 201 202 81
190 191 202 201
71 82 203 192
81 202 203 82
191 192 203 202
72 83 204 193
82 203 204 83
192 193 204 203
73 84 205 194
83 204 205 84
193 194 205 204
74 85 206 195
84 205 206 85
194 195 206 205
75 86 207 196
85 206 207 86
195 196 207 206
86 207 208 87
196 197 208 207
78 89 210 199
88 209 210 89
198 199 210 209
79 90 211 200
89 210 211 90
199 200 211 210
80 91 212 201
90 211 212 91
200 201 212 211
81 92 213 202
91 212 213 92
201 202 213 212
82 93 214 203
92 213 214 93
202 203 214 213
83 94 215 204
93 214 215 94
203 204 215 214
84 95 216 205
94 215 216 95
204 205 216 215
85 96 217 206
95 216 217 96
205 206 217 216
86 97 218 207
96 217 218 97
206 207 218 217
97 218 219 98
207 208 219 218
89 100 221 210
99 220 221 100
209 210 221 220
90 101 222 211
100 221 222 101
210 211 222 221
91 102 223 212
101 222 223 102
211 212 223 222
92 103 224 213
102 223 224 103
212 213 224 223
93 104 225 214
103 224 225 104
213 214 225 224
94 105 226 215
104 225 226 105
214 215 226 225
95 106 227 216
105 226 227 106
215 216 227 226
96 107 228 217
106 227 228 107
216 217 228 227
97 108 229 218
107 228 229 108
217 218 229 228
108 229 230 109
218 219 230 229
100 111 232 221
220 221 232 231
101 112 233 222
221 222 233 232
102 113 234 223
222 223 234 233
103 114 235 224
223 224 235 234
104 115 236 225
224 225 236 235
105 116 237 226
225 226 237 236
106 117 238 227
226 227 238 237
107 118 239 228
227 228 239 238
108 119 240 229
228 229 240 239
229 230 241 240
122 133 254 243
132 253 254 133
242 243 254 253
123 134 255 244
133 254 255 134
243 244 255 254
124 135 256 245
134 255 256 135
244 245 256 255
125 136 257 246
135 256 257 136
245 246 257 256
126 137 258 247
136 257 258 137
246 247 258 257
127 138 259 248
137 258 259 138
247 248 259 258
128 139 260 249
138 259 260 139
248 249 260 259
129 140 261 250
139 260 261 140
249 250 261 260
130 141 262 251
140 261 262 141
250 251 262 261
141 262 263 142
251 252 263 262
133 144 265 254
143 264 265 144
253 254 265 264
134 145 266 255
144 265 266 145
254 255 266 265
135 146 267 256
145 266 267 146
255 256 267 266
136 147 268 257
146 267 268 147
256 257 268 267
137 148 269 258
147 268 269 148
257 258 269 268
138 149 270 259
148 269 270 149
258 259 270 269
139 150 271 260
149 270 271 150
259 260 271 270
140 151 272 261
150 271 272 151
260 261 272 271
141 152 273 262
151 272 273 152
261 262 273 272
152 273 274 153
262 263 274 273
144 155 276 265
154 275 276 155
264 265 276 275
145 156 277 266
155 276 277 156
265 266 277 276
146 157 278 267
156 277 278 157
266 267 278 277
147 158 279 268
157 278 279 158
267 268 279 278
148 159 280 269
158 279 280 159
268 269 280 279
149 160 281 270
159 280 281 160
269 270 281 280
150 161 282 271
160 281 282 161
270 271 282 281
151 162 283 272
161 282 283 162
271 272 283 282
152 163 284 273
162 283 284 163
272 273 284 283
163 284 285 164
273 274 285 284
155 166 287 276
165 286 287 166
275 276 287 286
156 167 288 277
166 287 288 167
276 277 288 287
157 168 289 278
167 288 289 168
277 278 289 288
158 169 290 279
168 289 290 169
278 279 290 289
159 170 291 280
169 290 291 170
279 280 291 290
160 171 292 281
170 291 292 171
280 281 292 291
161 172 293 282
171 292 293 172
281 282 293 292
162 173 294 283
172 293 294 173
282 283 294 293
163 174 295 284
173 294 295 174
283 284 295 294
174 295 296 175
284 285 296 295
166 177 298 287
176 297 298 177
286 287 298 297
167 178 299 288
177 298 299 178
287 288 299 298
168 179 300 289
178 299 300 179
288 289 300 299
169 180 301 290
179 300 301 180
289 290 301 300
170 181 302 291
180 301 302 181
290 291 302 301
171 182 303 292
181 302 303 182
291 292 303 302
172 183 304 293
182 303 304 183
292 293 304 303
173 184 305 294
183 304 305 184
293 294 305 304
174 185 306 295
184 305 306 185
294 295 306 305
185 306 307 186
295 296 307 306
177 188 309 298
187 308 309 188
297 298 309 308
178 189 310 299
188 309 310 189
298 299 310 309
179 190 311 300
189 310 311 190
299 300 311 310
180 191 312 301
190 311 312 191
300 301 312 311
181 192 313 302
191 312 313 192
301 302 313 312
182 193 314 303
192 313 314 193
302 303 314 313
183 194 315 304
193 314 315 194
303 304 315 314
184 195 316 305
194 315 316 195
304 305 316 315
185 196 317 306
195 316 317 196
305 306 317 316
196 317 318 197
306 307 318 317
188 199 320 309
198 319 320 199
308 309 320 319
189 200 321 310
199 320 321 200
309 310 321 320
190 201 322 311
200 321 322 201
310 311 322 321
191 202 323 312
201 322 323 202
311 312 323 322
192 203 324 313
202 323 324 203
312 313 324 323
193 204 325 314
203 324 325 204
313 314 325 324
194 205 326 315
204 325 326 205
314 315 326 325
195 206 327 316
205 326 327 206
315 316 327 326
196 207 328 317
206 327 328 207
316 317 328 327
207 328 329 208
317 318 329 328
199 210 331 320
209 330 331 210
319 320 331 330
200 211 332 321
210 331 332 211
320 321 332 331
201 212 333 322
211 332 333 212
321 322 333 332
202 213 334 323
212 333 334 213
322 323 334 333
203 214 335 324
213 334 335 214
323 324 335 334
204 215 336 325
214 335 336 215
324 325 336 335
205 216 337 326
215 336 337 216
325 326 337 336
206 217 338 327
216 337 338 217
326 327 338 337
207 218 339 328
217 338 339 218
327 328 339 338
218 339 340 219
328 329 340 339
210 221 342 331
220 341 342 221
330 331 342 341
211 222 343 332
221 342 343 222
331 332 343 342
212 223 344 333
222 343 344 223
332 333 344 343
213 224 345 334
223 344 345 224
333 334 345 344
214 225 346 335
224 345 346 225
334 335 346 345
215 226 347 336
225 346 347 226
335 336 347 346
216 227 348 337
226 347 348 227
336 337 348 347
217 228 349 338
227 348 349 228
337 338 349 348
218 229 350 339
228 349 350 229
338 339 350 349
229 350 351 230
339 340 351 350
221 232 353 342
341 342 353 352
222 233 354 343
342 343 354 353
223 234 355 344
343 344 355 354
224 235 356 345
344 345 356 355
225 236 357 346
345 346 357 356
226 237 358 347
346 347 358 357
227 238 359 348
347 348 359 358
228 239 360 349
348 349 360 359
229 240 361 350
349 350 361 360
350 351 362 361
243 254 375 364
253 374 375 254
363 364 375 374
244 255 376 365
254 375 376 255
364 365 376 375
245 256 377 366
255 376 377 256
365 366 377 376
246 257 378 367
256 377 378 257
366 367 378 377
247 258 379 368
257 378 379 258
367 368 379 378
248 259 380 369
258 379 380 259
368 369 380 379
249 260 381 370
259 380 381 260
369 370 381 380
250 261 382 371
260 381 382 261
370 371 382 381
251 262 383 372
261 382 383 262
371 372 383 382
262 383 384 263
372 373 384 383
254 265 386 375
264 385 386 265
374 375 386 385
255 266 387 376
265 386 387 266
375 376 387 386
256 267 388 377
266 387 388 267
376 377 388 387
257 268 389 378
267 388 389 268
377 378 389 388
258 269 390 379
268 389 390 269
378 379 390 389
259 270 391 380
269 390 391 270
379 380 391 390
260 271 392 381
270 391 392 271
380 381 392 391
261 272 393 382
271 392 393 272
381 382 393 392
262 273 394 383
272 393 394 273
382 383 394 393
273 394 395 274
383 384 395 394
265 276 397 386
275 396 397 276
385 386 397 396
266 277 398 387
276 397 398 277
386 387 398 397
267 278 399 388
277 398 399 278
387 388 399 398
268 279 400 389
278 399 400 279
388 389 400 399
269 280 401 390
279 400 401 280
389 390 401 400
270 281 402 391
280 401 402 281
390 391 402 401
271 282 403 392
281 402 403 282
391 392 403 402
272 283 404 393
282 403 404 283
392 393 404 403
273 284 405 394
283 404 405 284
393 394 405 404
284 405 406 285
394 395 406 405
276 287 408 397
286 407 408 287
396 397 408 407
277 288 409 398
287 408 409 288
397 398 409 408
278 289 410 399
288 409 410 289
398 399 410 409
279 290 411 400
289 410 411 290
399 400 411 410
280 291 412 401
290 411 412 291
400 401 412 411
281 292 413 402
291 412 413 292
401 402 413 412
282 293 414 403
292 413 414 293
402 403 414 413
283 294 415 404
293 414 415 294
403 404 415 414
284 295 416 405
294 415 416 295
404 405 416 415
295 416 417 296
405 406 417 416
287 298 419 408
297 418 419 298
407 408 419 418
288 299 420 409
298 419 420 299
408 409 420 419
289 300 421 410
299 420 421 300
409 410 421 420
290 301 422 411
300 421 422 301
410 411 422 421
291 302 423 412
301 422 423 302
411 412 423 422
292 303 424 413
302 423 424 303
412 413 424 423
293 304 425 414
303 424 425 304
413 414 425 424
294 305 426 415
304 425 426 305
414 415 426 425
295 306 427 416
305 426 427 306
415 416 427 426
306 427 428 307
416 417 428 427
298 309 430 419
308 429 430 309
418 419 430 429
299 310 431 420
309 430 431 310
419 420 431 430
300 311 432 421
310 431 432 311
420 421 432 431
301 312 433 422
311 432 433 312
421 422 433 432
302 313 434 423
312 433 434 313
422 423 434 433
303 314 435 424
313 434 435 314
423 424 435 434
304 315 436 425
314 435 436 315
424 425 436 435
305 316 437 426
315 436 437 316
425 426 437 436
306 317 438 427
316 437 438 317
426 427 438 437
317 438 439 318
427 428 439 438
309 320 441 430
319 440 441 320
429 430 441 440
310 321 442 431
320 441 442 321
430 431 442 441
311 322 443 432
321 442 443 322
431 432 443 442
312 323 444 433
322 443 444 323
432 433 444 443
313 324 445 434
323 444 445 324
433 434 445 444
314 325 446 435
324 445 446 325
434 435 446 445
315 326 447 436
325 446 447 326
435 436 447 446
316 327 448 437
326 447 448 327
436 437 448 447
317 328 449 438
327 448 449 328
437 438 449 448
328 449 450 329
438 439 450 449
320 331 452 441
330 451 452 331
440 441 452 451
321 332 453 442
331 452 453 332
441 442 453 452
322 333 454 443
332 453 454 333
442 443 454 453
323 334 455 444
333 454 455 334
443 444 455 454
324 335 456 445
334 455 456 335
444 445 456 455
325 336 457 446
335 456 457 336
445 446 457 456
326 337 458 447
336 457 458 337
446 447 458 457
327 338 459 448
337 458 459 338
447 448 459 458
328 339 460 449
338 459 460 339
448 449 460 459
339 460 461 340
449 450 461 460
331 342 463 452
341 462 463 342
451 452 463 462
332 343 464 453
342 463 464 343
452 453 464 463
333 344 465 454
343 464 465 344
453 454 465 464
334 345 466 455
344 465 466 345
454 455 466 465
335 346 467 456
345 466 467 346
455 456 467 466
336 347 468 457
346 467 468 347
456 457 468 467
337 348 469 458
347 468 469 348
457 458 469 468
338 349 470 459
348 469 470 349
458 459 470 469
339 350 471 460
349 470 471 350
459 460 471 470
350 471 472 351
460 461 472 471
342 353 474 463
462 463 474 473
343 354 475 464
463 464 475 474
344 355 476 465
464 465 476 475
345 356 477 466
465 466 477 476
346 357 478 467
466 467 478 477
347 358 479 468
467 468 479 478
348 359 480 469
468 469 480 479
349 360 481 470
469 470 481 480
350 361 482 471
470 471 482 481
471 472 483 482
364 375 496 485
374 495 496 375
365 376 497 486
375 496 497 376
366 377 498 487
376 497 498 377
367 378 499 488
377 498 499 378
368 379 500 489
378 499 500 379
369 380 501 490
379 500 501 380
370 381 502 491
380 501 502 381
371 382 503 492
381 502 503 382
372 383 504 493
382 503 504 383
383 504 505 384
375 386 507 496
385 506 507 386
376 387 508 497
386 507 508 387
377 388 509 498
387 508 509 388
378 389 510 499
388 509 510 389
379 390 511 500
389 510 511 390
380 391 512 501
390 511 512 391
381 392 513 502
391 512 513 392
382 393 514 503
392 513 514 393
383 394 515 504
393 514 515 394
394 515 516 395
386 397 518 507
396 517 518 397
387 398 519 508
397 518 519 398
388 399 520 509
398 519 520 399
389 400 521 510
399 520 521 400
390 401 522 511
400 521 522 401
391 402 523 512
401 522 523 402
392 403 524 513
402 523 524 403
393 404 525 514
403 524 525 404
394 405 526 515
404 525 526 405
405 526 527 406
397 408 529 518
407 528 529 408
398 409 530 519
408 529 530 409
399 410 531 520
409 530 531 410
400 411 532 521
410 531 532 411
401 412 533 522
411 532 533 412
402 413 534 523
412 533 534 413
403 414 535 524
413 534 535 414
404 415 536 525
414 535 536 415
405 416 537 526
415 536 537 416
416 537 538 417
408 419 540 529
418 539 540 419
409 420 541 530
419 540 541 420
410 421 542 531
420 541 542 421
411 422 543 532
421 542 543 422
412 423 544 533
422 543 544 423
413 424 545 534
423 544 545 424
414 425 546 535
424 545 546 425
415 426 547 536
425 546 547 426
416 427 548 537
426 547 548 427
427 548 549 428
419 430 551 540
429 550 551 430
420 431 552 541
430 551 552 431
421 432 553 542
431 552 553 432
422 433 554 543
432 553 554 433
423 434 555 544
433 554 555 434
424 435 556 545
434 555 556 435
425 436 557 546
435 556 557 436
426 437 558 547
436 557 558 437
427 438 559 548
437 558 559 438
438 559 560 439
430 441 562 551
440 561 562 441
431 442 563 552
441 562 563 442
432 443 564 553
442 563 564 443
433 444 565 554
443 564 565 444
434 445 566 555
444 565 566 445
435 446 567 556
445 566 567 446
436 447 568 557
446 567 568 447
437 448 569 558
447 568 569 448
438 449 570 559
448 569 570 449
449 570 571 450
441 452 573 562
451 572 573 452
442 453 574 563
452 573 574 453
443 454 575 564
453 574 575 454
444 455 576 565
454 575 576 455
445 456 577 566
455 576 577 456
446 457 578 567
456 577 578 457
447 458 579 568
457 578 579 458
448 459 580 569
458 579 580 459
449 460 581 570
459 580 581 460
460 581 582 461
452 463 584 573
462 583 584 463
453 464 585 574
463 584 585 464
454 465 586 575
464 585 586 465
455 466 587 576
465 586 587 466
456 467 588 577
466 587 588 467
457 468 589 578
467 588 589 468
458 469 590 579
468 589 590 469
459 470 591 580
469 590 591 470
460 471 592 581
470 591 592 471
471 592 593 472
463 474 595 584
464 475 596 585
465 476 597 586
466 477 598 587
467 478 599 588
468 479 600 589
469 480 601 590
470 481 602 591
471 482 603 592
0 121 132 11
11 132 143 22
22 143 154 33
33 154 165 44
44 165 176 55
55 176 187 66
66 187 198 77
77 198 209 88
88 209 220 99
99 220 231 110
121 242 253 132
132 253 264 143
143 264 275 154
154 275 286 165
165 286 297 176
176 297 308 187
187 308 319 198
198 319 330 209
209 330 341 220
220 341 352 231
242 363 374 253
253 374 385 264
264 385 396 275
275 396 407 286
286 407 418 297
297 418 429 308
308 429 440 319
319 440 451 330
330 451 462 341
341 462 473 352
363 484 495 374
374 495 506 385
385 506 517 396
396 517 528 407
407 528 539 418
418 539 550 429
429 550 561 440
440 561 572 451
451 572 583 462
462 583 594 473
10 21 142 131
21 32 153 142
32 43 164 153
43 54 175 164
54 65 186 175
65 76 197 186
76 87 208 197
87 98 219 208
98 109 230 219
109 120 241 230
131 142 263 252
142 153 274 263
153 164 285 274
164 175 296 285
175 186 307 296
186 197 318 307
197 208 329 318
208 219 340 329
219 230 351 340
230 241 362 351
252 263 384 373
263 274 395 384
274 285 406 395
285 296 417 406
296 307 428 417
307 318 439 428
318 329 450 439
329 340 461 450
340 351 472 461
351 362 483 472
373 384 505 494
384 395 516 505
395 406 527 516
406 417 538 527
417 428 549 538
428 439 560 549
439 450 571 560
450 461 582 571
461 472 593 582
472 483 604 593
0 1 122 121
121 122 243 242
242 243 364 363
363 364 485 484
1 2 123 122
122 123 244 243
243 244 365 364
364 365 486 485
2 3 124 123
123 124 245 244
244 245 366 365
365 366 487 486
3 4 125 124
124 125 246 245
245 246 367 366
366 367 488 487
4 5 126 125
125 126 247 246
246 247 368 367
367 368 489 488
5 6 127 126
126 127 248 247
247 248 369 368
368 369 490 489
6 7 128 127
127 128 249 248
248 249 370 369
369 370 491 490
7 8 129 128
128 129 250 249
249 250 371 370
370 371 492 491
8 9 130 129
129 130 251 250
250 251 372 371
371 372 493 492
9 10 131 130
130 131 252 251
251 252 373 372
372 373 494 493
110 231 232 111
231 352 353 232
352 473 474 353
473 594 595 474
111 232 233 112
232 353 354 233
353 474 475 354
474 595 596 475
112 233 234 113
233 354 355 234
354 475 476 355
475 596 597 476
113 234 235 114
234 355 356 235
355 476 477 356
476 597 598 477
114 235 236 115
235 356 357 236
356 477 478 357
477 598 599 478
115 236 237 116
236 357 358 237
357 478 479 358
478 599 600 479
116 237 238 117
237 358 359 238
358 479 480 359
479 600 601 480
117 238 239 118
238 359 360 239
359 480 481 360
480 601 602 481
118 239 240 119
239 360 361 240
360 481 482 361
481 602 603 482
119 240 241 120
240 361 362 241
361 482 483 362
482 603 604 483
0 11 12 1
11 22 23 12
22 33 34 23
33 44 45 34
44 55 56 45
55 66 67 56
66 77 78 67
77 88 89 78
88 99 100 89
99 110 111 100
1 12 13 2
12 23 24 13
23 34 35 24
34 45 46 35
45 56 57 46
56 67 68 57
67 78 79 68
78 89 90 79
89 100 101 90
100 111 112 101
2 13 14 3
13 24 25 14
24 35 36 25
35 46 47 36
46 57 58 47
57 68 69 58
68 79 80 69
79 90 91 80
90 101 102 91
101 112 113 102
3 14 15 4
14 25 26 15
25 36 37 26
36 47 48 37
47 58 59 48
58 69 70 59
69 80 81 70
80 91 92 81
91 102 103 92
102 113 114 103
4 15 16 5
15 26 27 16
26 37 38 27
37 48 49 38
48 59 60 49
59 70 71 60
70 81 82 71
81 92 93 82
92 103 104 93
103 114 115 104
5 16 17 6
16 27 28 17
27 38 39 28
38 49 50 39
49 60 61 50
60 71 72 61
71 82 83 72
82 93 94 83
93 104 105 94
104 115 116 105
6 17 18 7
17 28 29 18
28 39 40 29
39 50 51 40
50 61 62 51
61 72 73 62
72 83 84 73
83 94 95 84
94 105 106 95
105 116 117 106
7 18 19 8
18 29 30 19
29 40 41 30
40 51 52 41
51 62 63 52
62 73 74 63
73 84 85 74
84 95 96 85
95 106 107 96
106 117 118 107
8 19 20 9
19 30 31 20
30 41 42 31
41 52 53 42
52 63 64 53
63 74 75 64
74 85 86 75
85 96 97 86
96 107 108 97
107 118 119 108
9 20 21 10
20 31 32 21
31 42 43 32
42 53 54 43
53 64 65 54
64 75 76 65
75 86 87 76
86 97 98 87
97 108 109 98
108 119 120 109
484 485 496 495
495 496 507 506
506 507 518 517
517 518 529 528
528 529 540 539
539 540 551 550
550 551 562 561
561 562 573 572
572 573 584 583
583 584 595 594
485 486 497 496
496 497 508 507
507 508 519 518
518 519 530 529
529 530 541 540
540 541 552 551
551 552 563 562
562 563 574 573
573 574 585 584
584 585 596 595
486 487 498 497
497 498 509 508
508 509 520 519
519 520 531 530
530 531 542 541
541 542 553 552
552 553 564 563
563 564 575 574
574 575 586 585
585 586 597 596
487 488 499 498
498 499 510 509
509 510 521 520
520 521 532 531
531 532 543 542
542 543 554 553
553 554 565 564
564 565 576 575
575 576 587 586
586 587 598 597
488 489 500 499
499 500 511 510
510 511 522 521
521 522 533 532
532 533 544 543
543 544 555 554
554 555 566 565
565 566 577 576
576 577 588 587
587 588 599 598
489 490 501 500
500 501 512 511
511 512 523 522
522 523 534 533
533 534 545 544
544 545 556 555
555 556 567 566
566 567 578 577
577 578 589 588
588 589 600 599
490 491 502 501
501 502 513 512
512 513 524 523
523 524 535 534
534 535 546 545
545 546 557 556
556 557 568 567
567 568 579 578
578 579 590 589
589 590 601 600
491 492 503 502
502 503 514 513
513 514 525 524
524 525 536 535
535 536 547 546
546 547 558 557
557 558 569 568
568 569 580 579
579 580 591 590
590 591 602 601
492 493 504 503
503 504 515 514
514 515 526 525
525 526 537 536
536 537 548 547
547 548 559 558
558 559 570 569
569 570 581 580
580 581 592 591
591 592 603 602
493 494 505 504
504 505 516 515
515 516 527 526
526 527 538 537
537 538 549 548
548 549 560 559
559 560 571 570
570 571 582 581
581 582 593 592
592 593 604 603
