/*--------------------------------*- C++ -*----------------------------------*\
| =========                 |                                                 |
| \\      /  F ield         | foam-extend: Open Source CFD                    |
|  \\    /   O peration     | Version:     4.1                                |
|   \\  /    A nd           | Web:         http://www.foam-extend.org         |
|    \\/     M anipulation  |                                                 |
\*---------------------------------------------------------------------------*/
FoamFile
{
    version     2.0;
    format      ascii;
    class       cellScalarField;
    location    "29.6";
    object      T;
}
// * * * * * * * * * * * * * * * * * * * * * * * * * * * * * * * * * * * * * //

dimensions      [0 0 0 0 1 0 0];

internalField   nonuniform 
100
(
(4 -5.703630593e-17 1.624202108e-17)
(4 4.475095786e-17 -9.139498425e-17)
(4 3.62344773e-17 -5.697767699e-19)
(4 -3.27466619e-16 -1.007140101e-16)
(4 9.096164421e-17 -6.353575823e-18)
(4 -4.255794736e-16 -1.174032625e-16)
(4 3.548760361e-16 -1.076817156e-16)
(4 -1.800824854e-16 1.176541801e-16)
(4 3.206401218e-16 2.187085287e-16)
(4 -1.324264781e-15 -1.64303229e-16)
(4 3.738847539e-17 -1.392587385e-17)
(4 4.854143385e-16 -4.802897154e-17)
(4 4.830186616e-16 -7.157731134e-18)
(4 -1.145299475e-16 1.029701472e-16)
(4 -8.430851722e-17 -3.438110441e-17)
(4 -1.918823596e-16 -1.997905694e-18)
(4 -4.353184924e-18 -5.114976298e-17)
(4 -1.220767674e-16 -6.106440524e-17)
(4 -1.191043957e-16 -1.814623606e-16)
(4 -7.9356845e-17 -3.596615254e-17)
(4 -1.681423699e-16 -1.022025177e-16)
(4 6.693579106e-17 -1.293062023e-17)
(4 -8.94732601e-17 3.674665546e-16)
(4 -4.382451382e-17 2.902294976e-16)
(4 -1.194349467e-16 1.629224048e-17)
(4 5.787994879e-16 1.041865054e-16)
(4 -9.16615718e-16 1.66372159e-16)
(4 9.273513766e-16 1.205435108e-16)
(4 -1.452263958e-15 -6.238937071e-17)
(4 1.266598637e-15 -5.532147478e-17)
(4 -5.067008092e-16 2.032770911e-16)
(4 2.386939285e-16 6.539814988e-17)
(4 1.390148317e-16 -8.575809768e-17)
(4 -5.786021267e-16 2.485212188e-16)
(4 6.43128933e-15 3.862387548e-15)
(4 7.923478607e-14 4.201374466e-14)
(4 8.781021935e-13 4.410732401e-13)
(4 8.950337878e-12 4.338043061e-12)
(4 8.472999922e-11 3.936238308e-11)
(4.000000001 7.393627432e-10 3.274807021e-10)
(4.000000006 5.91025858e-09 2.481361733e-09)
(4.000000047 4.298966185e-08 1.698447224e-08)
(4.000000322 2.821792745e-07 1.039500268e-07)
(4.000001983 1.655755847e-06 5.628793379e-07)
(4.000010937 8.611623518e-06 2.674145119e-06)
(4.000053605 3.94710958e-05 1.109161907e-05)
(4.000232854 0.0001590279341 4.009738071e-05)
(4.000896211 0.0005633333398 0.0001264234658)
(4.003061938 0.001758327047 0.0003483234587)
(4.009317203 0.004852163982 0.0008407097753)
(4.025358169 0.01188505414 0.001781610974)
(4.062025147 0.02594966636 0.003320190243)
(4.137039266 0.05071902141 0.00544234977)
(4.274943233 0.08910768657 0.007830163066)
(4.50364071 0.1412818283 0.009826984261)
(4.847045419 0.2029171284 0.01060439206)
(5.315576633 0.264945734 0.009511449164)
(5.898354371 0.3155427151 0.006436764488)
(6.561280581 0.3438723991 0.001956451762)
(7.252979321 0.3439326186 -0.002851244105)
(7.91684768 0.3166035961 -0.00683678518)
(8.504501526 0.2689622103 -0.009217630077)
(8.985496713 0.2114019924 -0.009801503913)
(9.350412824 0.1541086681 -0.008924826414)
(9.607621497 0.1044374403 -0.007201042628)
(9.776425702 0.06594243518 -0.005243113389)
(9.879799929 0.0388761291 -0.003484084308)
(9.938992019 0.02144393371 -0.002129506927)
(9.970745845 0.01108895761 -0.0012041626)
(9.986735463 0.005386081896 -0.0006328536123)
(9.994307114 0.002461807415 -0.0003103016704)
(9.99768487 0.001060744046 -0.0001424098346)
(9.999106877 0.0004316126347 -6.134955294e-05)
(9.999672775 0.0001661241377 -2.487197984e-05)
(9.999886001 6.058036998e-05 -9.511507741e-06)
(9.999962191 2.096407604e-05 -3.438441929e-06)
(9.999988048 6.894892483e-06 -1.177377622e-06)
(9.999996394 2.158393441e-06 -3.825830798e-07)
(9.999998961 6.440344623e-07 -1.181841848e-07)
(9.999999713 1.834291122e-07 -3.476513276e-08)
(9.999999924 4.993385449e-08 -9.753732273e-09)
(9.999999981 1.300944252e-08 -2.613963916e-09)
(9.999999995 3.247958738e-09 -6.701319299e-10)
(9.999999999 7.78011963e-10 -1.645713006e-10)
(10 1.790219063e-10 -3.876855522e-11)
(10 3.961176618e-11 -8.769603928e-12)
(10 8.441881112e-12 -1.909138195e-12)
(10 1.730821884e-12 -3.987077825e-13)
(10 3.453567133e-13 -8.109650897e-14)
(10 6.241524751e-14 -1.659053975e-14)
(10 1.511068013e-14 -2.387375314e-15)
(10 3.304266052e-15 -1.766884065e-15)
(10 -1.724849714e-16 -3.222628401e-16)
(10 2.858311238e-16 2.288995568e-16)
(10 -3.697392822e-16 2.522138582e-16)
(10 -9.662993672e-18 -1.115588112e-16)
(10 -4.976813606e-17 -1.617456699e-17)
(10 -3.805469343e-17 -2.746833023e-16)
(10 -7.886435694e-17 -3.794594954e-16)
(10 -3.67889357e-16 2.779960504e-15)
)
;

boundaryField
{
    left
    {
        type            dirichlet;
        value           uniform (4 0 0);
    }
    right
    {
        type            dirichlet;
        value           uniform (4 0 0);
    }
    sides
    {
        type            empty;
    }
}


// ************************************************************************* //
