/*--------------------------------*- C++ -*----------------------------------*\
| =========                 |                                                 |
| \\      /  F ield         | foam-extend: Open Source CFD                    |
|  \\    /   O peration     | Version:     4.1                                |
|   \\  /    A nd           | Web:         http://www.foam-extend.org         |
|    \\/     M anipulation  |                                                 |
\*---------------------------------------------------------------------------*/
FoamFile
{
    version     2.0;
    format      ascii;
    class       cellScalarField;
    location    "38.5";
    object      T;
}
// * * * * * * * * * * * * * * * * * * * * * * * * * * * * * * * * * * * * * //

dimensions      [0 0 0 0 1 0 0];

internalField   nonuniform 
100
(
(4 -5.703630593e-17 1.624202108e-17)
(4 -1.295375239e-16 1.820109877e-16)
(4 -1.262192754e-16 1.707096931e-16)
(4 1.599512725e-16 -7.738613028e-17)
(4 1.085913882e-16 -1.774447868e-17)
(4 -1.574761099e-16 1.835737908e-16)
(4 1.588870854e-16 2.195561966e-16)
(4 -4.24396292e-16 1.211016708e-16)
(4 8.65317525e-16 4.878411606e-17)
(4 -1.581228158e-15 -6.199318484e-17)
(4 1.532670665e-16 -1.471302753e-16)
(4 4.395380186e-16 1.437336004e-17)
(4 5.82780496e-16 7.608227948e-17)
(4 -2.30093252e-16 -2.015496791e-16)
(4 3.380105307e-16 -6.186417867e-17)
(4 -2.603445515e-16 -7.702037196e-17)
(4 3.503126174e-16 1.98188103e-18)
(4 -9.109882952e-17 -2.146789498e-16)
(4 7.690898607e-17 -6.344822274e-17)
(4 1.354789914e-17 -1.344393871e-16)
(4 -3.12327266e-17 -9.805414246e-17)
(4 -6.750466193e-17 1.570965957e-16)
(4 7.775726776e-17 -1.032429575e-16)
(4 -1.742199681e-17 -1.745277987e-16)
(4 8.087660252e-16 1.740833444e-16)
(4 -8.845586682e-16 5.967245983e-17)
(4 7.679075305e-16 -8.597504556e-17)
(4 -9.748557083e-16 1.568260413e-16)
(4 4.991278603e-16 -6.207622835e-17)
(4 -4.063247262e-16 -8.46136456e-17)
(4 6.884313726e-16 -6.289722072e-17)
(4 -6.683946853e-16 -3.427746635e-16)
(4 6.59038381e-16 6.829647867e-17)
(4 -1.328025624e-15 -2.857580505e-16)
(4 1.325932086e-15 4.370796597e-17)
(4 -6.183975291e-16 1.729173982e-17)
(4 1.075191625e-15 -2.988192924e-17)
(4 -1.010946719e-15 1.569205569e-16)
(4 7.494378135e-16 9.646875463e-17)
(4 -7.025211747e-17 1.889506091e-16)
(4 -1.720737062e-16 2.884202503e-16)
(4 5.761719319e-17 -2.488530041e-17)
(4 -2.68779946e-17 -5.204233118e-18)
(4 -4.058558098e-17 -1.131006398e-16)
(4 -4.581431814e-16 1.362862802e-16)
(4 9.14650482e-16 -1.693572668e-16)
(4 -7.082814254e-16 -4.371844152e-17)
(4 6.464878486e-16 -4.064048734e-17)
(4 -4.217169899e-16 1.534238003e-15)
(4 2.646182072e-14 1.248637654e-14)
(4 2.382887137e-13 1.089417296e-13)
(4 2.033775289e-12 8.913867891e-13)
(4 1.612394602e-11 6.785163725e-12)
(4 1.190093544e-10 4.788049182e-11)
(4.000000001 8.140786708e-10 3.116206048e-10)
(4.000000006 5.135667366e-09 1.860693929e-09)
(4.000000036 2.973653295e-08 1.014002775e-08)
(4.000000198 1.573281991e-07 5.020146423e-08)
(4.000001004 7.578223566e-07 2.249993279e-07)
(4.000004636 3.315119868e-06 9.109098672e-07)
(4.000019517 1.315436953e-05 3.327987753e-06)
(4.000074874 4.734122108e-05 1.097299002e-05)
(4.000261967 0.0001546547865 3.267735262e-05)
(4.00083715 0.0004592917763 8.800027137e-05)
(4.002448379 0.001242392749 0.0002146157874)
(4.006569352 0.003067882442 0.0004746823218)
(4.016214385 0.00693198509 0.0009533409484)
(4.036919589 0.01436714405 0.001740089956)
(4.077784196 0.0273798204 0.002887238746)
(4.152106169 0.04809200069 0.004351937095)
(4.27695271 0.07803741361 0.005946070496)
(4.471078017 0.1172442021 0.00733006662)
(4.751077232 0.1634449023 0.008078463472)
(5.126471133 0.2118543953 0.007812776428)
(5.59520251 0.255827039 0.006355002192)
(6.141315817 0.2883490978 0.003830322554)
(6.736080547 0.3039062441 0.0006615947957)
(7.342623027 0.3000285731 -0.002551896525)
(7.922786858 0.2779138479 -0.005221487373)
(8.444107926 0.2419226611 -0.006941550471)
(8.884856324 0.1982118132 -0.007579882269)
(9.235970511 0.1530778895 -0.007263722487)
(9.499905465 0.1115953074 -0.00628728751)
(9.687376449 0.07690054123 -0.004992694375)
(9.813367008 0.05015828356 -0.003672481383)
(9.893584429 0.03100610677 -0.002518785182)
(9.942031675 0.01818810701 -0.001618534241)
(9.969820246 0.0101365886 -0.0009780801247)
(9.984975813 0.005373701215 -0.0005575244195)
(9.992844187 0.002712887103 -0.0003005345262)
(9.996737233 0.001305726348 -0.0001535391604)
(9.998574861 0.0005998019457 -7.448692373e-05)
(9.999403279 0.000263244763 -3.437429642e-05)
(9.999760318 0.0001104986904 -1.511370214e-05)
(9.99990758 4.440565928e-05 -6.34057007e-06)
(9.999965764 1.71013719e-05 -2.541556551e-06)
(9.999987807 6.317603933e-06 -9.746363338e-07)
(9.999995822 2.240836202e-06 -3.580002268e-07)
(9.999998622 7.638392122e-07 -1.261019763e-07)
(9.999999562 2.504473353e-07 -4.264175888e-08)
)
;

boundaryField
{
    left
    {
        type            dirichlet;
        value           uniform (4 0 0);
    }
    right
    {
        type            dirichlet;
        value           uniform (4 0 0);
    }
    sides
    {
        type            empty;
    }
}


// ************************************************************************* //
