/*--------------------------------*- C++ -*----------------------------------*\
| =========                 |                                                 |
| \\      /  F ield         | foam-extend: Open Source CFD                    |
|  \\    /   O peration     | Version:     4.1                                |
|   \\  /    A nd           | Web:         http://www.foam-extend.org         |
|    \\/     M anipulation  |                                                 |
\*---------------------------------------------------------------------------*/
FoamFile
{
    version     2.0;
    format      ascii;
    class       cellScalarField;
    location    "37.1";
    object      T;
}
// * * * * * * * * * * * * * * * * * * * * * * * * * * * * * * * * * * * * * //

dimensions      [0 0 0 0 1 0 0];

internalField   nonuniform 
100
(
(4 -5.703630593e-17 1.624202108e-17)
(4 -1.795992517e-16 3.351444453e-17)
(4 -5.131646794e-17 9.623144813e-17)
(4 -2.130255303e-16 -3.724515456e-17)
(4 -1.899009651e-16 -1.785486404e-17)
(4 -3.04020801e-16 1.792295527e-16)
(4 2.980215593e-16 1.473098234e-16)
(4 -5.461627289e-16 5.836848259e-17)
(4 1.075663008e-15 -7.643918577e-17)
(4 -1.410976122e-15 -3.96075512e-17)
(4 3.157616334e-16 1.783735791e-16)
(4 -5.409999662e-16 7.901691407e-17)
(4 1.277996249e-15 -2.88691642e-16)
(4 -4.326970986e-16 2.676826542e-16)
(4 3.142490607e-16 1.304319426e-16)
(4 -4.741324392e-16 1.70179792e-16)
(4 2.245892833e-16 7.251619329e-17)
(4 -4.078628914e-16 -1.14888717e-16)
(4 8.097818363e-16 3.15058042e-17)
(4 -8.528416448e-16 -1.052256716e-16)
(4 6.912596287e-16 -2.531103145e-16)
(4 -5.215148618e-16 2.191253975e-16)
(4 6.395267622e-17 -1.088138854e-16)
(4 1.530013943e-17 1.553582433e-16)
(4 3.443387639e-17 -1.608717449e-16)
(4 -2.542348467e-17 -2.102721251e-19)
(4 5.265440701e-16 6.399961056e-17)
(4 -7.402777992e-16 2.855730417e-17)
(4 3.732691365e-16 2.852179402e-17)
(4 -4.236565797e-16 -9.903062212e-17)
(4 8.032236625e-16 -7.928298288e-17)
(4 -8.970655438e-16 -6.030761811e-17)
(4 7.583159736e-16 -1.003952576e-16)
(4 -1.298554109e-15 9.974034406e-17)
(4 9.339949966e-16 -1.267636276e-16)
(4 -8.289469251e-16 -3.463903422e-19)
(4 5.333361711e-16 -1.277714977e-16)
(4 -3.921362348e-16 2.085891128e-16)
(4 1.962442817e-16 1.264401604e-16)
(4 1.510375833e-16 -4.770894018e-18)
(4 -5.335975168e-17 -1.420227407e-16)
(4 -5.523910509e-17 3.780455901e-17)
(4 -9.628860666e-17 1.693941078e-16)
(4 -3.7931276e-17 -1.446415674e-16)
(4 -4.253391229e-16 1.373372063e-16)
(4 8.724202102e-16 5.287247241e-17)
(4 3.322387662e-15 2.858615384e-15)
(4 5.079060231e-14 2.414772173e-14)
(4 4.707656821e-13 2.161327691e-13)
(4 4.04700215e-12 1.784537368e-12)
(4 3.237774875e-11 1.369149532e-11)
(4 2.406367011e-10 9.713359226e-11)
(4.000000002 1.652825765e-09 6.336632765e-10)
(4.000000012 1.04377726e-08 3.779251148e-09)
(4.000000073 6.028679246e-08 2.048898707e-08)
(4.000000401 3.169306779e-07 1.004713712e-07)
(4.000002012 1.510644356e-06 4.439958215e-07)
(4.000009183 6.512299038e-06 1.764373886e-06)
(4.000038059 2.536364338e-05 6.299939229e-06)
(4.000143266 8.926102935e-05 2.021821298e-05)
(4.0004903 0.0002841644157 5.837863057e-05)
(4.001528253 0.0008198112847 0.00015187697)
(4.004348757 0.002148142435 0.0003565649195)
(4.011328167 0.005125016834 0.0007565444061)
(4.027094296 0.0111619622 0.00145239454)
(4.059688852 0.02225059406 0.002524389957)
(4.121515662 0.04070320973 0.003971394207)
(4.229385189 0.06850205729 0.005646114326)
(4.402908678 0.1063239798 0.007226248525)
(4.660876515 0.1525578598 0.008261016345)
(5.016091203 0.2028119845 0.008302532482)
(5.470099716 0.2503486865 0.007081433285)
(6.009827296 0.2875313559 0.004646935283)
(6.60779024 0.3078714118 0.001394533831)
(7.226345074 0.307904995 -0.002044391058)
(7.824849808 0.2881453799 -0.005006242693)
(8.367464851 0.2527588098 -0.007001087392)
(8.829176475 0.2081723293 -0.007834942679)
(9.198491545 0.1612339559 -0.007611783367)
(9.476615002 0.1176186088 -0.006637963639)
(9.674100947 0.08093328148 -0.005287776915)
(9.806509045 0.05260578086 -0.003888725693)
(9.890450057 0.03234433644 -0.002659110674)
(9.940834657 0.01883673898 -0.001699463559)
(9.969506154 0.01040452821 -0.001019222035)
(9.984993622 0.005457555015 -0.0005754503105)
(9.992944607 0.002721868371 -0.0003066913261)
(9.996828705 0.001292256769 -0.0001546537162)
(9.998636266 0.0005847209394 -7.393936515e-05)
(9.999438535 0.000252440327 -3.357749397e-05)
(9.999778514 0.0001041018612 -1.450801795e-05)
(9.99991622 4.10501904e-05 -5.973497077e-06)
(9.999969587 1.549474145e-05 -2.347131024e-06)
(9.999989397 5.604156456e-06 -8.812983569e-07)
(9.999996447 1.944134536e-06 -3.166224484e-07)
(9.999998855 6.475232272e-07 -1.089736616e-07)
(9.999999645 2.072573438e-07 -3.597210208e-08)
(9.999999894 6.38105655e-08 -1.140134053e-08)
(9.999999969 1.891455649e-08 -3.473388266e-09)
(9.999999991 5.402614835e-09 -1.018124338e-09)
)
;

boundaryField
{
    left
    {
        type            dirichlet;
        value           uniform (4 0 0);
    }
    right
    {
        type            dirichlet;
        value           uniform (4 0 0);
    }
    sides
    {
        type            empty;
    }
}


// ************************************************************************* //
