/*--------------------------------*- C++ -*----------------------------------*\
| =========                 |                                                 |
| \\      /  F ield         | foam-extend: Open Source CFD                    |
|  \\    /   O peration     | Version:     4.1                                |
|   \\  /    A nd           | Web:         http://www.foam-extend.org         |
|    \\/     M anipulation  |                                                 |
\*---------------------------------------------------------------------------*/
FoamFile
{
    version     2.0;
    format      ascii;
    class       cellScalarField;
    location    "19.1";
    object      T;
}
// * * * * * * * * * * * * * * * * * * * * * * * * * * * * * * * * * * * * * //

dimensions      [0 0 0 0 1 0 0];

internalField   nonuniform 
100
(
(4 -5.703630593e-17 1.624202108e-17)
(4 -6.464616605e-17 -1.194237276e-16)
(4 1.112911325e-16 -8.787309463e-17)
(4 -1.239789272e-16 -1.646581779e-16)
(4 3.576517803e-17 -4.741469467e-17)
(4 -3.539079517e-16 2.23172531e-16)
(4 3.989979947e-16 2.038700878e-16)
(4 -3.076167137e-16 2.255168664e-16)
(4 5.205361795e-16 -1.646861695e-16)
(4 -1.331986308e-15 -1.351794357e-16)
(4 7.069912687e-17 -5.640066429e-18)
(4 1.003169008e-15 1.581016809e-16)
(4 -5.37388969e-16 -1.267875178e-16)
(4 3.626899618e-16 6.738639384e-18)
(4 1.987950259e-16 -1.453213002e-16)
(4 2.111895688e-15 -6.21710036e-16)
(4 -3.317002928e-16 -1.156470529e-16)
(4 1.802699729e-15 6.600685742e-16)
(4 2.200151366e-14 1.496054246e-14)
(4 3.886452647e-13 2.362669261e-13)
(4 6.046306013e-12 3.570994874e-12)
(4 8.463124134e-11 4.72977023e-11)
(4.000000001 1.067079747e-09 5.752375526e-10)
(4.000000012 1.232800674e-08 6.309364768e-09)
(4.000000123 1.267564579e-07 6.079423186e-08)
(4.000001159 1.152312654e-06 5.171944757e-07)
(4.000009702 9.229056611e-06 3.810588504e-06)
(4.000070647 6.326152207e-05 2.330667644e-05)
(4.000435414 0.000358961292 0.0001147482017)
(4.002229172 0.001657326726 0.0004501172488)
(4.00943453 0.006216937534 0.001409801746)
(4.033174824 0.01908295652 0.00354838136)
(4.097895577 0.04843458699 0.007217970893)
(4.245380592 0.102785775 0.01188377614)
(4.529179942 0.1843341405 0.01571947093)
(4.994749728 0.282123734 0.01624938957)
(5.651624874 0.3718029279 0.01198138088)
(6.455125876 0.4253475661 0.00377260863)
(7.313493913 0.425535955 -0.005409647378)
(8.119721989 0.3748201114 -0.0122648007)
(8.789647867 0.2924878334 -0.01501215809)
(9.284954388 0.2033763957 -0.01396483479)
(9.612543003 0.1266907055 -0.01075082901)
(9.807338188 0.07106262879 -0.00710695735)
(9.911975458 0.03606338553 -0.004118669901)
(9.962980048 0.01663362425 -0.002121227229)
(9.985637247 0.007002776671 -0.0009806591324)
(9.994847028 0.002702058059 -0.0004101837118)
(9.998286015 0.0009593014886 -0.0001562494286)
(9.999470056 0.0003145349991 -5.451239637e-05)
(9.999847284 9.558289295e-05 -1.750581193e-05)
(9.999958873 2.701236064e-05 -5.198009493e-06)
(9.999989623 7.122339314e-06 -1.432999851e-06)
(9.99999754 1.757528128e-06 -3.681754733e-07)
(9.999999451 4.070807342e-07 -8.84685155e-08)
(9.999999884 8.875157758e-08 -1.994660703e-08)
(9.999999977 1.826202596e-08 -4.232768666e-09)
(9.999999996 3.555516715e-09 -8.478126431e-10)
(9.999999999 6.565811608e-10 -1.607183865e-10)
(10 1.152665724e-10 -2.890805781e-11)
(10 1.927904611e-11 -4.944992231e-12)
(10 3.079834182e-12 -8.072671638e-13)
(10 4.641799332e-13 -1.257294994e-13)
(10 6.633367429e-14 -1.787221792e-14)
(10 1.328877991e-14 -3.135884261e-15)
(10 1.803426914e-15 -1.088338513e-15)
(10 -1.299078601e-16 -9.32151392e-17)
(10 -1.758856482e-16 -1.373242677e-16)
(10 -2.833307746e-16 2.015787153e-17)
(10 -3.749843483e-16 4.514052528e-17)
(10 -1.294272884e-16 -6.865385746e-16)
(10 3.466590009e-16 -2.870068902e-17)
(10 -4.625645374e-16 6.197692417e-17)
(10 2.018166871e-16 -2.793363452e-16)
(10 -2.173838542e-18 1.028271769e-16)
(10 -8.484063755e-17 6.175038049e-16)
(10 -3.201693222e-16 4.823739656e-16)
(10 1.338202618e-16 1.278577591e-16)
(10 3.160945407e-16 4.184312711e-16)
(10 -5.610427124e-16 3.91256485e-16)
(10 -2.676526858e-16 3.222710092e-16)
(10 1.786017499e-16 2.909204746e-18)
(10 -5.101149522e-16 2.742290743e-17)
(10 -2.256074677e-16 2.045601484e-16)
(10 -2.898523171e-16 -5.490414304e-16)
(10 3.394467971e-16 1.929883475e-16)
(10 -2.65460072e-16 2.669323665e-16)
(10 -3.242900043e-16 -4.483447864e-16)
(10 4.949788336e-16 -2.110041543e-16)
(10 -4.108502261e-16 -7.490195721e-17)
(10 1.698822259e-16 -4.016707867e-16)
(10 -2.421508645e-16 9.310074407e-17)
(10 2.165930227e-16 1.330533416e-17)
(10 2.659961034e-16 8.850965738e-17)
(10 -2.19352744e-16 2.694285771e-16)
(10 -4.523455998e-16 -9.81595737e-17)
(10 4.319033668e-16 3.327420785e-16)
(10 -2.607571214e-16 3.753413137e-16)
(10 -1.595356036e-16 -1.972095131e-16)
(10 -1.316200524e-16 3.147631538e-15)
)
;

boundaryField
{
    left
    {
        type            dirichlet;
        value           uniform (4 0 0);
    }
    right
    {
        type            dirichlet;
        value           uniform (4 0 0);
    }
    sides
    {
        type            empty;
    }
}


// ************************************************************************* //
