/*--------------------------------*- C++ -*----------------------------------*\
| =========                 |                                                 |
| \\      /  F ield         | foam-extend: Open Source CFD                    |
|  \\    /   O peration     | Version:     4.1                                |
|   \\  /    A nd           | Web:         http://www.foam-extend.org         |
|    \\/     M anipulation  |                                                 |
\*---------------------------------------------------------------------------*/
FoamFile
{
    version     2.0;
    format      ascii;
    class       cellScalarField;
    location    "2.1";
    object      T;
}
// * * * * * * * * * * * * * * * * * * * * * * * * * * * * * * * * * * * * * //

dimensions      [0 0 0 0 1 0 0];

internalField   nonuniform 
100
(
(4.000244393 0.0003853119207 -3.484273404e-05)
(4.000108237 -0.001652216443 0.00615491368)
(4.154576812 0.237970996 0.1162189713)
(5.451888527 1.084131734 0.1007700127)
(7.857365932 1.135748995 -0.1060248961)
(9.437158048 0.4436261776 -0.08990100363)
(9.909756365 0.08756583497 -0.02340062496)
(9.989859146 0.011088482 -0.003402482377)
(9.999111879 0.0010484588 -0.0003496069946)
(9.999935059 8.087380662e-05 -2.852130212e-05)
(9.999995853 5.372651615e-06 -1.973455759e-06)
(9.999999762 3.184201956e-07 -1.206627754e-07)
(9.999999987 1.724701537e-08 -6.699677885e-09)
(9.999999999 8.685537245e-10 -3.443152494e-10)
(10 4.118386166e-11 -1.660676395e-11)
(10 1.855954609e-12 -7.594916065e-13)
(10 8.155384112e-14 -3.359525745e-14)
(10 1.902659335e-15 -9.629610624e-16)
(10 -3.46081788e-18 -6.678899083e-16)
(10 1.538873687e-15 6.230955845e-16)
(10 -1.690490074e-15 3.286733048e-17)
(10 9.905487112e-16 -1.037484331e-15)
(10 4.87918091e-16 5.482569992e-16)
(10 -2.642235221e-16 1.265842783e-16)
(10 2.351397661e-16 1.997620591e-16)
(10 -2.667049926e-16 -2.68472693e-17)
(10 1.364824942e-16 1.749904321e-17)
(10 -2.18838601e-16 5.564619799e-16)
(10 -1.00086216e-15 5.078880405e-16)
(10 1.354184947e-16 -7.673887681e-17)
(10 4.236895999e-18 -2.400961854e-18)
(10 1.325615653e-19 -7.511991355e-20)
(10 4.147509973e-21 -2.350308623e-21)
(10 1.297649032e-22 -7.353510233e-23)
(10 4.060009459e-24 -2.300723869e-24)
(10 1.270272312e-25 -7.198371944e-26)
(10 3.974354526e-27 -2.252184963e-27)
(10 1.243473008e-28 -7.046505736e-29)
(10 3.890506084e-30 -2.204669743e-30)
(10 1.217238833e-31 -6.897841883e-32)
(10 3.808425231e-33 -2.15815611e-33)
(10 1.191557344e-34 -6.752309597e-35)
(10 3.728071644e-36 -2.112621086e-36)
(10 1.166415279e-37 -6.609833191e-38)
(10 3.649401082e-39 -2.068039389e-39)
(10 1.14179771e-40 -6.470327312e-41)
(10 3.572362879e-42 -2.024382062e-42)
(10 1.117687483e-43 -6.333694075e-44)
(10 3.496899745e-45 -1.981616528e-45)
(10 1.094066021e-46 -6.199828485e-47)
(10 3.422954628e-48 -1.939710879e-48)
(10 1.070917505e-49 -6.068643878e-50)
(10 3.350492763e-51 -1.898647113e-51)
(10 1.04823954e-52 -5.940135348e-53)
(10 3.279550238e-54 -1.858449789e-54)
(10 1.026064225e-55 -5.814503313e-56)
(10 3.210321677e-57 -1.819237218e-57)
(10 1.004493345e-58 -5.692358092e-59)
(10 3.143296898e-60 -1.781300558e-60)
(10 9.837497789e-62 -5.575016305e-62)
(10 3.079448452e-63 -1.745211551e-63)
(10 9.642438648e-65 -5.46488068e-65)
(10 3.020459197e-66 -1.711952273e-66)
(10 9.466488887e-68 -5.365868743e-68)
(10 2.968963743e-69 -1.683051614e-69)
(10 9.319750881e-71 -5.283828846e-71)
(10 2.928763519e-72 -1.660705336e-72)
(10 9.216277467e-74 -5.226861126e-74)
(10 2.904966369e-75 -1.647851788e-75)
(10 9.174334337e-77 -5.205453132e-77)
(10 2.904001307e-78 -1.648175481e-78)
(10 9.216199141e-80 -5.232349225e-80)
(10 2.933468786e-81 -1.66601658e-81)
(10 9.367398743e-83 -5.322099868e-83)
(10 3.00180581e-84 -1.706175311e-84)
(10 9.655357491e-86 -5.490277951e-86)
(10 3.117770488e-87 -1.773614714e-87)
(10 1.01075143e-88 -5.752397531e-89)
(10 3.289777879e-90 -1.873080608e-90)
(10 1.074904994e-91 -6.12261743e-92)
(10 3.525143429e-93 -2.008671276e-93)
(10 1.160043362e-94 -6.612349723e-95)
(10 3.82930775e-96 -2.183399035e-96)
(10 1.267503836e-97 -7.228915104e-98)
(10 4.205124089e-99 -2.398789784e-99)
(10 1.397708135e-100 -7.974389873e-101)
(10 4.652286486e-102 -2.654564459e-102)
(10 1.550011835e-103 -8.84477297e-104)
(10 5.16696318e-105 -2.948438399e-105)
(10 1.722626517e-106 -9.829568936e-107)
(10 5.741678492e-108 -3.276062391e-108)
(10 1.912624293e-109 -1.091183924e-109)
(10 6.365460555e-111 -3.631114415e-111)
(10 2.11602595e-112 -1.206872625e-112)
(10 7.024245405e-114 -4.005535951e-114)
(10 2.327965673e-115 -1.327240801e-115)
(10 7.70150358e-117 -4.389893014e-117)
(10 2.542918383e-118 -1.449140245e-118)
(10 8.379036102e-120 -4.773831347e-120)
(10 -6.006959567e-16 2.755205016e-15)
)
;

boundaryField
{
    left
    {
        type            dirichlet;
        value           uniform (4 0 0);
    }
    right
    {
        type            dirichlet;
        value           uniform (4 0 0);
    }
    sides
    {
        type            empty;
    }
}


// ************************************************************************* //
