/*--------------------------------*- C++ -*----------------------------------*\
| =========                 |                                                 |
| \\      /  F ield         | foam-extend: Open Source CFD                    |
|  \\    /   O peration     | Version:     4.1                                |
|   \\  /    A nd           | Web:         http://www.foam-extend.org         |
|    \\/     M anipulation  |                                                 |
\*---------------------------------------------------------------------------*/
FoamFile
{
    version     2.0;
    format      ascii;
    class       cellScalarField;
    location    "32.2";
    object      T;
}
// * * * * * * * * * * * * * * * * * * * * * * * * * * * * * * * * * * * * * //

dimensions      [0 0 0 0 1 0 0];

internalField   nonuniform 
100
(
(4 -5.703630593e-17 1.624202108e-17)
(4 -1.653668149e-16 1.464520514e-16)
(4 -5.114822898e-17 2.783643545e-16)
(4 -2.430219735e-16 -1.194245966e-17)
(4 9.058740406e-17 1.853907076e-16)
(4 -5.840931391e-16 -1.743570164e-17)
(4 5.034015406e-16 -7.394942647e-17)
(4 -3.271968975e-16 1.356711683e-16)
(4 9.049795058e-16 1.529735128e-16)
(4 -1.268794944e-15 1.90475686e-16)
(4 6.048423494e-17 2.335206718e-17)
(4 4.269178435e-17 -1.322197463e-18)
(4 8.288478171e-16 -2.731134762e-17)
(4 -5.430202549e-16 -4.776003478e-16)
(4 9.89470363e-16 5.733711979e-17)
(4 -9.154525242e-16 3.079050819e-16)
(4 9.162821231e-16 8.3212127e-17)
(4 -8.087674077e-16 3.781140327e-18)
(4 7.268873402e-16 1.148940558e-17)
(4 -5.223593874e-16 -8.035443555e-17)
(4 2.471445127e-16 -5.440710938e-17)
(4 -1.104492771e-16 1.259276066e-16)
(4 -3.967858564e-17 -3.898936608e-18)
(4 -2.340224785e-17 2.163550612e-17)
(4 3.719709611e-17 3.125281097e-17)
(4 -6.591722546e-17 -1.133786855e-16)
(4 3.830375882e-17 5.976415336e-17)
(4 -1.653181629e-16 7.044860559e-17)
(4 -4.229304936e-16 1.474464315e-16)
(4 5.037326656e-16 -5.073837412e-17)
(4 2.479638855e-16 1.742805067e-16)
(4 -4.838638226e-17 -1.513314468e-17)
(4 -6.024387221e-17 8.906766842e-17)
(4 -4.941145499e-16 -2.692048868e-17)
(4 1.018823687e-15 -1.047654907e-16)
(4 -9.667267304e-16 -2.553311379e-17)
(4 5.526143326e-16 8.694302045e-17)
(4 -5.110188143e-16 1.758204908e-16)
(4 2.646306302e-15 2.318769498e-15)
(4 4.984587102e-14 2.48492336e-14)
(4 5.164521826e-13 2.517030237e-13)
(4 4.970199102e-12 2.339943039e-12)
(4 4.465500533e-11 2.016896914e-11)
(4 3.710993118e-10 1.599739838e-10)
(4.000000003 2.836723083e-09 1.160848798e-09)
(4.000000022 1.982379841e-08 7.650302105e-09)
(4.000000145 1.257498952e-07 4.540651313e-08)
(4.000000872 7.1864385e-07 2.407292691e-07)
(4.000004711 3.675662221e-06 1.132611949e-06)
(4.000022842 1.674858305e-05 4.710065899e-06)
(4.000099132 6.783877684e-05 1.728492772e-05)
(4.00038496 0.0002442263592 5.598962437e-05)
(4.001339289 0.0007826523369 0.0001603098004)
(4.004184763 0.002238255071 0.0004065222065)
(4.011782641 0.005730376122 0.0009148987533)
(4.030009132 0.0131792105 0.001830523099)
(4.069423354 0.02732568998 0.003259271802)
(4.146517187 0.05125774998 0.005162965923)
(4.283370015 0.08728563425 0.007259567572)
(4.504556081 0.1353784348 0.009007349396)
(4.831049879 0.1918410812 0.009735646994)
(5.272503973 0.249122387 0.008905452028)
(5.820789417 0.297296548 0.006383581686)
(6.44797299 0.3269163525 0.002572719904)
(7.11041557 0.3320915291 -0.001696330376)
(7.758024484 0.3123946444 -0.005468193151)
(8.3453577 0.2727559876 -0.008007437168)
(8.840596221 0.2215259301 -0.009016822719)
(9.229652072 0.1677132324 -0.008649466013)
(9.514983014 0.1185980082 -0.007352520224)
(9.710715186 0.07848645656 -0.005650739007)
(9.836537377 0.04869981224 -0.003973896091)
(9.912466774 0.0283826952 -0.002577926584)
(9.955556066 0.01556413957 -0.001551729403)
(9.978589543 0.008043922196 -0.0008706177347)
(9.990206197 0.003924501266 -0.0004569935018)
(9.995742413 0.00181032074 -0.0002251216079)
(9.998239386 0.0007907530116 -0.0001043576032)
(9.999306775 0.0003275523102 -4.563248415e-05)
(9.999739848 0.0001288535897 -1.886296882e-05)
(9.999906854 4.820500888e-05 -7.385769449e-06)
(9.999968148 1.717332028e-05 -2.744298699e-06)
(9.999989587 5.8338204e-06 -9.693141532e-07)
(9.999996742 1.89209469e-06 -3.259857136e-07)
(9.999999023 5.866278328e-07 -1.045438917e-07)
(9.999999719 1.740750229e-07 -3.201819359e-08)
(9.999999923 4.949640825e-08 -9.377683334e-09)
(9.999999979 1.350111804e-08 -2.630091695e-09)
(9.999999995 3.536757881e-09 -7.072532812e-10)
(9.999999999 8.907367966e-10 -1.825721657e-10)
(10 2.159012673e-10 -4.529687406e-11)
(10 5.041799908e-11 -1.081344374e-11)
(10 1.135247201e-11 -2.486338756e-12)
(10 2.467924697e-12 -5.506131902e-13)
(10 5.162625881e-13 -1.18479942e-13)
(10 9.84785226e-14 -2.300951592e-14)
(10 2.639111287e-14 -4.37375134e-15)
(10 1.025899331e-14 -2.350675508e-15)
(10 6.689987678e-17 -3.537761921e-16)
(10 -5.936468167e-17 3.12592306e-15)
)
;

boundaryField
{
    left
    {
        type            dirichlet;
        value           uniform (4 0 0);
    }
    right
    {
        type            dirichlet;
        value           uniform (4 0 0);
    }
    sides
    {
        type            empty;
    }
}


// ************************************************************************* //
