/*--------------------------------*- C++ -*----------------------------------*\
| =========                 |                                                 |
| \\      /  F ield         | foam-extend: Open Source CFD                    |
|  \\    /   O peration     | Version:     4.1                                |
|   \\  /    A nd           | Web:         http://www.foam-extend.org         |
|    \\/     M anipulation  |                                                 |
\*---------------------------------------------------------------------------*/
FoamFile
{
    version     2.0;
    format      ascii;
    class       cellScalarField;
    location    "19.9";
    object      T;
}
// * * * * * * * * * * * * * * * * * * * * * * * * * * * * * * * * * * * * * //

dimensions      [0 0 0 0 1 0 0];

internalField   nonuniform 
100
(
(4 -5.703630593e-17 1.624202108e-17)
(4 -4.793877552e-17 2.15086725e-16)
(4 -5.970529404e-17 -1.426549443e-17)
(4 -1.557105812e-16 -1.099125975e-16)
(4 8.09270531e-17 -3.309737181e-17)
(4 -4.638810929e-16 -1.053819556e-16)
(4 3.768229338e-16 -2.484864878e-17)
(4 -3.514910565e-16 6.726029634e-17)
(4 8.544773215e-16 -6.915325299e-17)
(4 -1.390470249e-15 -2.067999919e-17)
(4 3.906918224e-17 5.231499221e-17)
(4 1.132203363e-15 9.199990822e-17)
(4 -3.982506949e-16 5.914835293e-19)
(4 2.234470826e-16 -1.717410831e-16)
(4 3.598385148e-16 -4.055798026e-18)
(4 9.417548201e-17 -8.487951151e-17)
(4 4.737848915e-16 3.355724495e-16)
(4 1.582157572e-15 -5.844129408e-16)
(4 5.017662084e-16 5.570749093e-16)
(4 1.114103094e-14 7.55467631e-15)
(4 2.005617171e-13 1.207589795e-13)
(4 3.053278302e-12 1.791813097e-12)
(4 4.232756329e-11 2.358243822e-11)
(4 5.291035813e-10 2.83658071e-10)
(4.000000006 6.062473843e-09 3.09703774e-09)
(4.00000006 6.230873505e-08 2.991944956e-08)
(4.000000571 5.683784705e-07 2.557446777e-07)
(4.00000481 4.586818958e-06 1.908722036e-06)
(4.000035497 3.201535724e-05 1.200223196e-05)
(4.000224193 0.0001874720991 6.165895446e-05)
(4.001188634 0.0009036368865 0.0002553745352)
(4.005251961 0.003569331198 0.0008523550999)
(4.019388018 0.01160799719 0.002304395869)
(4.060281164 0.03135747346 0.005075789658)
(4.159540546 0.07107457306 0.009138719076)
(4.36360983 0.1365247412 0.01341649367)
(4.722199498 0.2243348714 0.01583153676)
(5.26530802 0.3180536972 0.01435865561)
(5.979805844 0.3921235829 0.008513649409)
(6.802077493 0.4234156199 1.383586461e-05)
(7.635283368 0.4030645979 -0.008097354528)
(8.383133947 0.3403027128 -0.01321070705)
(8.981017588 0.2562520711 -0.01442693692)
(9.408983592 0.1729997384 -0.012567719)
(9.684599456 0.1052261804 -0.009255716565)
(9.845031745 0.05793012229 -0.005928018899)
(9.929804453 0.02899224945 -0.0033582719)
(9.970635172 0.01324509538 -0.001702479114)
(9.98863176 0.005545446007 -0.0007791353059)
(9.99591784 0.002135794742 -0.0003241660983)
(9.998637132 0.000759423914 -0.0001233444577)
(9.999575919 0.0002501508636 -4.314264578e-05)
(9.999876704 7.658412603e-05 -1.393543603e-05)
(9.999966424 2.186040828e-05 -4.174104729e-06)
(9.999991415 5.83531659e-06 -1.163820384e-06)
(9.999997934 1.4608425e-06 -3.031193748e-07)
(9.999999531 3.439264384e-07 -7.398858695e-08)
(9.999999899 7.634617998e-08 -1.697710861e-08)
(9.99999998 1.601963884e-08 -3.672418058e-09)
(9.999999996 3.184900006e-09 -7.509234171e-10)
(9.999999999 6.013131307e-10 -1.455092732e-10)
(10 1.080467529e-10 -2.678451777e-11)
(10 1.851596796e-11 -4.694628046e-12)
(10 3.031092737e-12 -7.856940828e-13)
(10 4.724717018e-13 -1.257486622e-13)
(10 6.76408227e-14 -1.728008981e-14)
(10 1.261543292e-14 -2.710382093e-15)
(10 1.073183287e-15 -1.123228546e-15)
(10 4.689395461e-16 -1.376532699e-16)
(10 3.818811268e-17 1.982254452e-17)
(10 2.744629186e-17 -2.700841725e-16)
(10 -1.478494642e-16 2.173877805e-16)
(10 -3.473771534e-16 -6.125633894e-16)
(10 -2.508618775e-17 -2.894725141e-16)
(10 1.107019124e-16 4.141096673e-16)
(10 5.482770389e-17 1.295438074e-16)
(10 -1.702391264e-16 5.161160157e-16)
(10 2.010268289e-16 4.352274075e-16)
(10 -4.004929492e-16 3.559412756e-16)
(10 1.389019762e-16 7.424386894e-17)
(10 -6.021320312e-17 -1.321472824e-16)
(10 -1.138936272e-16 4.164667205e-16)
(10 -6.046194339e-16 -1.714362698e-16)
(10 3.80435914e-16 -2.677501224e-16)
(10 -3.634472399e-16 5.564865214e-16)
(10 -8.867002228e-17 -3.732358934e-16)
(10 9.01838742e-17 -6.177618735e-16)
(10 -3.410436417e-17 5.922786139e-16)
(10 -1.777426083e-16 4.123556946e-16)
(10 -5.046621272e-16 4.265261236e-16)
(10 3.002968263e-16 3.64413527e-17)
(10 -3.36247634e-16 2.807146214e-16)
(10 2.041737651e-16 -8.484641616e-17)
(10 2.539846318e-16 3.811218654e-16)
(10 -3.900988708e-16 5.232785968e-16)
(10 9.13078901e-17 1.198373081e-16)
(10 -2.404038264e-17 -1.294143269e-17)
(10 3.342961279e-16 2.681138865e-16)
(10 -2.204479595e-16 5.473145108e-16)
(10 -8.349332489e-16 4.128386251e-15)
)
;

boundaryField
{
    left
    {
        type            dirichlet;
        value           uniform (4 0 0);
    }
    right
    {
        type            dirichlet;
        value           uniform (4 0 0);
    }
    sides
    {
        type            empty;
    }
}


// ************************************************************************* //
