/*--------------------------------*- C++ -*----------------------------------*\
| =========                 |                                                 |
| \\      /  F ield         | foam-extend: Open Source CFD                    |
|  \\    /   O peration     | Version:     4.1                                |
|   \\  /    A nd           | Web:         http://www.foam-extend.org         |
|    \\/     M anipulation  |                                                 |
\*---------------------------------------------------------------------------*/
FoamFile
{
    version     2.0;
    format      ascii;
    class       cellScalarField;
    location    "40.1";
    object      T;
}
// * * * * * * * * * * * * * * * * * * * * * * * * * * * * * * * * * * * * * //

dimensions      [0 0 0 0 1 0 0];

internalField   nonuniform 
100
(
(4 -5.703630593e-17 1.624202108e-17)
(4 -1.050766264e-16 6.683956755e-17)
(4 -6.921372717e-17 -2.27550139e-17)
(4 -6.372293525e-17 -1.825703225e-16)
(4 -1.49898227e-16 7.848644305e-17)
(4 -4.538491486e-16 3.422892556e-17)
(4 5.786031081e-16 -2.056555893e-16)
(4 -3.376206675e-16 -9.789209428e-17)
(4 9.858711117e-16 3.088621399e-17)
(4 -1.308392202e-15 1.135398058e-16)
(4 4.487911362e-16 -1.247911958e-16)
(4 -3.054232688e-16 1.052947874e-16)
(4 8.241676265e-16 -2.436988702e-18)
(4 -6.25180152e-16 9.363911006e-17)
(4 4.147685578e-16 -2.44070884e-16)
(4 -1.602071779e-16 -1.880933544e-16)
(4 8.092910674e-17 -1.467531664e-16)
(4 6.519940304e-17 -1.574758255e-16)
(4 -1.333913516e-16 -1.332257573e-16)
(4 4.03579891e-17 -7.536915384e-17)
(4 -3.107641554e-17 5.921530719e-17)
(4 5.144077744e-17 -2.071500793e-17)
(4 2.138378851e-17 8.259396801e-17)
(4 -2.066525345e-16 2.332064444e-16)
(4 -1.632217444e-16 2.665766266e-16)
(4 -9.084515201e-17 2.961299793e-17)
(4 -3.885110424e-18 6.631741075e-17)
(4 -5.766040841e-17 3.841174604e-17)
(4 -2.637732893e-16 1.633295194e-16)
(4 1.472389293e-16 1.908558334e-16)
(4 1.932107788e-16 -1.086812855e-16)
(4 -1.69057404e-16 -2.975993138e-16)
(4 8.921744806e-16 4.999841343e-17)
(4 -1.443454342e-15 -9.363300889e-18)
(4 1.039366491e-15 1.969691086e-16)
(4 -8.759923439e-16 -8.443348218e-17)
(4 1.501600595e-15 -2.336014245e-16)
(4 -1.528705184e-15 1.491318688e-16)
(4 8.362520551e-16 2.478221044e-16)
(4 -4.913525304e-16 9.053353408e-18)
(4 6.297983652e-16 -7.124043452e-17)
(4 -5.754638541e-16 2.268107452e-16)
(4 2.48477155e-16 -1.498961342e-16)
(4 -2.167857346e-16 6.396721021e-17)
(4 -3.208002054e-16 -9.28520655e-17)
(4 1.076225901e-15 -1.039132151e-16)
(4 -8.812093946e-16 2.10170602e-16)
(4 8.756466501e-16 8.495225588e-17)
(4 -9.169662904e-16 5.555192325e-18)
(4 4.118667081e-16 1.402662871e-17)
(4 1.308665455e-16 4.014895377e-16)
(4 5.277584405e-15 2.579533281e-15)
(4 5.81657995e-14 2.724160298e-14)
(4 5.053845014e-13 2.237286621e-13)
(4 4.060226596e-12 1.720669958e-12)
(4 3.036188508e-11 1.233032276e-11)
(4 2.112556301e-10 8.18849334e-11)
(4.000000002 1.361764325e-09 5.014574104e-10)
(4.00000001 8.096532037e-09 2.81818412e-09)
(4.000000055 4.421534712e-08 1.447086739e-08)
(4.000000287 2.209774185e-07 6.764535479e-08)
(4.000001377 1.007956274e-06 2.871410701e-07)
(4.000006043 4.189262738e-06 1.105226443e-06)
(4.000024263 1.585531741e-05 3.855892437e-06)
(4.000089129 5.466215197e-05 1.219761612e-05)
(4.000299856 0.000171836105 3.501831817e-05)
(4.000925323 0.0004933129622 9.135191264e-05)
(4.002624374 0.001295760635 0.0002168339952)
(4.006856572 0.003120512105 0.0004689109452)
(4.016543532 0.006905229872 0.0009248805725)
(4.036961044 0.01407184036 0.001665077212)
(4.076675575 0.02646729355 0.002736603172)
(4.148117641 0.04604705736 0.004103177054)
(4.267220585 0.07425912168 0.005601194355)
(4.451609137 0.1112357586 0.006931928799)
(4.717214747 0.155075704 0.007713941077)
(5.073870816 0.2015914695 0.007594369464)
(5.521127228 0.244805183 0.006383108101)
(6.045828997 0.2781941177 0.004151080869)
(6.622651222 0.2963345103 0.001241076238)
(7.217821187 0.2963619941 -0.001822591632)
(7.795090946 0.2787022881 -0.004491097125)
(8.322198711 0.2468212572 -0.006349570743)
(8.775955656 0.206144163 -0.007215384696)
(9.144719971 0.1625946564 -0.007147698197)
(9.42802493 0.1212740504 -0.006381068594)
(9.634039524 0.0856478165 -0.005223349316)
(9.776017606 0.05734479228 -0.003961496827)
(9.868860457 0.03644405337 -0.002803152336)
(9.926535538 0.02201022178 -0.001859899391)
(9.960610445 0.01264685593 -0.001161588981)
(9.979778067 0.00692122016 -0.0006849657213)
(9.990054831 0.003611546397 -0.0003823367838)
(9.99531203 0.00179874812 -0.0002024566998)
(9.997880685 0.0008559701465 -0.0001018961909)
(9.99908058 0.0003895752559 -4.882766128e-05)
(9.999616981 0.0001697427951 -2.231155714e-05)
(9.999846678 7.087142556e-05 -9.735742344e-06)
(9.999940986 2.838139007e-05 -4.062173328e-06)
(9.999978143 1.091119398e-05 -1.622692791e-06)
)
;

boundaryField
{
    left
    {
        type            dirichlet;
        value           uniform (4 0 0);
    }
    right
    {
        type            dirichlet;
        value           uniform (4 0 0);
    }
    sides
    {
        type            empty;
    }
}


// ************************************************************************* //
