/*--------------------------------*- C++ -*----------------------------------*\
| =========                 |                                                 |
| \\      /  F ield         | foam-extend: Open Source CFD                    |
|  \\    /   O peration     | Version:     4.1                                |
|   \\  /    A nd           | Web:         http://www.foam-extend.org         |
|    \\/     M anipulation  |                                                 |
\*---------------------------------------------------------------------------*/
FoamFile
{
    version     2.0;
    format      ascii;
    class       cellScalarField;
    location    "9.8";
    object      T;
}
// * * * * * * * * * * * * * * * * * * * * * * * * * * * * * * * * * * * * * //

dimensions      [0 0 0 0 1 0 0];

internalField   nonuniform 
100
(
(4 -5.703630593e-17 1.624202108e-17)
(4 7.8500866e-17 -1.044737786e-16)
(4 -8.67301716e-17 -8.422055722e-17)
(4 9.167372688e-16 8.180418168e-16)
(4 -1.974334961e-14 -8.444759397e-15)
(4 6.250491259e-13 4.75480203e-13)
(4 2.042986384e-12 -1.019339232e-12)
(4 1.956739896e-10 2.118717009e-10)
(4.000000004 4.917889071e-09 2.232049902e-09)
(4.000000061 6.902177485e-08 5.387062684e-08)
(4.000001252 1.545986948e-06 9.093154339e-07)
(4.000017713 1.905893431e-05 9.898539532e-06)
(4.000203986 0.0002190630265 0.0001174868389)
(4.002169188 0.002246633059 0.0009851315388)
(4.016952852 0.01511384251 0.004866169878)
(4.089400451 0.06455077336 0.01461089097)
(4.327284275 0.1841023168 0.02763765048)
(4.874896508 0.3690477235 0.03247122733)
(5.794474077 0.5418395154 0.01954640458)
(6.957971231 0.6021174812 -0.004906424801)
(8.097104953 0.5202379483 -0.02411728363)
(8.979800917 0.3575571186 -0.02849957002)
(9.531890224 0.1994215762 -0.02174096062)
(9.815544555 0.09188035737 -0.01239654755)
(9.937184775 0.03554024419 -0.005611605384)
(9.981366018 0.01171363452 -0.002088979969)
(9.995142966 0.003334531051 -0.0006555054524)
(9.998877717 0.0008301574686 -0.0001767468634)
(9.999768114 0.0001828181051 -4.160232521e-05)
(9.999956798 3.598520397e-05 -8.663565537e-06)
(9.999992685 6.391078336e-06 -1.614821436e-06)
(9.999998866 1.032955189e-06 -2.721467021e-07)
(9.999999838 1.531082104e-07 -4.184139172e-08)
(9.999999979 2.09579148e-08 -5.915043704e-09)
(9.999999997 2.665954974e-09 -7.742764456e-10)
(10 3.169331701e-10 -9.443237762e-11)
(10 3.53918707e-11 -1.078946379e-11)
(10 3.7314438e-12 -1.161160841e-12)
(10 3.733377438e-13 -1.184700657e-13)
(10 3.248622098e-14 -1.075518666e-14)
(10 2.877724762e-15 -1.286557366e-15)
(10 -1.130213058e-15 1.077650395e-15)
(10 -1.791489976e-16 2.8154571e-16)
(10 1.37650492e-16 1.467999323e-16)
(10 1.013573202e-16 -6.382729998e-16)
(10 2.332570722e-17 -7.534393144e-16)
(10 2.111573057e-16 3.870661667e-16)
(10 -4.463158518e-16 4.359265787e-16)
(10 -3.675784199e-17 2.370066595e-16)
(10 1.987069217e-16 -5.484438949e-16)
(10 2.212862828e-17 -2.966874943e-16)
(10 -1.089882466e-16 -5.161343106e-17)
(10 -5.642338047e-16 6.47530827e-17)
(10 2.882376439e-16 -2.092498395e-16)
(10 -2.896545322e-17 1.567435057e-16)
(10 -3.867603518e-17 -2.488603692e-16)
(10 -1.891747764e-16 -2.544540176e-16)
(10 1.065353725e-16 4.132669584e-16)
(10 4.420998858e-16 -4.905100804e-17)
(10 5.291631215e-17 5.96882477e-17)
(10 3.573881081e-16 -4.270796412e-16)
(10 -2.136179831e-16 1.870906321e-16)
(10 1.220226479e-16 1.462324809e-16)
(10 1.805601287e-16 -6.4769255e-18)
(10 4.228684762e-16 2.509213887e-17)
(10 -4.174521359e-16 2.761996537e-16)
(10 -1.139184611e-16 4.266569563e-17)
(10 4.36209433e-16 2.703737373e-16)
(10 5.438415531e-17 -4.07989006e-16)
(10 2.778229752e-17 -7.032151804e-16)
(10 2.665830253e-16 3.469155489e-16)
(10 2.098141508e-16 6.352217436e-16)
(10 1.244748557e-16 5.602571845e-16)
(10 -2.910521694e-16 -4.103200067e-16)
(10 2.834331558e-16 9.866755483e-17)
(10 -5.409408604e-16 2.711401522e-16)
(10 1.638810533e-16 3.382575774e-16)
(10 1.151716725e-16 -3.50958374e-16)
(10 -2.12728155e-16 2.433090624e-16)
(10 -2.980814745e-17 9.862191642e-17)
(10 -3.427209815e-16 4.588437867e-16)
(10 -5.619699932e-17 -1.244791547e-16)
(10 1.058443509e-17 -3.07970945e-16)
(10 -1.095728617e-16 1.724493176e-16)
(10 -3.152749722e-16 -3.063104395e-16)
(10 -3.405254462e-16 -2.392138052e-16)
(10 2.89519004e-16 4.494675869e-16)
(10 -4.884724923e-16 4.162309362e-16)
(10 -3.41600508e-17 -2.017949339e-17)
(10 -1.211978972e-16 7.451010497e-17)
(10 -2.0783034e-16 3.386079116e-16)
(10 -3.460344677e-16 -5.48222837e-17)
(10 -4.077308312e-16 -3.072755195e-17)
(10 5.943933883e-16 -4.712290685e-16)
(10 -6.475134384e-18 1.05236753e-16)
(10 -1.593671191e-16 -5.750183036e-16)
(10 3.610322661e-16 -1.397187613e-16)
(10 -5.959907549e-17 -9.052737729e-17)
(10 3.634839453e-16 -1.278542971e-16)
(10 -9.157009819e-17 3.500337842e-15)
)
;

boundaryField
{
    left
    {
        type            dirichlet;
        value           uniform (4 0 0);
    }
    right
    {
        type            dirichlet;
        value           uniform (4 0 0);
    }
    sides
    {
        type            empty;
    }
}


// ************************************************************************* //
