/*--------------------------------*- C++ -*----------------------------------*\
| =========                 |                                                 |
| \\      /  F ield         | foam-extend: Open Source CFD                    |
|  \\    /   O peration     | Version:     4.1                                |
|   \\  /    A nd           | Web:         http://www.foam-extend.org         |
|    \\/     M anipulation  |                                                 |
\*---------------------------------------------------------------------------*/
FoamFile
{
    version     2.0;
    format      ascii;
    class       cellScalarField;
    location    "17.8";
    object      T;
}
// * * * * * * * * * * * * * * * * * * * * * * * * * * * * * * * * * * * * * //

dimensions      [0 0 0 0 1 0 0];

internalField   nonuniform 
100
(
(4 -5.703630593e-17 1.624202108e-17)
(4 -1.463579666e-16 -8.372040384e-17)
(4 1.560139122e-16 5.846692955e-17)
(4 -6.96047924e-17 -4.08735083e-17)
(4 6.85192609e-17 2.735222554e-16)
(4 -6.763795294e-16 2.640545909e-17)
(4 5.365810973e-16 -1.098812421e-17)
(4 -5.696188872e-16 9.549841199e-17)
(4 1.007611305e-15 -2.272855747e-16)
(4 -1.540419469e-15 -7.421452092e-17)
(4 5.509953225e-16 4.236262515e-17)
(4 1.150171089e-15 -9.240481972e-17)
(4 8.370258073e-16 3.776722116e-16)
(4 -8.680803584e-17 -3.381397128e-17)
(4 1.962628404e-17 -3.697472571e-16)
(4 8.41062198e-16 6.573569037e-16)
(4 2.291302768e-14 1.444753902e-14)
(4 3.891138721e-13 2.423096453e-13)
(4 6.520143572e-12 3.993553841e-12)
(4 9.780239555e-11 5.582672507e-11)
(4.000000001 1.292757915e-09 7.144397731e-10)
(4.000000015 1.578037944e-08 8.30419641e-09)
(4.000000163 1.706107385e-07 8.374130135e-08)
(4.000001605 1.616769088e-06 7.429440408e-07)
(4.000013971 1.349199539e-05 5.709363618e-06)
(4.000105506 9.59079108e-05 3.602354978e-05)
(4.0006678 0.0005566417144 0.0001795202885)
(4.003461507 0.002583471526 0.0006986100893)
(4.014619169 0.009581993477 0.002130930603)
(4.050649405 0.02866766244 0.005134918787)
(4.145738384 0.0700663808 0.009832466574)
(4.353304814 0.1417179872 0.01494824668)
(4.732435597 0.2400997022 0.01776911804)
(5.318143393 0.3444874372 0.01564997259)
(6.090928064 0.4227219664 0.00817652408)
(6.969436686 0.447606399 -0.002051732683)
(7.836832963 0.4122848562 -0.01097408801)
(8.586121264 0.3327785408 -0.01563365425)
(9.156239695 0.2369815206 -0.01560519276)
(9.540724715 0.1498327931 -0.01249331742)
(9.771891981 0.08460269535 -0.008435180389)
(9.896482991 0.04289859355 -0.00493012722)
(9.956990333 0.01963561096 -0.002535789065)
(9.983598817 0.008153209378 -0.001161333806)
(9.994243839 0.003085507356 -0.0004779108493)
(9.998135314 0.001068977955 -0.000178047826)
(9.999440761 0.0003404798445 -6.043818278e-05)
(9.999844252 0.0001001018229 -1.87984217e-05)
(9.999959599 2.726987233e-05 -5.3847366e-06)
(9.99999021 6.908694696e-06 -1.427048323e-06)
(9.999997777 1.633366045e-06 -3.513805568e-07)
(9.999999526 3.615537733e-07 -8.070040425e-08)
(9.999999905 7.516547097e-08 -1.735022604e-08)
(9.999999982 1.471987366e-08 -3.503730387e-09)
(9.999999997 2.722988029e-09 -6.666839695e-10)
(9.999999999 4.770849798e-10 -1.198809111e-10)
(10 7.936875325e-11 -2.042905714e-11)
(10 1.256837675e-11 -3.307020765e-12)
(10 1.898365718e-12 -5.102486699e-13)
(10 2.715988597e-13 -7.649594541e-14)
(10 3.59315193e-14 -9.888212474e-15)
(10 5.511551525e-15 -1.700131912e-15)
(10 -5.359575047e-16 -1.614701977e-16)
(10 -1.085240526e-16 -4.203729058e-16)
(10 4.227818189e-16 -5.425016649e-18)
(10 6.923786396e-17 -5.490055033e-16)
(10 4.004962893e-16 -7.622761818e-17)
(10 -8.416909809e-17 2.534596261e-16)
(10 -5.137219787e-18 7.700002076e-16)
(10 -2.89169382e-16 -3.475796027e-16)
(10 -3.893751012e-16 -1.177674002e-16)
(10 -1.346271308e-16 6.301038272e-16)
(10 1.659040366e-16 1.142503571e-16)
(10 -1.279720024e-16 -7.697589303e-17)
(10 3.120663286e-16 -3.015849107e-17)
(10 1.787774778e-16 4.606484409e-16)
(10 -2.408853268e-16 4.893885983e-19)
(10 -3.839816691e-17 -5.861992907e-16)
(10 1.400500413e-16 -1.077505547e-16)
(10 9.427272398e-18 -2.705541894e-16)
(10 1.454540399e-17 -4.237047078e-16)
(10 -5.566748778e-18 5.82841702e-16)
(10 -1.511183044e-16 7.37765257e-16)
(10 -2.916230113e-16 6.329342114e-16)
(10 -3.981130598e-16 1.04504607e-16)
(10 -3.304237018e-16 2.635432905e-16)
(10 -1.791807751e-17 3.226548924e-16)
(10 -2.996257868e-16 2.876422852e-16)
(10 4.69729163e-16 9.21420821e-17)
(10 -4.240551299e-17 2.0999273e-16)
(10 -2.712892596e-16 1.165860521e-16)
(10 -1.191426471e-16 4.947614738e-16)
(10 2.679785904e-16 2.841437513e-17)
(10 4.137537406e-16 2.921646081e-16)
(10 -5.809473732e-17 -7.569210454e-17)
(10 3.057114148e-16 3.420572785e-18)
(10 -2.804528007e-16 1.002261197e-16)
(10 -1.082649447e-16 6.302717215e-16)
(10 -2.042029232e-17 5.333897073e-16)
(10 -1.604446101e-15 3.538150167e-15)
)
;

boundaryField
{
    left
    {
        type            dirichlet;
        value           uniform (4 0 0);
    }
    right
    {
        type            dirichlet;
        value           uniform (4 0 0);
    }
    sides
    {
        type            empty;
    }
}


// ************************************************************************* //
