/*--------------------------------*- C++ -*----------------------------------*\
| =========                 |                                                 |
| \\      /  F ield         | foam-extend: Open Source CFD                    |
|  \\    /   O peration     | Version:     4.1                                |
|   \\  /    A nd           | Web:         http://www.foam-extend.org         |
|    \\/     M anipulation  |                                                 |
\*---------------------------------------------------------------------------*/
FoamFile
{
    version     2.0;
    format      ascii;
    class       cellScalarField;
    location    "20.2";
    object      T;
}
// * * * * * * * * * * * * * * * * * * * * * * * * * * * * * * * * * * * * * //

dimensions      [0 0 0 0 1 0 0];

internalField   nonuniform 
100
(
(4 -5.703630593e-17 1.624202108e-17)
(4 1.255385923e-18 -9.972790649e-19)
(4 -1.140092005e-16 1.927627697e-17)
(4 -9.374246312e-17 -3.706539957e-17)
(4 7.323789026e-17 -5.868442173e-17)
(4 -3.682468351e-16 8.830045567e-17)
(4 3.16593279e-16 3.241017186e-17)
(4 -4.485348766e-16 2.200698245e-16)
(4 8.582113878e-16 -1.648888038e-16)
(4 -1.292612112e-15 1.243777375e-17)
(4 6.788087166e-18 -1.075689864e-16)
(4 1.445030066e-15 -1.368334957e-16)
(4 -5.962605457e-16 3.218554866e-16)
(4 -9.881295282e-18 1.755708341e-17)
(4 3.197609737e-16 9.725801223e-17)
(4 -2.016244378e-17 -5.714448045e-17)
(4 4.669009509e-17 -1.540696579e-16)
(4 2.064194934e-15 1.113822797e-16)
(4 -9.067077621e-16 4.085948409e-16)
(4 3.188525226e-15 2.26508027e-15)
(4 5.443116365e-14 3.427111287e-14)
(4 8.603904315e-13 5.099948624e-13)
(4 1.235620838e-11 7.002884191e-12)
(4 1.595402459e-10 8.658555027e-11)
(4.000000002 1.884927265e-09 9.814756479e-10)
(4.000000019 2.020605014e-08 9.93722665e-09)
(4.000000191 1.929047035e-07 8.905901834e-08)
(4.000001685 1.635654281e-06 7.040170892e-07)
(4.000013148 1.21564563e-05 4.776870117e-06)
(4.000088901 7.696086815e-05 2.688108449e-05)
(4.000509589 0.0004050059011 0.0001229104017)
(4.002445809 0.001753370559 0.0004541965063)
(4.009814117 0.006250839109 0.00136063339)
(4.033109246 0.0184800483 0.003323261587)
(4.094787267 0.0457333104 0.006649448788)
(4.232792441 0.09567185744 0.0109109958)
(4.496104585 0.1707843187 0.01458739533)
(4.928172325 0.2624328154 0.01552556991)
(5.542719182 0.3499194408 0.01224294331)
(6.305881638 0.4078202441 0.005157505282)
(7.138826967 0.4182365151 -0.003376923155)
(7.94273073 0.3797480388 -0.01038624298)
(8.632703981 0.3070130538 -0.01391692625)
(9.162102862 0.222178066 -0.01380587775)
(9.52701753 0.1446358907 -0.01126476172)
(9.754037969 0.08509441915 -0.007884567741)
(9.882064767 0.04544477042 -0.004841611065)
(9.947784892 0.02212245902 -0.002645823559)
(9.978614623 0.009855297727 -0.001299923161)
(9.991880886 0.004033041807 -0.0005787414766)
(9.997136175 0.001521556417 -0.0002349987263)
(9.999059305 0.0005310464796 -8.750865166e-05)
(9.99971156 0.000172027543 -3.002887776e-05)
(9.999917241 5.188652054e-05 -9.536953998e-06)
(9.999977728 1.461548702e-05 -2.814313257e-06)
(9.999994365 3.85592404e-06 -7.74460294e-07)
(9.999998656 9.554313406e-07 -1.994096924e-07)
(9.999999697 2.22932133e-07 -4.819155866e-08)
(9.999999935 4.910695542e-08 -1.096335185e-08)
(9.999999987 1.023659968e-08 -2.35426546e-09)
(9.999999997 2.023989291e-09 -4.784418503e-10)
(10 3.804110649e-10 -9.224054498e-11)
(10 6.810867681e-11 -1.691040311e-11)
(10 1.16373182e-11 -2.953114002e-12)
(10 1.901738636e-12 -4.92922714e-13)
(10 2.905114047e-13 -7.803265608e-14)
(10 4.498688577e-14 -1.187719624e-14)
(10 9.071767938e-15 -2.539357573e-15)
(10 6.023331405e-16 -8.61806554e-16)
(10 7.500349108e-17 -2.806762183e-16)
(10 1.548944227e-16 1.290948422e-17)
(10 -2.603115167e-16 6.970965205e-16)
(10 -6.0182926e-16 1.008868018e-16)
(10 -5.823897771e-16 -4.869239876e-17)
(10 1.178531772e-16 -2.351494135e-17)
(10 1.214702307e-16 3.555325287e-16)
(10 -1.248310787e-16 -1.505193522e-16)
(10 4.240662073e-16 -1.132517105e-16)
(10 8.692374622e-17 1.910447676e-16)
(10 6.005804246e-17 4.527198263e-16)
(10 -2.084217676e-16 -4.237871472e-16)
(10 -1.748245363e-17 -1.465244661e-16)
(10 2.225022579e-16 -1.260199685e-17)
(10 -8.282977095e-17 3.623758955e-16)
(10 -3.198673011e-16 1.366228197e-16)
(10 -3.458352063e-16 -2.384034403e-16)
(10 -2.05020241e-17 -2.635684178e-16)
(10 8.239667023e-17 2.826092545e-16)
(10 -2.000342341e-16 -2.162635935e-16)
(10 -1.467516581e-16 1.666288352e-16)
(10 1.99414965e-16 2.935797072e-16)
(10 -1.982449937e-17 1.886951242e-16)
(10 3.994391838e-16 1.378651277e-16)
(10 1.93232346e-16 2.462233556e-16)
(10 1.404236687e-16 4.430967224e-16)
(10 -1.108643262e-16 5.482960698e-16)
(10 -2.145240944e-16 -3.896558085e-17)
(10 -1.298499943e-16 2.603005929e-16)
(10 1.800821482e-16 -2.290501428e-16)
(10 -9.029283584e-16 2.824953479e-15)
)
;

boundaryField
{
    left
    {
        type            dirichlet;
        value           uniform (4 0 0);
    }
    right
    {
        type            dirichlet;
        value           uniform (4 0 0);
    }
    sides
    {
        type            empty;
    }
}


// ************************************************************************* //
