/*--------------------------------*- C++ -*----------------------------------*\
| =========                 |                                                 |
| \\      /  F ield         | foam-extend: Open Source CFD                    |
|  \\    /   O peration     | Version:     4.1                                |
|   \\  /    A nd           | Web:         http://www.foam-extend.org         |
|    \\/     M anipulation  |                                                 |
\*---------------------------------------------------------------------------*/
FoamFile
{
    version     2.0;
    format      ascii;
    class       cellScalarField;
    location    "38.2";
    object      T;
}
// * * * * * * * * * * * * * * * * * * * * * * * * * * * * * * * * * * * * * //

dimensions      [0 0 0 0 1 0 0];

internalField   nonuniform 
100
(
(4 -5.703630593e-17 1.624202108e-17)
(4 -1.489571523e-17 7.737268652e-17)
(4 -3.179065969e-16 -2.475853791e-17)
(4 1.12279026e-16 -7.03242923e-17)
(4 1.336089611e-16 -1.278389391e-16)
(4 -4.011494561e-16 1.125774112e-16)
(4 3.826505074e-16 6.611246682e-17)
(4 -3.510197463e-16 3.604633e-17)
(4 7.082336319e-16 2.597016877e-16)
(4 -1.235573184e-15 -4.971029825e-17)
(4 3.442302028e-17 -5.055236829e-18)
(4 3.477502366e-16 -8.664532966e-17)
(4 9.153599366e-16 1.725603682e-17)
(4 -4.254244742e-16 -1.500229351e-16)
(4 4.564426547e-16 -9.886363884e-17)
(4 -2.790023382e-16 -2.716168575e-16)
(4 3.382222083e-16 -1.656156186e-16)
(4 -1.480728767e-16 -2.618726452e-18)
(4 -2.760569286e-17 -9.762157297e-17)
(4 -1.117207635e-18 -5.721622041e-17)
(4 5.062867118e-17 -1.06073041e-16)
(4 -4.591352995e-17 -3.418466562e-16)
(4 4.730978428e-16 2.756485977e-17)
(4 -8.049332994e-16 -8.606851445e-17)
(4 9.07964047e-16 6.893851965e-17)
(4 -8.658694462e-16 -7.809373212e-18)
(4 7.06884192e-16 -6.63398695e-17)
(4 -7.434266181e-16 9.168389457e-17)
(4 3.250760499e-16 -3.081953051e-16)
(4 1.459349744e-16 -2.026901279e-16)
(4 4.014961174e-16 3.28694805e-17)
(4 -8.581350519e-16 -2.412658728e-16)
(4 8.959456512e-16 -3.488295213e-17)
(4 -1.550994334e-15 -1.256538559e-16)
(4 1.689076975e-15 -1.44793529e-16)
(4 -1.525930285e-15 -4.626415417e-16)
(4 1.269089358e-15 -6.08172917e-17)
(4 -9.902907525e-16 4.054723155e-16)
(4 7.17979406e-16 -5.407003074e-17)
(4 5.601140031e-17 5.230469324e-17)
(4 -8.633817193e-17 1.07501443e-16)
(4 -1.173319082e-16 -2.492190175e-17)
(4 -2.121426392e-18 -1.101776232e-16)
(4 1.163516655e-16 1.394505373e-16)
(4 -5.305547597e-16 7.173736629e-17)
(4 9.524994373e-16 -4.417636126e-17)
(4 -6.905675404e-16 1.817885796e-16)
(4 6.48509806e-16 -1.359173975e-17)
(4 5.354829151e-15 4.444693556e-15)
(4 7.904697981e-14 3.680226618e-14)
(4 6.987657565e-13 3.145443568e-13)
(4 5.77777977e-12 2.492913453e-12)
(4 4.452425372e-11 1.840630871e-11)
(4 3.18674102e-10 1.25648643e-10)
(4.000000002 2.108039308e-09 7.887749392e-10)
(4.000000015 1.282521373e-08 4.529064285e-09)
(4.000000088 7.141964466e-08 2.366441282e-08)
(4.000000467 3.624938395e-07 1.120398732e-07)
(4.000002268 1.671581426e-06 4.792326983e-07)
(4.00001004 6.989762357e-06 1.848877558e-06)
(4.00004047 2.648563134e-05 6.430762445e-06)
(4.000148596 9.097825436e-05 2.017469262e-05)
(4.000497562 0.00028363786 5.714801076e-05)
(4.001522056 0.0008040046532 0.0001463685365)
(4.004263327 0.00207658244 0.0003394619848)
(4.010963118 0.004898429191 0.0007138876038)
(4.025954768 0.01057902925 0.001362804161)
(4.056740645 0.02096961334 0.002362929413)
(4.114897513 0.03824309046 0.003720379824)
(4.216198331 0.06432357175 0.005311474629)
(4.379268437 0.1000103495 0.006852324316)
(4.622398412 0.1440597398 0.007932889571)
(4.95884981 0.1926589477 0.008127706499)
(5.391867602 0.2397018835 0.007152961473)
(5.911184065 0.2779957857 0.005002660141)
(6.492630284 0.3010939136 0.001993079931)
(7.101483775 0.3050991326 -0.001316519242)
(7.698773404 0.2897352525 -0.004297902275)
(8.248617654 0.2582850673 -0.006446974556)
(8.724350385 0.2164827338 -0.007515656461)
(9.111800247 0.170858208 -0.007538784953)
(9.409263855 0.1271673795 -0.0067648931)
(9.624855864 0.08938391002 -0.005537788797)
(9.772564564 0.05941314549 -0.004183492208)
(9.868356529 0.03739572202 -0.002938801777)
(9.927235319 0.02231701833 -0.001930141082)
(9.96157814 0.0126434973 -0.001190112817)
(9.980610179 0.006808340835 -0.0006911911602)
(9.990642862 0.003488749648 -0.0003791451793)
(9.995679351 0.001703139578 -0.0001968904211)
(9.998089816 0.0007929884219 -9.699383019e-05)
(9.999190866 0.0003525261251 -4.541070666e-05)
(9.999671379 0.0001497901745 -2.023894584e-05)
(9.999871939 6.089633295e-05 -8.599944227e-06)
(9.999952081 2.371111512e-05 -3.488967228e-06)
(9.999982769 8.851002599e-06 -1.353218455e-06)
(9.999994042 3.170509072e-06 -5.02402697e-07)
(9.999998017 1.090857581e-06 -1.787573872e-07)
(9.999999364 3.60833195e-07 -6.102311426e-08)
(9.999999804 1.148502074e-07 -2.000836672e-08)
)
;

boundaryField
{
    left
    {
        type            dirichlet;
        value           uniform (4 0 0);
    }
    right
    {
        type            dirichlet;
        value           uniform (4 0 0);
    }
    sides
    {
        type            empty;
    }
}


// ************************************************************************* //
