/*--------------------------------*- C++ -*----------------------------------*\
| =========                 |                                                 |
| \\      /  F ield         | foam-extend: Open Source CFD                    |
|  \\    /   O peration     | Version:     4.1                                |
|   \\  /    A nd           | Web:         http://www.foam-extend.org         |
|    \\/     M anipulation  |                                                 |
\*---------------------------------------------------------------------------*/
FoamFile
{
    version     2.0;
    format      ascii;
    class       cellScalarField;
    location    "27.7";
    object      T;
}
// * * * * * * * * * * * * * * * * * * * * * * * * * * * * * * * * * * * * * //

dimensions      [0 0 0 0 1 0 0];

internalField   nonuniform 
100
(
(4 -5.703630593e-17 1.624202108e-17)
(4 -1.523854719e-16 -1.525539519e-17)
(4 1.970944699e-16 -1.316462386e-16)
(4 -9.892704642e-18 2.083766228e-16)
(4 -1.3809203e-16 1.802798405e-17)
(4 -4.274247854e-16 -1.716081505e-16)
(4 4.824238283e-16 1.206109136e-16)
(4 -4.907166173e-16 1.390347363e-16)
(4 8.12171559e-16 1.534695435e-16)
(4 -1.432500393e-15 -1.685397421e-17)
(4 1.396235261e-16 -5.124607327e-17)
(4 3.26555447e-16 -2.588888462e-17)
(4 5.297547648e-16 5.157039901e-17)
(4 8.071809295e-18 -5.447912624e-17)
(4 -2.568486892e-16 1.747543135e-16)
(4 9.810827769e-17 -7.533677432e-17)
(4 -2.720555767e-16 -2.013813029e-16)
(4 8.460313752e-16 1.630151428e-16)
(4 -7.773453448e-16 2.442183808e-16)
(4 7.435809278e-16 -1.070019583e-17)
(4 -9.984493649e-16 -1.411482735e-16)
(4 9.060322565e-16 -5.783916092e-17)
(4 -8.368922707e-16 -2.539961987e-17)
(4 8.247036883e-16 -1.853993365e-16)
(4 -8.466940363e-16 4.726022603e-16)
(4 2.677329768e-16 -1.999573101e-16)
(4 -2.330751227e-16 3.958680189e-17)
(4 -1.771367651e-16 -6.911738707e-17)
(4 -2.810234541e-16 -8.265007178e-18)
(4 3.820127378e-16 5.125186431e-17)
(4 -3.721882146e-17 1.681894225e-16)
(4 5.457726578e-15 4.218332737e-15)
(4 9.096071676e-14 4.861887646e-14)
(4 1.047063544e-12 5.396365147e-13)
(4 1.12182196e-11 5.582161109e-12)
(4 1.115471047e-10 5.31944859e-11)
(4.000000001 1.020095941e-09 4.636416722e-10)
(4.000000009 8.521778422e-09 3.669237954e-09)
(4.000000069 6.458253483e-08 2.614780712e-08)
(4.000000493 4.400625523e-07 1.658472991e-07)
(4.000003146 2.666149879e-06 9.241643753e-07)
(4.000017818 1.421106609e-05 4.476835471e-06)
(4.000089014 6.615832617e-05 1.873779253e-05)
(4.000390809 0.0002681676301 6.763103491e-05)
(4.001507523 0.0009467935478 0.0002106932606)
(4.005121155 0.002919543138 0.0005679105157)
(4.015382484 0.00789500247 0.001328204143)
(4.041061143 0.01881097274 0.002701849665)
(4.097953267 0.03968461267 0.004786575703)
(4.210069158 0.07448923874 0.00737916857)
(4.407489858 0.1249844707 0.009855159634)
(4.719464547 0.1882941928 0.01127108613)
(5.16372586 0.2557713848 0.01073675419)
(5.736045945 0.3144900678 0.007896878786)
(6.405484334 0.3513207245 0.003221026444)
(7.118912748 0.357806862 -0.002119784013)
(7.81388948 0.3333196272 -0.006745067968)
(8.434622489 0.2848927003 -0.009636985176)
(8.944445036 0.2240683017 -0.01047511671)
(9.330558527 0.1626167925 -0.009602875074)
(9.600915899 0.1091909205 -0.007728150125)
(9.776377985 0.06800530444 -0.005573746267)
(9.882181111 0.03938098708 -0.003648183209)
(9.941595291 0.02125337818 -0.002185708261)
(9.972735812 0.01071366477 -0.001206310334)
(9.988002266 0.005055360444 -0.0006163937932)
(9.995017248 0.002237546899 -0.0002928139298)
(9.998044579 0.0009308268631 -0.0001297780803)
(9.999273936 0.0003646564142 -5.383220124e-05)
(9.999744583 0.0001347816081 -2.095701741e-05)
(9.999914758 4.708649655e-05 -7.676629202e-06)
(9.999972974 1.557553029e-05 -2.65207781e-06)
(9.999991849 4.886606226e-06 -8.660172647e-07)
(9.999997658 1.45647691e-06 -2.678439388e-07)
(9.999999358 4.130688707e-07 -7.861244054e-08)
(9.999999832 1.116432768e-07 -2.193558878e-08)
(9.999999958 2.879923308e-08 -5.829218807e-09)
(9.99999999 7.100577235e-09 -1.477723144e-09)
(9.999999998 1.675615665e-09 -3.579185345e-10)
(9.999999999 3.78975607e-10 -8.295371279e-11)
(10 8.225869705e-11 -1.842460386e-11)
(10 1.715227154e-11 -3.926864481e-12)
(10 3.439084372e-12 -8.047346002e-13)
(10 6.639195028e-13 -1.578056194e-13)
(10 1.255232083e-13 -2.912161518e-14)
(10 2.321419871e-14 -4.778224912e-15)
(10 7.068785596e-15 -2.520199569e-15)
(10 -3.42548362e-16 -7.431575691e-17)
(10 -2.365160087e-16 8.379820354e-17)
(10 -1.510893613e-15 4.946240163e-17)
(10 8.015121189e-16 -5.452820441e-16)
(10 1.996726222e-16 1.513196775e-16)
(10 -3.167397171e-16 5.295983968e-16)
(10 -1.719494732e-16 1.448087507e-16)
(10 3.464632874e-16 1.378646905e-18)
(10 -5.001457935e-17 4.946768667e-16)
(10 3.813728472e-16 8.731248539e-17)
(10 -3.76047767e-16 -1.909673919e-16)
(10 -3.959860424e-16 1.06228328e-16)
(10 -1.215988301e-15 3.863218962e-15)
)
;

boundaryField
{
    left
    {
        type            dirichlet;
        value           uniform (4 0 0);
    }
    right
    {
        type            dirichlet;
        value           uniform (4 0 0);
    }
    sides
    {
        type            empty;
    }
}


// ************************************************************************* //
