/*--------------------------------*- C++ -*----------------------------------*\
| =========                 |                                                 |
| \\      /  F ield         | foam-extend: Open Source CFD                    |
|  \\    /   O peration     | Version:     4.1                                |
|   \\  /    A nd           | Web:         http://www.foam-extend.org         |
|    \\/     M anipulation  |                                                 |
\*---------------------------------------------------------------------------*/
FoamFile
{
    version     2.0;
    format      ascii;
    class       cellScalarField;
    location    "40.8";
    object      T;
}
// * * * * * * * * * * * * * * * * * * * * * * * * * * * * * * * * * * * * * //

dimensions      [0 0 0 0 1 0 0];

internalField   nonuniform 
100
(
(4 -5.703630593e-17 1.624202108e-17)
(4 -1.047713789e-17 7.961215877e-17)
(4 -1.625131008e-16 -8.272989681e-17)
(4 -1.127979704e-16 7.560165269e-17)
(4 -7.931707586e-17 1.492079898e-16)
(4 -4.928850097e-16 1.100841148e-16)
(4 3.906393891e-16 -1.122059767e-16)
(4 -1.416925074e-16 -2.264367255e-17)
(4 6.403369812e-16 1.614935964e-16)
(4 -1.155039822e-15 -3.21458333e-17)
(4 3.046884737e-16 1.447943651e-16)
(4 -5.68184558e-16 -3.606793606e-17)
(4 1.41836031e-15 -1.749516948e-16)
(4 -5.417373286e-16 -7.218181201e-18)
(4 4.390019056e-16 3.6800102e-17)
(4 -4.162494833e-16 -1.291033221e-16)
(4 7.108776257e-16 -6.719911603e-17)
(4 -9.147400956e-16 -3.812831411e-19)
(4 2.433437608e-16 -6.660187544e-17)
(4 -1.701602635e-16 8.232854255e-17)
(4 -1.059741882e-16 3.04500626e-17)
(4 1.089555242e-16 -1.359424495e-16)
(4 -5.875867752e-17 2.628650966e-17)
(4 -6.349227617e-17 -5.931200622e-17)
(4 -1.422017687e-16 1.308824414e-17)
(4 1.475553074e-16 9.534091845e-17)
(4 4.360042588e-17 2.566465648e-16)
(4 -1.399301508e-16 -5.69425908e-17)
(4 -3.881008439e-16 -2.643041055e-17)
(4 3.307286634e-16 -3.661210605e-17)
(4 4.269895652e-16 8.744200335e-17)
(4 -1.712599818e-16 2.317849807e-16)
(4 1.693861854e-16 -2.906227446e-17)
(4 -4.427548921e-16 -9.356410367e-17)
(4 4.427605684e-16 3.079735137e-16)
(4 -4.436302288e-16 -1.951429833e-16)
(4 1.53375949e-15 9.393556062e-17)
(4 -1.600050744e-15 2.429197881e-16)
(4 1.068587638e-15 -9.289864135e-17)
(4 -8.855994946e-16 -1.957814549e-16)
(4 9.874567585e-16 1.398564308e-16)
(4 -8.425403914e-16 1.238652148e-16)
(4 7.411649434e-16 8.220164652e-17)
(4 -9.877359858e-16 3.164680739e-16)
(4 -1.120718414e-16 -3.164702357e-16)
(4 1.110039893e-15 -2.374777597e-17)
(4 -8.471907631e-16 -4.547908126e-17)
(4 8.395376922e-16 5.399320638e-17)
(4 -9.187395589e-16 -9.392638111e-17)
(4 3.393475899e-16 2.826213447e-17)
(4 -8.604013883e-18 -1.82767879e-17)
(4 3.442004055e-16 4.638615545e-16)
(4 4.470622225e-15 1.641587345e-15)
(4 4.035189409e-14 1.975160456e-14)
(4 3.577108118e-13 1.584331114e-13)
(4 2.867603926e-12 1.212121723e-12)
(4 2.137402259e-11 8.666053172e-12)
(4 1.484041325e-10 5.7472057e-11)
(4.000000001 9.558161325e-10 3.519660792e-10)
(4.000000007 5.686440199e-09 1.981430666e-09)
(4.000000039 3.112375761e-08 1.021036994e-08)
(4.000000203 1.561719304e-07 4.799115775e-08)
(4.000000976 7.164940784e-07 2.05232017e-07)
(4.000004309 3.000511523e-06 7.973723716e-07)
(4.000017438 1.146195024e-05 2.813158852e-06)
(4.000064659 3.994746878e-05 9.014912293e-06)
(4.000219866 0.0001271384057 2.626129336e-05)
(4.000686595 0.0003700263107 6.962348805e-05)
(4.001972718 0.0009865527465 0.000168206417)
(4.005226275 0.002414341139 0.0003707947093)
(4.012797313 0.005434740638 0.0007466510439)
(4.02903667 0.01127700584 0.001374521695)
(4.061210562 0.02161607782 0.002314104365)
(4.120211327 0.03835726486 0.003561591365)
(4.220559958 0.06313974282 0.005003621104)
(4.379166597 0.09660757498 0.006395527132)
(4.612574662 0.1376609312 0.0073900251)
(4.932975578 0.183023769 0.007624861663)
(5.343958443 0.2274447592 0.006847177129)
(5.837410196 0.2646424345 0.005025131168)
(6.39288816 0.2887832142 0.002392857636)
(6.980070195 0.2960049549 -0.0005996087714)
(7.563809634 0.285430068 -0.003416065323)
(8.110369437 0.2593035266 -0.005590896084)
(8.593025459 0.222247092 -0.006850354712)
(8.995563244 0.1799583511 -0.007157090799)
(9.313039938 0.1378431622 -0.006674336379)
(9.550123772 0.1000059697 -0.005678784321)
(9.717968629 0.06880605396 -0.004464010714)
(9.830751945 0.04494728856 -0.003268266612)
(9.902765094 0.02790982731 -0.002241199316)
(9.946506618 0.01649201958 -0.001445579447)
(9.971809075 0.009283809729 -0.0008799088053)
(9.985762378 0.00498395572 -0.000506806366)
(9.993105549 0.002554261977 -0.0002768520058)
(9.996797178 0.001250939553 -0.0001437194282)
(9.998571796 0.0005860197386 -7.102451779e-05)
(9.999388301 0.0002628501466 -3.346675436e-05)
(9.999748203 0.0001129872292 -1.505773388e-05)
(9.999900319 4.658769494e-05 -6.477791102e-06)
)
;

boundaryField
{
    left
    {
        type            dirichlet;
        value           uniform (4 0 0);
    }
    right
    {
        type            dirichlet;
        value           uniform (4 0 0);
    }
    sides
    {
        type            empty;
    }
}


// ************************************************************************* //
