/*--------------------------------*- C++ -*----------------------------------*\
| =========                 |                                                 |
| \\      /  F ield         | foam-extend: Open Source CFD                    |
|  \\    /   O peration     | Version:     4.1                                |
|   \\  /    A nd           | Web:         http://www.foam-extend.org         |
|    \\/     M anipulation  |                                                 |
\*---------------------------------------------------------------------------*/
FoamFile
{
    version     2.0;
    format      ascii;
    class       cellScalarField;
    location    "41.6";
    object      T;
}
// * * * * * * * * * * * * * * * * * * * * * * * * * * * * * * * * * * * * * //

dimensions      [0 0 0 0 1 0 0];

internalField   nonuniform 
100
(
(4 -5.703630593e-17 1.624202108e-17)
(4 -3.336075513e-17 1.971582512e-16)
(4 4.158114567e-17 8.388991983e-17)
(4 -2.471143625e-17 1.357693925e-16)
(4 -1.608687575e-16 -7.1136132e-17)
(4 -4.376921451e-16 -7.009934941e-17)
(4 4.887989979e-16 -6.349512549e-17)
(4 -2.26848693e-16 2.356505415e-16)
(4 6.973414608e-16 2.177566745e-16)
(4 -1.427646211e-15 1.527264306e-16)
(4 1.300811e-17 -4.425890415e-18)
(4 2.725514744e-16 -1.010972564e-16)
(4 5.006395584e-16 2.096569004e-16)
(4 -4.10482395e-16 2.601522568e-16)
(4 1.074577794e-16 1.086955468e-16)
(4 -4.49794854e-17 -3.37033431e-17)
(4 4.473019691e-16 -8.917238872e-17)
(4 -5.375913073e-16 1.769943242e-16)
(4 5.47621189e-16 4.039910649e-17)
(4 -8.986953702e-16 -6.821414145e-17)
(4 8.357572394e-16 1.229558377e-17)
(4 -6.073117958e-16 4.63397588e-16)
(4 2.652885172e-16 -2.328196391e-17)
(4 5.096897855e-18 4.73505453e-17)
(4 -8.182609149e-17 -9.760844764e-18)
(4 -2.14280679e-17 1.019588645e-16)
(4 -4.940905082e-17 -1.683381127e-17)
(4 1.682092295e-17 8.750474053e-17)
(4 -3.917612604e-16 5.452129018e-18)
(4 5.713315838e-16 -1.135045231e-16)
(4 -1.764004014e-16 -7.071613407e-17)
(4 -2.099770445e-17 3.307221746e-17)
(4 1.006960502e-16 -1.681075641e-16)
(4 -4.584759849e-16 7.700102129e-17)
(4 3.588936746e-16 -3.360351188e-18)
(4 -1.539561238e-16 4.936108551e-17)
(4 7.53415567e-16 1.741482158e-16)
(4 -8.866227564e-16 -1.633864e-17)
(4 6.437181576e-16 -1.165844788e-16)
(4 3.80836786e-17 -4.147252916e-18)
(4 4.647503286e-17 3.929455559e-16)
(4 -2.421203653e-16 -2.946840689e-16)
(4 7.406120603e-16 -2.407434464e-17)
(4 -5.173730892e-16 -2.920648098e-17)
(4 -2.71491455e-16 6.505217591e-17)
(4 3.389181486e-16 4.519440113e-17)
(4 -1.771167396e-16 -4.482080795e-17)
(4 1.843200108e-16 2.758616853e-16)
(4 -4.736176435e-16 -7.28535362e-17)
(4 1.968349713e-16 1.886646364e-16)
(4 -1.719679089e-16 1.850411754e-16)
(4 -2.226208967e-17 -1.600134164e-16)
(4 2.484352544e-16 1.171734421e-16)
(4 3.215948287e-15 9.322090861e-16)
(4 1.880385344e-14 9.560671939e-15)
(4 1.786351855e-13 7.84994805e-14)
(4 1.438868222e-12 6.109407672e-13)
(4 1.079204799e-11 4.39492612e-12)
(4 7.552417328e-11 2.941534867e-11)
(4.000000001 4.912382634e-10 1.822205335e-10)
(4.000000004 2.957903554e-09 1.040198996e-09)
(4.00000002 1.642354661e-08 5.449107973e-09)
(4.000000108 8.379787152e-08 2.610352024e-08)
(4.000000528 3.918253928e-07 1.14050737e-07)
(4.000002377 1.675922904e-06 4.537476828e-07)
(4.000009823 6.551434818e-06 1.642649559e-06)
(4.000037251 2.340618737e-05 5.411549611e-06)
(4.000129728 7.647734526e-05 1.623397954e-05)
(4.000415378 0.0002288073582 4.439127489e-05)
(4.001224871 0.0006278161574 0.0001107815041)
(4.003333003 0.001582767575 0.0002526270861)
(4.008387749 0.003673529953 0.0005270361109)
(4.01956843 0.007865420901 0.001006826067)
(4.042428235 0.01556790376 0.001762238094)
(4.085717388 0.02854289778 0.002825960755)
(4.161792474 0.04857330427 0.00414842059)
(4.286099836 0.07687346433 0.00556237021)
(4.475313176 0.1133585086 0.006782450642)
(4.744088475 0.1560345309 0.007458145226)
(5.101002499 0.2008335724 0.007275669833)
(5.54481569 0.2421204208 0.006075538788)
(6.062419152 0.2738469816 0.003935248795)
(6.629475111 0.2910318534 0.001174590003)
(7.2139051 0.2910568578 -0.001726290457)
(7.781369927 0.2743116419 -0.004265701978)
(8.301180082 0.2439726959 -0.006060415602)
(8.75098917 0.2050448656 -0.006934164611)
(9.119158681 0.1630524713 -0.006929367302)
(9.404551789 0.1228338748 -0.006251608467)
(9.614319101 0.08776982522 -0.005180369785)
(9.760684095 0.05955474546 -0.003983753225)
(9.857742448 0.03841705413 -0.002862704656)
(9.918977755 0.02358557579 -0.001931789852)
(9.955774367 0.01379584788 -0.001228788469)
(9.976855878 0.007696298513 -0.0007389792423)
(9.988383052 0.004099087265 -0.0004212158914)
(9.994404475 0.002086378183 -0.0002280423658)
(9.997412268 0.001015822054 -0.0001174814744)
(9.998850326 0.0004735533283 -5.76877383e-05)
(9.999509018 0.0002115655578 -2.704003918e-05)
)
;

boundaryField
{
    left
    {
        type            dirichlet;
        value           uniform (4 0 0);
    }
    right
    {
        type            dirichlet;
        value           uniform (4 0 0);
    }
    sides
    {
        type            empty;
    }
}


// ************************************************************************* //
