/*--------------------------------*- C++ -*----------------------------------*\
| =========                 |                                                 |
| \\      /  F ield         | foam-extend: Open Source CFD                    |
|  \\    /   O peration     | Version:     4.1                                |
|   \\  /    A nd           | Web:         http://www.foam-extend.org         |
|    \\/     M anipulation  |                                                 |
\*---------------------------------------------------------------------------*/
FoamFile
{
    version     2.0;
    format      ascii;
    class       cellScalarField;
    location    "3.2";
    object      T;
}
// * * * * * * * * * * * * * * * * * * * * * * * * * * * * * * * * * * * * * //

dimensions      [0 0 0 0 1 0 0];

internalField   nonuniform 
100
(
(3.99999972 -1.195430578e-06 -4.141207215e-07)
(4.000030946 7.033774811e-05 4.284340752e-05)
(4.000439593 2.759592023e-05 -1.299837449e-05)
(4.010873608 0.01844278776 0.01694143752)
(4.246541917 0.2731506336 0.08588884959)
(5.360207461 0.8498088054 0.07611441942)
(7.327274998 1.015761814 -0.04565477002)
(8.976072989 0.5933061725 -0.08079890909)
(9.735221458 0.1984724974 -0.03972925198)
(9.951088803 0.0432301182 -0.01061455848)
(9.993112415 0.006801850125 -0.001893451967)
(9.999217721 0.0008357577377 -0.0002531812957)
(9.999925117 8.481245929e-05 -2.730516701e-05)
(9.999993755 7.398931075e-06 -2.494295786e-06)
(9.999999535 5.713008832e-07 -1.99687926e-07)
(9.999999968 3.989804206e-08 -1.435990767e-08)
(9.999999998 2.561957002e-09 -9.447303492e-10)
(10 1.532020904e-10 -5.766316089e-11)
(10 8.618295587e-12 -3.301035307e-12)
(10 4.60914315e-13 -1.793102243e-13)
(10 2.163267896e-14 -8.835017973e-15)
(10 -4.245481591e-16 2.927822574e-16)
(10 7.75495765e-17 -1.749122727e-16)
(10 1.410890763e-16 1.686956853e-16)
(10 -9.969481272e-17 -3.63357557e-16)
(10 8.183481669e-16 9.254132062e-17)
(10 -1.600248325e-15 3.284421366e-16)
(10 7.609215901e-16 -9.29909982e-16)
(10 1.409132874e-17 -5.080786348e-16)
(10 2.319362963e-16 -3.377018344e-16)
(10 1.915064378e-16 -5.531108996e-16)
(10 -3.754529515e-17 -3.116263824e-16)
(10 4.619274875e-17 3.201982936e-16)
(10 -4.96532389e-17 -5.651791962e-18)
(10 3.232626146e-16 3.502583533e-16)
(10 -4.601928858e-16 -7.640301947e-17)
(10 2.618813494e-16 2.949202433e-17)
(10 -1.365865064e-16 -1.744219838e-17)
(10 2.188364463e-16 -5.564608176e-16)
(10 1.000862123e-15 -5.078880214e-16)
(10 -1.354184949e-16 7.67388769e-17)
(10 -4.236895985e-18 2.400961845e-18)
(10 -1.325615648e-19 7.511991338e-20)
(10 -4.147510002e-21 2.350308647e-21)
(10 -1.297649077e-22 7.353510527e-23)
(10 -4.060009803e-24 2.300724083e-24)
(10 -1.270272518e-25 7.198373197e-26)
(10 -3.974355601e-27 2.252185608e-27)
(10 -1.243473524e-28 7.046508807e-29)
(10 -3.890508449e-30 2.204671151e-30)
(10 -1.217239909e-31 6.897848307e-32)
(10 -3.808430225e-33 2.158159109e-33)
(10 -1.191559747e-34 6.752324105e-35)
(10 -3.728083609e-36 2.112628333e-36)
(10 -1.16642136e-37 6.609870033e-38)
(10 -3.649432069e-39 2.068058123e-39)
(10 -1.141813318e-40 6.470421321e-41)
(10 -3.572439844e-42 2.024428212e-42)
(10 -1.117724433e-43 6.333914564e-44)
(10 -3.497071927e-45 1.981718763e-45)
(10 -1.094143753e-46 6.200287696e-47)
(10 -3.42329405e-48 1.939910356e-48)
(10 -1.071060555e-49 6.069479958e-50)
(10 -3.351072666e-51 1.898983983e-51)
(10 -1.048464343e-52 5.941431872e-53)
(10 -3.280374936e-54 1.858921033e-54)
(10 -1.026344843e-55 5.816085211e-56)
(10 -3.211168711e-57 1.819703287e-57)
(10 -1.004691995e-58 5.693382968e-59)
(10 -3.143422511e-60 1.781312907e-60)
(10 -9.834959464e-62 5.573269315e-62)
(10 -3.077105502e-63 1.743732419e-63)
(10 -9.62747047e-65 5.455689554e-65)
(10 -3.012187469e-66 1.706944698e-66)
(10 -9.424358343e-68 5.34059006e-68)
(10 -2.948638774e-69 1.670932947e-69)
(10 -9.22553023e-71 5.227918206e-71)
(10 -2.886430321e-72 1.635680675e-72)
(10 -9.030894956e-74 5.117622318e-74)
(10 -2.825533545e-75 1.601171695e-75)
(10 -8.840363083e-77 5.009651717e-77)
(10 -2.76592048e-78 1.567390162e-78)
(10 -8.653847357e-80 4.903956995e-80)
(10 -2.707564005e-81 1.53432073e-81)
(10 -8.471263988e-83 4.800490781e-83)
(10 -2.650438463e-84 1.501948915e-84)
(10 -8.292535449e-86 4.699209399e-86)
(10 -2.594520896e-87 1.470261821e-87)
(10 -8.117595824e-89 4.600076009e-89)
(10 -2.539793295e-90 1.439249467e-90)
(10 -7.946400051e-92 4.503066011e-92)
(10 -2.486246331e-93 1.408906952e-93)
(10 -7.778938724e-95 4.40817565e-95)
(10 -2.433885126e-96 1.379237811e-96)
(10 -7.615260253e-98 4.31543486e-98)
(10 -2.382737643e-99 1.350258865e-99)
(10 -7.45550216e-101 4.224925323e-101)
(10 -2.332866194e-102 1.322006853e-102)
(10 -7.299932855e-104 4.136804514e-104)
(10 2.249102326e-16 3.59027054e-15)
)
;

boundaryField
{
    left
    {
        type            dirichlet;
        value           uniform (4 0 0);
    }
    right
    {
        type            dirichlet;
        value           uniform (4 0 0);
    }
    sides
    {
        type            empty;
    }
}


// ************************************************************************* //
