/*--------------------------------*- C++ -*----------------------------------*\
| =========                 |                                                 |
| \\      /  F ield         | foam-extend: Open Source CFD                    |
|  \\    /   O peration     | Version:     4.1                                |
|   \\  /    A nd           | Web:         http://www.foam-extend.org         |
|    \\/     M anipulation  |                                                 |
\*---------------------------------------------------------------------------*/
FoamFile
{
    version     2.0;
    format      ascii;
    class       cellScalarField;
    location    "35.5";
    object      T;
}
// * * * * * * * * * * * * * * * * * * * * * * * * * * * * * * * * * * * * * //

dimensions      [0 0 0 0 1 0 0];

internalField   nonuniform 
100
(
(4 -5.703630593e-17 1.624202108e-17)
(4 -1.927957016e-16 1.177378932e-16)
(4 6.25440469e-17 -3.585088165e-17)
(4 -1.350834066e-17 -1.605670371e-16)
(4 -8.747390116e-17 1.07759831e-16)
(4 -4.835749299e-16 -2.389902935e-16)
(4 4.027192231e-16 4.738554256e-17)
(4 -3.502476844e-16 -2.167777198e-16)
(4 9.409177262e-16 7.902846528e-17)
(4 -1.296763189e-15 1.525001082e-16)
(4 3.493161278e-16 -7.542328717e-18)
(4 -5.842936227e-16 1.153849402e-16)
(4 9.300441534e-16 3.180718451e-17)
(4 1.346229971e-19 -5.650863381e-17)
(4 9.633221792e-18 -9.207648716e-17)
(4 1.574784546e-17 2.478542423e-17)
(4 1.735254147e-16 1.27617712e-16)
(4 -4.460504233e-16 -1.354554258e-17)
(4 7.364404767e-16 8.054123249e-17)
(4 -9.388244618e-16 -1.427620026e-16)
(4 1.062603143e-15 -6.688507027e-17)
(4 -7.227578491e-16 1.697793741e-16)
(4 5.597008494e-16 1.013006019e-16)
(4 -6.627305199e-16 1.813033383e-16)
(4 5.0344329e-16 4.940939182e-17)
(4 -1.074183256e-15 1.004659474e-16)
(4 5.08259776e-16 -2.119702867e-16)
(4 7.292613253e-17 -4.366679909e-17)
(4 -6.965796474e-16 6.887613785e-17)
(4 5.201715866e-16 7.055829278e-18)
(4 5.921355254e-17 2.008858772e-16)
(4 -2.816622116e-16 1.256039309e-16)
(4 9.964982879e-17 -1.724027319e-16)
(4 -4.812300546e-16 -1.02947642e-16)
(4 7.683875834e-16 8.464125768e-17)
(4 -9.041784995e-16 -8.409509464e-17)
(4 4.470277457e-16 6.682504287e-17)
(4 -3.645480383e-16 1.786948811e-16)
(4 -1.910453624e-17 3.962143629e-17)
(4 1.634973022e-16 -8.725814328e-17)
(4 1.377393412e-16 2.160290367e-17)
(4 -1.342308725e-16 -7.239953677e-17)
(4 6.125309411e-17 2.152684218e-17)
(4 6.856509339e-16 9.928022562e-16)
(4 2.018829459e-14 1.075867721e-14)
(4 2.096541399e-13 9.934059379e-14)
(4 1.904127187e-12 8.710216494e-13)
(4 1.625309353e-11 7.131970487e-12)
(4 1.287343803e-10 5.403030378e-11)
(4.000000001 9.429567759e-10 3.765872174e-10)
(4.000000007 6.352356488e-09 2.400277553e-09)
(4.000000046 3.913037763e-08 1.389925448e-08)
(4.000000269 2.191352496e-07 7.267006495e-08)
(4.000001431 1.110029962e-06 3.413292841e-07)
(4.000006911 5.06749392e-06 1.435505499e-06)
(4.000030193 2.080760461e-05 5.397081275e-06)
(4.000119267 7.681289634e-05 1.813703194e-05)
(4.000426239 0.0002551461865 5.452501655e-05)
(4.001380467 0.0007639060655 0.0001468510962)
(4.00406145 0.002066313964 0.0003549337283)
(4.010886209 0.005063111572 0.0007711216037)
(4.0266693 0.01127032024 0.001507949531)
(4.059920724 0.02285636248 0.002656245269)
(4.123915825 0.04235194225 0.004213931722)
(4.236735743 0.07190297481 0.006010561466)
(4.419409715 0.1121494382 0.007675990006)
(4.691758904 0.1611185185 0.008700545131)
(5.066554729 0.2137290375 0.008594882904)
(5.54375066 0.2624059013 0.007095079843)
(6.107129505 0.2988480694 0.00431351393)
(6.725190023 0.3163908757 0.0007473773969)
(7.356542432 0.3120196093 -0.002873798159)
(7.958226257 0.2871924479 -0.005834229978)
(8.494183429 0.247178082 -0.007657371644)
(8.941210351 0.1992838114 -0.008216348033)
(9.290934164 0.1507675199 -0.007702526638)
(9.547987128 0.1072105523 -0.006494681362)
(9.725781439 0.07177205252 -0.005003873533)
(9.841680211 0.04530344467 -0.003557564715)
(9.912990327 0.02700303752 -0.002349827787)
(9.954462775 0.01522040483 -0.001449203887)
(9.97729299 0.008124173062 -0.0008377868779)
(9.989205125 0.004112069668 -0.0004554472957)
(9.995103998 0.001976250129 -0.0002334636207)
(9.997879892 0.0009029820922 -0.0001131095658)
(9.999122775 0.0003927465973 -5.190234008e-05)
(9.999652897 0.0001628049033 -2.259972225e-05)
(9.999868549 6.439557539e-05 -9.354059305e-06)
(9.999952313 2.43319234e-05 -3.686165486e-06)
(9.999983414 8.792537266e-06 -1.385091189e-06)
(9.999994464 3.041882524e-06 -4.969623229e-07)
(9.999998226 1.008607403e-06 -1.704864989e-07)
(9.999999453 3.208505189e-07 -5.599242281e-08)
(9.999999838 9.802170453e-08 -1.762655088e-08)
(9.999999954 2.878774485e-08 -5.324856497e-09)
(9.999999987 8.135327159e-09 -1.545375587e-09)
(9.999999997 2.214267019e-09 -4.313311711e-10)
(9.999999999 5.809895948e-10 -1.159008238e-10)
(10 1.470883736e-10 -3.001202358e-11)
(10 3.595535541e-11 -7.492866166e-12)
)
;

boundaryField
{
    left
    {
        type            dirichlet;
        value           uniform (4 0 0);
    }
    right
    {
        type            dirichlet;
        value           uniform (4 0 0);
    }
    sides
    {
        type            empty;
    }
}


// ************************************************************************* //
