/*--------------------------------*- C++ -*----------------------------------*\
| =========                 |                                                 |
| \\      /  F ield         | foam-extend: Open Source CFD                    |
|  \\    /   O peration     | Version:     4.1                                |
|   \\  /    A nd           | Web:         http://www.foam-extend.org         |
|    \\/     M anipulation  |                                                 |
\*---------------------------------------------------------------------------*/
FoamFile
{
    version     2.0;
    format      ascii;
    class       cellScalarField;
    location    "1.6";
    object      T;
}
// * * * * * * * * * * * * * * * * * * * * * * * * * * * * * * * * * * * * * //

dimensions      [0 0 0 0 1 0 0];

internalField   nonuniform 
100
(
(4.000156418 -0.002434652479 -0.001162757524)
(4.063544326 0.1328572296 0.1107834307)
(5.267077594 1.161556419 0.1482617367)
(7.953334976 1.255976191 -0.14510083)
(9.572086214 0.3901824465 -0.09383408714)
(9.948511887 0.05615826136 -0.01699841437)
(9.995606957 0.005281768339 -0.001784832096)
(9.999700126 0.0003834287191 -0.000138398577)
(9.999982465 2.340396831e-05 -8.833905982e-06)
(9.999999084 1.26163708e-06 -4.920659549e-07)
(9.999999956 6.194085537e-08 -2.477668247e-08)
(9.999999998 2.827065635e-09 -1.15396311e-09)
(10 1.216951208e-10 -5.050989567e-11)
(10 4.992752178e-12 -2.100844737e-12)
(10 1.956149029e-13 -8.387605276e-14)
(10 8.427871886e-15 -3.184789933e-15)
(10 -4.276797027e-16 -1.128558353e-15)
(10 1.283304695e-15 -2.274714359e-16)
(10 -1.387033086e-15 9.058235821e-16)
(10 1.116976341e-16 -2.107117038e-16)
(10 1.692659423e-16 7.670264722e-17)
(10 -1.370021553e-16 -1.762850806e-17)
(10 2.190381175e-16 -5.565933724e-16)
(10 1.000877929e-15 -5.078975797e-16)
(10 -1.354176832e-16 7.673840162e-17)
(10 -4.236862416e-18 2.400942527e-18)
(10 -1.325603582e-19 7.511922334e-20)
(10 -4.147469285e-21 2.350285127e-21)
(10 -1.297634333e-22 7.353422718e-23)
(10 -4.059943547e-24 2.30068331e-24)
(10 -1.270236067e-25 7.198146437e-26)
(10 -3.974141414e-27 2.252053161e-27)
(10 -1.243351009e-28 7.045759449e-29)
(10 -3.8898468e-30 2.204270791e-30)
(10 -1.216903696e-31 6.895833056e-32)
(10 -3.806816142e-33 2.15719958e-33)
(10 -1.190824288e-34 6.747984449e-35)
(10 -3.724894063e-36 2.110759651e-36)
(10 -1.165104731e-37 6.602212391e-38)
(10 -3.644277944e-39 2.065084926e-39)
(10 -1.139918181e-40 6.459600843e-41)
(10 -3.566030765e-42 2.020823045e-42)
(10 -1.115827934e-43 6.323532099e-44)
(10 -3.492887974e-45 1.979600659e-45)
(10 -1.09408265e-46 6.201377831e-47)
(10 -3.43027904e-48 1.944604575e-48)
(10 -1.076949145e-49 6.106378113e-50)
(10 -3.387338243e-51 1.921147306e-51)
(10 -1.067992717e-52 6.059190184e-53)
(10 -3.377580192e-54 1.917032142e-54)
(10 -1.072197691e-55 6.088501106e-56)
(10 -3.41891368e-57 1.942535142e-57)
(10 -1.095837818e-58 6.230204313e-59)
(10 -3.532773566e-60 2.009884284e-60)
(10 -1.146053882e-61 6.524917357e-62)
(10 -3.742334924e-63 2.132221896e-63)
(10 -1.23016048e-64 7.01398519e-65)
(10 -4.069982549e-66 2.322154252e-66)
(10 -1.35476674e-67 7.734465065e-68)
(10 -4.534384074e-69 2.59008953e-69)
(10 -1.524840311e-70 8.713833785e-71)
(10 -5.147613734e-72 2.94261849e-72)
(10 -1.742860387e-73 9.965242161e-74)
(10 -5.912777887e-75 3.381191774e-75)
(10 -2.00819231e-76 1.148405849e-76)
(10 -6.82251004e-78 3.901298368e-78)
(10 -2.316778885e-79 1.324622573e-79)
(10 -7.858558163e-81 4.492266448e-81)
(10 -2.661192072e-82 1.520866343e-82)
(10 -8.992515589e-84 5.137710597e-84)
(10 -3.031034491e-85 1.731163948e-85)
(10 -1.018758318e-86 5.81655745e-87)
(10 -3.413633088e-88 1.948277334e-88)
(10 -1.140112156e-89 6.504510209e-90)
(10 -3.794934113e-91 2.164214942e-91)
(10 -1.258767385e-92 7.17576958e-93)
(10 -4.16049241e-94 2.370793256e-94)
(10 -1.370211472e-95 7.804816424e-96)
(10 -4.496448352e-97 2.560188394e-97)
(10 -1.470260627e-98 8.36807638e-99)
(10 -4.790399725e-100 2.725425818e-100)
(10 -1.555310122e-101 8.845321762e-102)
(10 -5.032098994e-103 2.860769508e-103)
(10 -1.622521637e-104 9.220712834e-105)
(10 -5.213933868e-106 2.961987587e-106)
(10 -1.669938716e-107 9.483430653e-108)
(10 -5.331176611e-109 3.026486887e-109)
(10 -1.696529772e-110 9.627900271e-111)
(10 -5.382011697e-112 3.053322532e-112)
(10 -1.702164851e-113 9.653641321e-114)
(10 -5.367370116e-115 3.043098995e-115)
(10 -1.687537307e-116 9.56481023e-117)
(10 -5.290610905e-118 2.997785878e-118)
(10 -1.654044412e-119 9.369513936e-120)
(10 -5.157096393e-121 2.920474833e-121)
(10 -1.603641836e-122 9.078979835e-123)
(10 -4.973707999e-124 2.815104087e-124)
(10 -1.53868633e-125 8.706662763e-126)
(10 -4.748345432e-127 2.686174713e-127)
(10 -1.614884746e-15 3.501689663e-15)
)
;

boundaryField
{
    left
    {
        type            dirichlet;
        value           uniform (4 0 0);
    }
    right
    {
        type            dirichlet;
        value           uniform (4 0 0);
    }
    sides
    {
        type            empty;
    }
}


// ************************************************************************* //
