/*--------------------------------*- C++ -*----------------------------------*\
| =========                 |                                                 |
| \\      /  F ield         | foam-extend: Open Source CFD                    |
|  \\    /   O peration     | Version:     4.1                                |
|   \\  /    A nd           | Web:         http://www.foam-extend.org         |
|    \\/     M anipulation  |                                                 |
\*---------------------------------------------------------------------------*/
FoamFile
{
    version     2.0;
    format      ascii;
    class       cellScalarField;
    location    "16.4";
    object      T;
}
// * * * * * * * * * * * * * * * * * * * * * * * * * * * * * * * * * * * * * //

dimensions      [0 0 0 0 1 0 0];

internalField   nonuniform 
100
(
(4 -5.703630593e-17 1.624202108e-17)
(4 -1.51459724e-16 -9.998037119e-17)
(4 -2.136571288e-17 1.643231888e-16)
(4 7.58319074e-17 -1.25564209e-16)
(4 -1.195946115e-16 -8.230740682e-18)
(4 -4.157048162e-16 -1.435455347e-16)
(4 3.790585869e-16 -3.433767367e-17)
(4 -5.145773112e-16 -9.719623736e-18)
(4 1.008100154e-15 -2.516091452e-17)
(4 -1.582352368e-15 3.205764328e-17)
(4 2.216580608e-16 -6.386296915e-17)
(4 1.613620003e-15 1.463502677e-16)
(4 9.238736696e-16 -8.689402067e-17)
(4 7.627694516e-16 1.24218622e-15)
(4 3.205537369e-14 2.217029377e-14)
(4 5.810613053e-13 3.624711417e-13)
(4 1.040235729e-11 6.633715666e-12)
(4 1.670625084e-10 9.674223558e-11)
(4.000000002 2.293201825e-09 1.297640106e-09)
(4.000000027 2.949517304e-08 1.589476947e-08)
(4.000000313 3.317499782e-07 1.653984928e-07)
(4.000003181 3.234751727e-06 1.511652528e-06)
(4.000028452 2.775715431e-05 1.191276287e-05)
(4.00021898 0.0002003335172 7.53235212e-05)
(4.00138767 0.001153089907 0.0003655472848)
(4.007056539 0.005183990132 0.001350417346)
(4.028730791 0.01826783158 0.003825830333)
(4.094679332 0.05113907606 0.008390870548)
(4.256590359 0.1155242678 0.01430586305)
(4.58192184 0.2137964617 0.01880001632)
(5.124055216 0.3286009187 0.01830120887)
(5.882299649 0.4245815064 0.01127290591)
(6.78197957 0.4662087271 2.383018611e-05)
(7.696353917 0.4392804912 -0.01061511727)
(8.499331035 0.358309988 -0.01662074634)
(9.113494113 0.2550438043 -0.01704941347)
(9.525641574 0.1595954351 -0.01368457793)
(9.769968119 0.08840141621 -0.009126313334)
(9.898735904 0.04362352634 -0.005211304749)
(9.959432915 0.01929421367 -0.002595725659)
(9.985167162 0.007692219172 -0.001142744097)
(9.995033838 0.002779289092 -0.0004492014837)
(9.998472253 0.0009147215168 -0.0001589900825)
(9.999566653 0.0002755605276 -5.103224332e-05)
(9.999886265 7.633227872e-05 -1.494853058e-05)
(9.999972284 1.952755764e-05 -4.018648577e-06)
(9.999993707 4.632557862e-06 -9.965764599e-07)
(9.999998665 1.023092471e-06 -2.290463813e-07)
(9.999999734 2.111177228e-07 -4.899938499e-08)
(9.99999995 4.084654374e-08 -9.795880442e-09)
(9.999999991 7.434055336e-09 -1.836909893e-09)
(9.999999999 1.276653854e-09 -3.242011491e-10)
(10 2.074754541e-10 -5.402870171e-11)
(10 3.199164246e-11 -8.52649081e-12)
(10 4.694346357e-12 -1.278971468e-12)
(10 6.559318067e-13 -1.828051417e-13)
(10 8.868549272e-14 -2.495522971e-14)
(10 7.994641536e-15 -2.52694465e-15)
(10 -4.361666014e-16 -2.109815916e-16)
(10 -2.172102477e-16 3.28537583e-17)
(10 -2.031534092e-16 3.771909347e-16)
(10 2.284202969e-16 -4.514662739e-16)
(10 -3.564832483e-17 1.353439723e-16)
(10 -6.736578623e-16 -2.411106827e-16)
(10 3.422267536e-16 -2.070133987e-16)
(10 -3.562458937e-16 -1.131985247e-16)
(10 2.901979979e-16 5.569858067e-16)
(10 -2.16213223e-16 5.997837688e-16)
(10 1.564029504e-16 5.971334724e-16)
(10 -2.438740846e-16 1.896139921e-17)
(10 -4.459331582e-16 -1.116840475e-16)
(10 -6.0126798e-17 -3.656345062e-16)
(10 3.851602609e-16 -1.364485319e-16)
(10 -1.83398135e-16 8.491886658e-17)
(10 -6.909855001e-17 3.276314738e-16)
(10 -4.247380488e-16 3.728337622e-16)
(10 -1.143756641e-16 1.342842715e-16)
(10 -3.08149929e-16 -7.098444294e-17)
(10 1.577025662e-16 7.701374112e-17)
(10 -1.529030375e-16 2.870228084e-17)
(10 1.651579574e-16 -4.191903806e-16)
(10 2.096431519e-16 -2.682792547e-16)
(10 2.304114436e-16 5.632131435e-17)
(10 3.915210899e-16 -1.748897603e-16)
(10 3.446796899e-16 1.634172055e-16)
(10 -2.205518401e-16 -1.010688349e-16)
(10 1.318447792e-16 9.895579466e-17)
(10 1.48035756e-16 1.043734555e-16)
(10 -1.35853353e-16 2.596291957e-16)
(10 -4.390393669e-16 -1.955772101e-16)
(10 5.246542813e-16 -7.496220704e-17)
(10 3.484985983e-17 -4.757744821e-16)
(10 -1.916617388e-16 -3.662457584e-16)
(10 4.49932171e-16 -8.408045859e-17)
(10 -1.112524284e-16 1.31736888e-16)
(10 1.968522986e-16 -6.739499427e-16)
(10 3.146664645e-16 -3.771203536e-16)
(10 -4.632768739e-16 -2.177445674e-16)
(10 -2.068429156e-16 4.898594711e-16)
(10 -1.122310157e-15 4.200276868e-15)
)
;

boundaryField
{
    left
    {
        type            dirichlet;
        value           uniform (4 0 0);
    }
    right
    {
        type            dirichlet;
        value           uniform (4 0 0);
    }
    sides
    {
        type            empty;
    }
}


// ************************************************************************* //
