/*--------------------------------*- C++ -*----------------------------------*\
| =========                 |                                                 |
| \\      /  F ield         | foam-extend: Open Source CFD                    |
|  \\    /   O peration     | Version:     4.1                                |
|   \\  /    A nd           | Web:         http://www.foam-extend.org         |
|    \\/     M anipulation  |                                                 |
\*---------------------------------------------------------------------------*/
FoamFile
{
    version     2.0;
    format      ascii;
    class       cellScalarField;
    location    "31.5";
    object      T;
}
// * * * * * * * * * * * * * * * * * * * * * * * * * * * * * * * * * * * * * //

dimensions      [0 0 0 0 1 0 0];

internalField   nonuniform 
100
(
(4 -5.703630593e-17 1.624202108e-17)
(4 -1.699112925e-16 1.55555583e-16)
(4 2.582644522e-16 -5.71310665e-17)
(4 -4.895927204e-17 -5.791575476e-17)
(4 7.176370698e-17 -1.333626888e-16)
(4 -4.987230806e-16 -3.477503225e-17)
(4 6.769074296e-16 1.269508155e-16)
(4 -4.38447093e-16 2.638882571e-16)
(4 7.228592727e-16 1.686377946e-16)
(4 -1.309918798e-15 -3.553433368e-16)
(4 4.913910225e-16 -7.353984848e-17)
(4 -4.846505507e-16 -3.48186555e-17)
(4 1.332100662e-15 -1.319521865e-16)
(4 -2.996622719e-16 -3.628061529e-16)
(4 4.786527949e-16 2.276423049e-16)
(4 -7.278221494e-16 9.575942914e-17)
(4 2.487569284e-16 -4.37381788e-17)
(4 -1.728215113e-16 6.538270302e-17)
(4 1.516277895e-16 1.318444289e-16)
(4 5.516445032e-17 1.267147301e-16)
(4 -2.924582335e-16 3.871051601e-17)
(4 2.695792692e-16 -1.421073685e-16)
(4 -1.449248088e-16 -2.04373497e-18)
(4 3.759194463e-18 5.399327415e-17)
(4 -1.485713549e-16 1.754851056e-16)
(4 -2.179699331e-17 -2.132644021e-17)
(4 1.777679445e-17 -1.219845266e-16)
(4 -8.524334894e-18 -1.256746532e-16)
(4 -2.106365235e-16 5.019330149e-17)
(4 1.891011468e-16 1.613462393e-16)
(4 -1.284547681e-16 -3.337545816e-17)
(4 4.121281909e-17 2.915748229e-17)
(4 -1.534127182e-16 2.249436873e-16)
(4 -4.214522616e-16 -1.42974494e-16)
(4 1.06577764e-15 -1.437345087e-16)
(4 -8.842784375e-16 2.686366854e-16)
(4 3.439668003e-16 8.385269166e-17)
(4 5.027575649e-15 2.875269689e-15)
(4 6.663519721e-14 3.494537735e-14)
(4 7.137990197e-13 3.501533043e-13)
(4 6.943941618e-12 3.284193384e-12)
(4 6.285884141e-11 2.849999069e-11)
(4.000000001 5.256271318e-10 2.273078581e-10)
(4.000000004 4.036851811e-09 1.655770963e-09)
(4.000000031 2.829339474e-08 1.093117562e-08)
(4.000000208 1.796148981e-07 6.48260706e-08)
(4.000001244 1.024604053e-06 3.423555966e-07)
(4.0000067 5.215795259e-06 1.599236804e-06)
(4.000032295 2.358317744e-05 6.5812159e-06)
(4.000138971 9.451161542e-05 2.382457549e-05)
(4.000533787 0.000335755294 7.590425591e-05)
(4.001832841 0.001059198061 0.0002131708495)
(4.00564151 0.002975524623 0.0005288473493)
(4.015622013 0.007468830406 0.001161421989)
(4.039077539 0.01681251487 0.002261664724)
(4.088690368 0.03406605953 0.003908169816)
(4.183475797 0.06236132331 0.005988196553)
(4.347608161 0.1035036198 0.008108861175)
(4.60607339 0.1562852609 0.009627665315)
(4.977394975 0.2153800657 0.009849118137)
(5.465547255 0.2717363116 0.008329832882)
(6.054482259 0.3147776207 0.005136396801)
(6.708323399 0.3357122316 0.0008945074285)
(7.378047628 0.3304984775 -0.003422059669)
(8.012515149 0.3010830336 -0.006859539798)
(8.569742354 0.2544144222 -0.008818292412)
(9.024456241 0.1998540745 -0.009198227433)
(9.369964271 0.1462630456 -0.008323226231)
(9.614918193 0.0999314209 -0.006728759262)
(9.777276253 0.06386681446 -0.004939133338)
(9.878074025 0.03825440254 -0.003325584392)
(9.936797292 0.02151383031 -0.002068582357)
(9.968957487 0.01138029657 -0.001195031936)
(9.985542576 0.005671951557 -0.0006439069011)
(9.993609819 0.002667927395 -0.0003247300086)
(9.997316934 0.001186246427 -0.0001537366046)
(9.998928786 0.000499356577 -6.85060537e-05)
(9.999592905 0.0001993135788 -2.880049351e-05)
(9.999852583 7.554214369e-05 -1.144776815e-05)
(9.999949079 2.722611307e-05 -4.310712878e-06)
(9.999983204 9.343848975e-06 -1.540573817e-06)
(9.999994704 3.057684193e-06 -5.234425368e-07)
(9.999998402 9.55327748e-07 -1.693612662e-07)
(9.999999538 2.853352125e-07 -5.226204945e-08)
(9.999999872 8.157107988e-08 -1.540360348e-08)
(9.999999966 2.234674921e-08 -4.342391188e-09)
(9.999999991 5.873462643e-09 -1.172430249e-09)
(9.999999998 1.482745251e-09 -3.035663524e-10)
(9.999999999 3.599188753e-10 -7.546764317e-11)
(10 8.409573188e-11 -1.803458476e-11)
(10 1.893336046e-11 -4.148516087e-12)
(10 4.109195391e-12 -9.188489139e-13)
(10 8.611968722e-13 -1.953701604e-13)
(10 1.727442796e-13 -4.079859511e-14)
(10 3.285713733e-14 -6.06760455e-15)
(10 1.237520084e-14 -2.256059107e-15)
(10 -4.180036936e-16 4.92001196e-16)
(10 -1.682125725e-16 -2.383759297e-16)
(10 3.916550095e-16 -2.245523996e-16)
(10 -1.507417071e-15 3.534282798e-15)
)
;

boundaryField
{
    left
    {
        type            dirichlet;
        value           uniform (4 0 0);
    }
    right
    {
        type            dirichlet;
        value           uniform (4 0 0);
    }
    sides
    {
        type            empty;
    }
}


// ************************************************************************* //
