/*--------------------------------*- C++ -*----------------------------------*\
| =========                 |                                                 |
| \\      /  F ield         | foam-extend: Open Source CFD                    |
|  \\    /   O peration     | Version:     4.1                                |
|   \\  /    A nd           | Web:         http://www.foam-extend.org         |
|    \\/     M anipulation  |                                                 |
\*---------------------------------------------------------------------------*/
FoamFile
{
    version     2.0;
    format      ascii;
    class       cellScalarField;
    location    "24.7";
    object      T;
}
// * * * * * * * * * * * * * * * * * * * * * * * * * * * * * * * * * * * * * //

dimensions      [0 0 0 0 1 0 0];

internalField   nonuniform 
100
(
(4 -5.703630593e-17 1.624202108e-17)
(4 -1.57731287e-16 -6.403441675e-17)
(4 -1.66877068e-17 -2.44783632e-17)
(4 -2.720731844e-17 1.466089434e-17)
(4 -5.832967405e-17 -5.972908985e-17)
(4 -3.797832132e-16 8.617859252e-17)
(4 5.235868821e-16 2.630756737e-17)
(4 -2.273573644e-16 -9.569082672e-17)
(4 8.316529896e-16 -1.170197156e-16)
(4 -1.033747771e-15 -9.611393038e-17)
(4 1.248707912e-16 -3.975233923e-18)
(4 1.267085692e-15 -1.198554889e-17)
(4 -8.997610344e-16 2.749435916e-16)
(4 3.936983768e-16 -8.753790707e-17)
(4 4.999058028e-17 -1.424251995e-16)
(4 -1.466109822e-16 -1.303337113e-16)
(4 1.259505435e-16 -1.281069174e-16)
(4 -4.448544677e-17 2.236429594e-16)
(4 2.074778386e-17 2.671190641e-16)
(4 -4.96954992e-16 -1.247496418e-16)
(4 9.097349485e-16 1.813497461e-17)
(4 -7.84691509e-16 -3.985538276e-17)
(4 8.599774781e-16 -1.376660986e-16)
(4 -9.949559606e-16 2.497853017e-16)
(4 8.34482285e-16 1.254252886e-16)
(4 -7.563917716e-17 3.447565863e-16)
(4 3.861126413e-15 1.912754259e-15)
(4 5.203634887e-14 2.874463677e-14)
(4 6.533147042e-13 3.578320826e-13)
(4 7.880485694e-12 4.143949932e-12)
(4 8.738512788e-11 4.411825274e-11)
(4.000000001 8.904239629e-10 4.292013268e-10)
(4.000000008 8.265930924e-09 3.776688206e-09)
(4.000000072 6.936073771e-08 2.984196499e-08)
(4.000000562 5.219655577e-07 2.093662714e-07)
(4.000003934 3.477165885e-06 1.281413105e-06)
(4.000024272 2.018400667e-05 6.725368624e-06)
(4.00013051 0.0001008305432 2.994078371e-05)
(4.000607471 0.0004308660879 0.0001126173291)
(4.002444035 0.001574301064 0.0003581582618)
(4.008521305 0.004934842282 0.0009660908862)
(4.02587891 0.01334139455 0.002218220157)
(4.068906724 0.03129910972 0.004347663133)
(4.162029662 0.0641208411 0.007279666522)
(4.339028982 0.1154155159 0.01038200267)
(4.63616413 0.1835904531 0.01248351126)
(5.079085241 0.2594891193 0.01232477385)
(5.668285944 0.3275456505 0.009271872427)
(6.371026634 0.3709848882 0.003821761282)
(7.125803015 0.378687978 -0.002510967779)
(7.858809246 0.3498103254 -0.00790083191)
(8.504953085 0.2935513393 -0.01105159116)
(9.023815477 0.2246015329 -0.01165438705)
(9.404670806 0.1572204379 -0.01027809546)
(9.661036467 0.10101517 -0.007895155546)
(9.819778055 0.05975726365 -0.005395611904)
(9.910462068 0.0326441234 -0.003323840803)
(9.958391569 0.01651420172 -0.001862524414)
(9.981892238 0.007757570503 -0.0009558600319)
(9.992609644 0.003392657754 -0.0004517426064)
(9.997167031 0.001384802358 -0.0001975046614)
(9.998978387 0.0005288294473 -8.019905137e-05)
(9.999652854 0.0001893790513 -3.035199758e-05)
(9.999888662 6.373950764e-05 -1.073999473e-05)
(9.99996624 2.020612956e-05 -3.563493262e-06)
(9.999990305 6.045872467e-06 -1.111642126e-06)
(9.999997359 1.710833451e-06 -3.26854707e-07)
(9.999999317 4.587431774e-07 -9.079491832e-08)
(9.999999832 1.167762571e-07 -2.38804876e-08)
(9.99999996 2.82711179e-08 -5.959439989e-09)
(9.999999991 6.520586328e-09 -1.413861263e-09)
(9.999999998 1.435190258e-09 -3.194963121e-10)
(10 3.019304372e-10 -6.888982151e-11)
(10 6.080292945e-11 -1.419773962e-11)
(10 1.17398094e-11 -2.800568667e-12)
(10 2.176278038e-12 -5.308323512e-13)
(10 3.855993777e-13 -9.70113938e-14)
(10 6.706103917e-14 -1.647596218e-14)
(10 1.472231162e-14 -3.20377634e-15)
(10 -1.617846738e-16 2.637385948e-16)
(10 1.610665554e-16 -2.234712362e-16)
(10 -4.777832444e-17 1.38463909e-16)
(10 -3.109244926e-17 2.73586581e-16)
(10 -1.723629167e-16 -7.339018852e-17)
(10 5.197846009e-16 -2.048280722e-16)
(10 -5.365325319e-17 7.597325085e-17)
(10 1.419251311e-16 9.151494893e-17)
(10 1.260410258e-16 -6.448428483e-16)
(10 4.535158786e-16 -5.484952445e-16)
(10 -3.782721132e-17 7.094514287e-17)
(10 -2.676864786e-16 -6.10888138e-16)
(10 2.936097689e-16 -4.20698553e-16)
(10 -1.975338046e-16 -2.626171444e-16)
(10 -1.005288276e-16 -6.352602319e-16)
(10 1.568834642e-16 -3.185474816e-16)
(10 1.484645689e-16 -1.253018906e-16)
(10 -8.535137118e-17 1.668250716e-16)
(10 -5.426569203e-17 1.500668732e-16)
(10 9.168272181e-17 -8.279660444e-16)
(10 2.048370507e-16 3.416661565e-15)
)
;

boundaryField
{
    left
    {
        type            dirichlet;
        value           uniform (4 0 0);
    }
    right
    {
        type            dirichlet;
        value           uniform (4 0 0);
    }
    sides
    {
        type            empty;
    }
}


// ************************************************************************* //
