/*--------------------------------*- C++ -*----------------------------------*\
| =========                 |                                                 |
| \\      /  F ield         | foam-extend: Open Source CFD                    |
|  \\    /   O peration     | Version:     4.1                                |
|   \\  /    A nd           | Web:         http://www.foam-extend.org         |
|    \\/     M anipulation  |                                                 |
\*---------------------------------------------------------------------------*/
FoamFile
{
    version     2.0;
    format      ascii;
    class       cellScalarField;
    location    "12.7";
    object      T;
}
// * * * * * * * * * * * * * * * * * * * * * * * * * * * * * * * * * * * * * //

dimensions      [0 0 0 0 1 0 0];

internalField   nonuniform 
100
(
(4 -5.703630593e-17 1.624202108e-17)
(4 -1.264444067e-16 -1.301146756e-16)
(4 -1.028534187e-17 1.454885527e-16)
(4 6.284891492e-17 9.681474399e-18)
(4 -1.739518215e-16 6.384690771e-17)
(4 -3.057660769e-16 2.745003914e-16)
(4 1.520078505e-16 2.31944232e-17)
(4 -5.601462858e-16 1.120595235e-16)
(4 1.102715124e-15 3.630583933e-15)
(4 2.131799453e-13 1.263709507e-13)
(4 2.572912204e-12 1.667551115e-12)
(4 7.172365471e-11 5.312547496e-11)
(4.000000001 1.344190644e-09 7.627094443e-10)
(4.000000018 1.983889952e-08 1.24150635e-08)
(4.000000268 3.076668102e-07 1.739915957e-07)
(4.000003425 3.683548855e-06 1.876576413e-06)
(4.000036719 3.80844027e-05 1.865630166e-05)
(4.000348594 0.0003477479743 0.0001506214733)
(4.002690751 0.002434828299 0.0008564506684)
(4.015659737 0.01223489654 0.00334819675)
(4.068004543 0.04439214628 0.009158030318)
(4.224982567 0.1194729398 0.0178131998)
(4.583666957 0.2452767576 0.0245579392)
(5.222989118 0.3936865122 0.0226965294)
(6.130320795 0.5044699595 0.0102787747)
(7.173900183 0.5253758603 -0.006654162795)
(8.161709381 0.4516366787 -0.01905147864)
(8.94172798 0.3248951901 -0.02232505801)
(9.461859856 0.19800624 -0.01835020997)
(9.758013664 0.1033871749 -0.01182676986)
(9.903477548 0.046729495 -0.006268130118)
(9.965700545 0.01845914732 -0.00280815497)
(9.989086652 0.006429898493 -0.001083806053)
(9.996873979 0.001991535982 -0.0003656217278)
(9.999189413 0.0005527717559 -0.0001090969053)
(9.99980867 0.0001384953085 -2.908554966e-05)
(9.999958668 3.153552344e-05 -6.989660983e-06)
(9.999991786 6.567208443e-06 -1.525978521e-06)
(9.999998491 1.258120937e-06 -3.047916336e-07)
(9.999999742 2.229382026e-07 -5.604959974e-08)
(9.999999959 3.67241314e-08 -9.544490861e-09)
(9.999999994 5.649929391e-09 -1.512913625e-09)
(9.999999999 8.153155427e-10 -2.242982804e-10)
(10 1.107914488e-10 -3.123749891e-11)
(10 1.423244192e-11 -4.102046575e-12)
(10 1.734038705e-12 -5.113803995e-13)
(10 2.003477563e-13 -6.019450323e-14)
(10 2.124173504e-14 -6.796275526e-15)
(10 -1.614123394e-15 -6.136784363e-17)
(10 7.618368601e-16 7.519812482e-17)
(10 2.018930157e-16 -4.074595285e-16)
(10 -1.206231546e-16 5.847789043e-16)
(10 3.620808262e-16 -2.322703142e-16)
(10 -1.137301909e-16 -3.935586747e-17)
(10 -6.526458497e-16 -1.701958687e-16)
(10 2.229148621e-16 -5.77200695e-16)
(10 2.322691113e-16 -1.735056476e-16)
(10 -4.179716593e-16 1.528070867e-16)
(10 -1.792984069e-16 -3.050493697e-16)
(10 3.567690604e-16 -2.049777647e-17)
(10 -4.50902293e-16 4.482762836e-16)
(10 4.48797035e-17 1.610975455e-16)
(10 1.640216673e-16 -5.886843204e-16)
(10 1.765800991e-16 -5.951302707e-16)
(10 2.928971223e-16 -4.151374038e-16)
(10 -3.29660252e-16 1.298357127e-16)
(10 5.238028718e-17 -1.332072023e-16)
(10 -6.082251248e-16 -1.129571514e-16)
(10 -4.693953468e-16 -1.712336629e-16)
(10 2.822858286e-17 3.502926985e-16)
(10 2.542555813e-16 8.961287548e-17)
(10 -1.164422407e-16 -5.585289112e-16)
(10 1.426568368e-16 -2.369766847e-16)
(10 1.583557371e-16 5.903982136e-16)
(10 1.704829239e-17 -1.342957165e-16)
(10 1.882583021e-16 3.433463572e-17)
(10 4.449552277e-16 2.814426783e-16)
(10 1.867974264e-16 -1.65598407e-16)
(10 3.019062416e-16 -1.060316678e-16)
(10 3.067975898e-16 1.009346254e-16)
(10 -2.102122926e-17 4.703813827e-16)
(10 1.061370236e-16 3.374237591e-16)
(10 -1.215946273e-17 5.122827906e-16)
(10 -4.321705763e-16 8.191154994e-17)
(10 -4.574278291e-16 7.799457581e-17)
(10 5.89002528e-17 9.126608209e-17)
(10 -2.636746878e-16 7.057700268e-18)
(10 2.219091026e-16 -2.266250588e-16)
(10 4.114854756e-16 -5.841010676e-16)
(10 1.219332594e-16 -1.49082606e-16)
(10 4.128037213e-16 -3.548634246e-17)
(10 2.676889272e-17 -1.113555581e-17)
(10 1.946377781e-16 -1.774342084e-16)
(10 -1.856183777e-17 5.079110392e-16)
(10 -3.509612402e-16 1.252842271e-16)
(10 1.143195471e-16 1.895531611e-16)
(10 2.835968226e-16 -6.411176172e-16)
(10 -1.271282405e-16 -2.44003471e-16)
(10 2.362457138e-16 6.275092041e-16)
(10 -1.604277572e-15 3.887428591e-15)
)
;

boundaryField
{
    left
    {
        type            dirichlet;
        value           uniform (4 0 0);
    }
    right
    {
        type            dirichlet;
        value           uniform (4 0 0);
    }
    sides
    {
        type            empty;
    }
}


// ************************************************************************* //
