/*--------------------------------*- C++ -*----------------------------------*\
| =========                 |                                                 |
| \\      /  F ield         | foam-extend: Open Source CFD                    |
|  \\    /   O peration     | Version:     4.1                                |
|   \\  /    A nd           | Web:         http://www.foam-extend.org         |
|    \\/     M anipulation  |                                                 |
\*---------------------------------------------------------------------------*/
FoamFile
{
    version     2.0;
    format      ascii;
    class       cellScalarField;
    location    "21.4";
    object      T;
}
// * * * * * * * * * * * * * * * * * * * * * * * * * * * * * * * * * * * * * //

dimensions      [0 0 0 0 1 0 0];

internalField   nonuniform 
100
(
(4 -5.703630593e-17 1.624202108e-17)
(4 4.394234647e-17 1.912447844e-16)
(4 -2.583165367e-16 5.200151666e-18)
(4 2.060785759e-17 1.961739761e-16)
(4 -3.957459845e-17 2.07840624e-16)
(4 -6.450066782e-16 2.097195567e-16)
(4 4.170575526e-16 -8.231092471e-17)
(4 -4.586944661e-16 3.424971955e-17)
(4 9.231886644e-16 1.157537115e-17)
(4 -1.396891822e-15 5.180661388e-17)
(4 3.291066977e-16 -2.357974587e-16)
(4 9.254408513e-16 1.393408295e-16)
(4 -6.375715642e-16 1.929559046e-16)
(4 1.858508328e-16 1.578744137e-16)
(4 1.72530724e-16 1.490369183e-16)
(4 -1.771533319e-16 1.6720054e-18)
(4 3.936404725e-16 5.395711664e-18)
(4 -5.260889911e-16 1.681545451e-16)
(4 1.055718463e-16 -2.47924795e-16)
(4 1.736191919e-15 3.481090674e-16)
(4 2.679302322e-15 -4.17092661e-16)
(4 2.997957846e-15 2.940400528e-15)
(4 7.893447822e-14 4.885948979e-14)
(4 1.182037773e-12 6.804136137e-13)
(4 1.584748938e-11 8.731613916e-12)
(4 1.933104475e-10 1.022934765e-10)
(4.000000002 2.161671051e-09 1.09288017e-09)
(4.000000021 2.187539702e-08 1.04451957e-08)
(4.0000002 1.980057755e-07 8.880860457e-08)
(4.000001674 1.594898102e-06 6.651983163e-07)
(4.000012424 1.124942898e-05 4.275892451e-06)
(4.000080069 6.780216164e-05 2.295607926e-05)
(4.000440268 0.0003427196811 0.0001013750645)
(4.002046677 0.001442064214 0.0003668736794)
(4.008039221 0.005057912746 0.001091099311)
(4.026818651 0.01487915136 0.002679983898)
(4.07660626 0.03701260006 0.005460088063)
(4.189167209 0.07852950204 0.009241027515)
(4.407922125 0.1433072593 0.01293869875)
(4.776176259 0.2267075188 0.01475062341)
(5.316991911 0.3131650136 0.01307624487)
(6.014453095 0.3802605445 0.007657840224)
(6.809139204 0.4083644923 1.129132181e-05)
(7.613612729 0.3900546827 -0.007307777859)
(8.340937138 0.3331093866 -0.01208670636)
(8.931071717 0.2555936621 -0.01347858049)
(9.362743106 0.1770104101 -0.01206912518)
(9.648628136 0.1111219617 -0.009191513268)
(9.820743837 0.06349182728 -0.006120967118)
(9.915303479 0.03314564879 -0.003623426096)
(9.962884402 0.01586788355 -0.001928127192)
(9.984889092 0.006990610328 -0.0009300032513)
(9.994273375 0.002843594387 -0.0004093038467)
(9.99797573 0.001071439163 -0.000165282133)
(9.999331163 0.0003751003961 -6.153260573e-05)
(9.999792989 0.0001223730167 -2.120940695e-05)
(9.999939851 3.730849509e-05 -6.794550232e-06)
(9.999983558 1.065833708e-05 -2.030136173e-06)
(9.999995762 2.860608018e-06 -5.675825567e-07)
(9.999998968 7.230950159e-07 -1.489297715e-07)
(9.999999762 1.725584897e-07 -3.677961114e-08)
(9.999999948 3.896487768e-08 -8.571478701e-09)
(9.999999989 8.343648886e-09 -1.889774348e-09)
(9.999999998 1.697826191e-09 -3.950858883e-10)
(10 3.289712105e-10 -7.850105209e-11)
(10 6.080849815e-11 -1.485312001e-11)
(10 1.074116614e-11 -2.683432244e-12)
(10 1.812602981e-12 -4.632256605e-13)
(10 2.913318494e-13 -7.590939035e-14)
(10 4.823346459e-14 -1.271269666e-14)
(10 1.061842089e-14 -2.794855033e-15)
(10 8.709857535e-17 9.165480925e-17)
(10 5.983661347e-17 -4.428382532e-16)
(10 3.473730858e-17 5.811103929e-19)
(10 -2.69055143e-16 -1.026194514e-16)
(10 3.889914938e-16 -3.395456832e-16)
(10 2.265514227e-16 -3.770954617e-16)
(10 -5.196725556e-17 4.949597986e-16)
(10 -1.92861543e-16 8.167080065e-17)
(10 -4.177210256e-16 3.040253993e-16)
(10 2.263885747e-16 4.94917564e-18)
(10 1.941423642e-16 -4.368729143e-16)
(10 -1.680143713e-16 4.599397466e-16)
(10 -2.281569829e-16 6.049284644e-16)
(10 -1.228641295e-16 3.648923072e-16)
(10 1.18946994e-16 -4.051750099e-16)
(10 1.519396545e-16 -6.167275592e-16)
(10 2.614776536e-16 1.916975069e-16)
(10 2.40432663e-16 4.244123954e-16)
(10 3.677138316e-16 3.803250007e-16)
(10 -5.348491435e-16 2.095338075e-16)
(10 2.537490621e-16 2.089218495e-16)
(10 -2.350910964e-16 4.925570433e-16)
(10 -2.011689007e-16 1.946875649e-16)
(10 -1.335362412e-16 -1.238414264e-16)
(10 -1.429076685e-16 -4.039641029e-16)
(10 5.628073863e-18 1.237064671e-16)
(10 6.442846603e-17 -2.062172202e-16)
(10 -3.695763305e-16 1.005300173e-16)
(10 -1.281911357e-16 3.363992466e-15)
)
;

boundaryField
{
    left
    {
        type            dirichlet;
        value           uniform (4 0 0);
    }
    right
    {
        type            dirichlet;
        value           uniform (4 0 0);
    }
    sides
    {
        type            empty;
    }
}


// ************************************************************************* //
