/*--------------------------------*- C++ -*----------------------------------*\
| =========                 |                                                 |
| \\      /  F ield         | foam-extend: Open Source CFD                    |
|  \\    /   O peration     | Version:     4.1                                |
|   \\  /    A nd           | Web:         http://www.foam-extend.org         |
|    \\/     M anipulation  |                                                 |
\*---------------------------------------------------------------------------*/
FoamFile
{
    version     2.0;
    format      ascii;
    class       cellScalarField;
    location    "16.9";
    object      T;
}
// * * * * * * * * * * * * * * * * * * * * * * * * * * * * * * * * * * * * * //

dimensions      [0 0 0 0 1 0 0];

internalField   nonuniform 
100
(
(4 -5.703630593e-17 1.624202108e-17)
(4 -5.610672128e-17 3.315983971e-17)
(4 -1.697869349e-16 5.643865736e-17)
(4 1.332271511e-16 7.143512836e-17)
(4 -1.094517234e-16 1.930919179e-16)
(4 -3.580459457e-16 1.206456298e-16)
(4 4.334668366e-16 4.901415983e-17)
(4 -4.627451853e-16 1.686201625e-16)
(4 9.903932738e-16 -1.44575227e-16)
(4 -1.454001295e-15 2.92049444e-16)
(4 6.979636964e-17 2.4952373e-17)
(4 1.540987177e-15 -9.778699704e-18)
(4 7.339793943e-16 -3.078130289e-16)
(4 2.814819148e-16 -8.480949624e-17)
(4 2.594216746e-15 2.229911217e-15)
(4 6.684708218e-14 4.23035941e-14)
(4 1.13881847e-12 7.259958312e-13)
(4 1.980450847e-11 1.210529816e-11)
(4 2.937026782e-10 1.672213798e-10)
(4.000000004 3.899271945e-09 2.168326457e-09)
(4.000000044 4.768860472e-08 2.49341312e-08)
(4.000000486 5.068263019e-07 2.464675141e-07)
(4.000004709 4.719741374e-06 2.147592219e-06)
(4.000040126 3.841295315e-05 1.588313865e-05)
(4.000291747 0.0002600901719 9.358427311e-05)
(4.001741853 0.001404301486 0.0004255491288)
(4.008385545 0.005967879273 0.001488404265)
(4.032589433 0.02007842544 0.004035568426)
(4.103413976 0.05418669145 0.008553345374)
(4.272070031 0.1190355652 0.01421239101)
(4.603272938 0.2158542857 0.01833649449)
(5.146294149 0.3272341851 0.01763647022)
(5.897949236 0.4194691259 0.01079355192)
(6.78522888 0.4592947996 2.189601023e-05)
(7.686542975 0.4335088295 -0.01018062299)
(8.480940986 0.3556453138 -0.01605019579)
(9.093034913 0.2555309828 -0.01663655017)
(9.508215246 0.1619273044 -0.01353576129)
(9.757734936 0.0910914905 -0.00917632186)
(9.891411212 0.04576858428 -0.005339866007)
(9.95561543 0.0206577581 -0.002716542396)
(9.983410997 0.008421322185 -0.001223847608)
(9.994313148 0.003116655481 -0.0004931501011)
(9.99820615 0.001052261027 -0.0001791870322)
(9.999477605 0.0003256052425 -5.911894281e-05)
(9.999859086 9.274652593e-05 -1.781920282e-05)
(9.999964675 2.442025315e-05 -4.933586571e-06)
(9.999991744 5.967101952e-06 -1.26096083e-06)
(9.999998195 1.358195233e-06 -2.98864965e-07)
(9.99999963 2.889910956e-07 -6.59627679e-08)
(9.999999929 5.767464396e-08 -1.360988277e-08)
(9.999999987 1.083024313e-08 -2.63452914e-09)
(9.999999998 1.919298836e-09 -4.800637308e-10)
(10 3.219005343e-10 -8.260422318e-11)
(10 5.12321453e-11 -1.346006029e-11)
(10 7.75554781e-12 -2.082886757e-12)
(10 1.122672696e-12 -3.07629363e-13)
(10 1.507805477e-13 -4.319024505e-14)
(10 1.808375715e-14 -4.471915349e-15)
(10 7.605163554e-16 -7.556753226e-16)
(10 6.444250323e-16 -3.553317556e-16)
(10 -1.618209694e-17 6.632383516e-16)
(10 -3.218979119e-16 1.930126683e-16)
(10 -2.621242011e-16 -6.562147032e-16)
(10 1.204190603e-16 -1.467324697e-16)
(10 2.191885583e-16 3.804962838e-16)
(10 3.287732153e-16 -7.557563084e-17)
(10 -2.863556649e-17 -2.112115603e-16)
(10 6.151303242e-17 1.646762655e-16)
(10 -4.480380763e-16 6.097331914e-17)
(10 6.32620065e-17 -2.182339578e-16)
(10 -4.600091861e-16 3.429662102e-16)
(10 -1.726133637e-16 2.218269142e-16)
(10 -2.779632176e-17 1.403992979e-16)
(10 -3.731106869e-16 -8.127117985e-17)
(10 -1.244325347e-16 3.040616155e-16)
(10 1.21437727e-16 -1.592382744e-16)
(10 -4.265751704e-17 -2.607249354e-16)
(10 5.003139949e-17 -5.202167776e-16)
(10 -1.669476581e-16 -6.47799911e-17)
(10 -5.692931631e-16 -3.098521924e-16)
(10 4.422546024e-16 -4.438157407e-16)
(10 3.428753946e-16 6.981786571e-16)
(10 -2.913036064e-16 -1.987837702e-18)
(10 1.289139636e-16 -3.035179104e-17)
(10 -1.92471124e-17 5.729642121e-16)
(10 -5.648524417e-16 5.05649977e-16)
(10 3.899330743e-16 -6.388548549e-17)
(10 -1.421583102e-16 -4.556398736e-17)
(10 -3.30541412e-16 3.936350389e-17)
(10 -2.76151656e-16 -2.828051338e-16)
(10 -8.682186866e-17 -2.035100075e-16)
(10 -2.278222717e-16 1.123609749e-16)
(10 -2.238133135e-16 -3.245785126e-16)
(10 -3.13851514e-17 1.011998809e-16)
(10 2.92233935e-16 -4.5287462e-16)
(10 9.797877979e-17 -5.007177022e-16)
(10 -3.735794639e-16 -2.257725295e-16)
(10 -6.366987764e-16 -1.42809532e-16)
(10 -9.376765751e-16 3.635129802e-15)
)
;

boundaryField
{
    left
    {
        type            dirichlet;
        value           uniform (4 0 0);
    }
    right
    {
        type            dirichlet;
        value           uniform (4 0 0);
    }
    sides
    {
        type            empty;
    }
}


// ************************************************************************* //
