/*--------------------------------*- C++ -*----------------------------------*\
| =========                 |                                                 |
| \\      /  F ield         | foam-extend: Open Source CFD                    |
|  \\    /   O peration     | Version:     4.1                                |
|   \\  /    A nd           | Web:         http://www.foam-extend.org         |
|    \\/     M anipulation  |                                                 |
\*---------------------------------------------------------------------------*/
FoamFile
{
    version     2.0;
    format      ascii;
    class       cellScalarField;
    location    "14.4";
    object      T;
}
// * * * * * * * * * * * * * * * * * * * * * * * * * * * * * * * * * * * * * //

dimensions      [0 0 0 0 1 0 0];

internalField   nonuniform 
100
(
(4 -5.703630593e-17 1.624202108e-17)
(4 -1.299783194e-16 -1.389895031e-16)
(4 -7.131960425e-17 -1.36765638e-16)
(4 3.904251375e-17 -1.508136128e-16)
(4 5.423076391e-17 -2.76584205e-17)
(4 -4.825834478e-16 1.117808714e-17)
(4 4.484469978e-16 -7.313894448e-17)
(4 -2.968479108e-16 3.664806711e-17)
(4 8.502869396e-16 -5.217201767e-17)
(4 -1.231436347e-15 -2.377902049e-17)
(4 5.704365173e-16 4.275168484e-16)
(4 3.353358252e-14 2.585184284e-14)
(4 6.383970563e-13 3.640757513e-13)
(4 1.193286015e-11 8.521789181e-12)
(4 2.340154835e-10 1.393172769e-10)
(4.000000003 3.397794604e-09 1.992547051e-09)
(4.000000043 4.857183769e-08 2.769473759e-08)
(4.000000554 6.015094708e-07 3.102215745e-07)
(4.000006027 6.246415238e-06 3.03060449e-06)
(4.000057556 5.756532028e-05 2.579199201e-05)
(4.000471344 0.00044173863 0.0001705290275)
(4.003096149 0.002603290713 0.0008238061037)
(4.015767722 0.01150147354 0.002894980576)
(4.062351523 0.03848096582 0.007498734584)
(4.194835299 0.09949762203 0.01447424387)
(4.491911785 0.2030210052 0.02077292167)
(5.026732655 0.3331466496 0.02141239915)
(5.812324508 0.4469526346 0.01359825453)
(6.767330781 0.4973545286 3.441113943e-05)
(7.740272097 0.4648867236 -0.01270678533)
(8.580313999 0.3691530449 -0.01927060816)
(9.201240215 0.2515775314 -0.01883546017)
(9.597805883 0.1485218963 -0.01419881241)
(9.818519211 0.07661221344 -0.008780873252)
(9.926420319 0.03480719029 -0.004597780346)
(9.973100668 0.0140330777 -0.002079571658)
(9.991097192 0.005055918948 -0.0008243279487)
(9.997320947 0.001638624289 -0.0002896508706)
(9.999263754 0.0004807189521 -9.107812429e-05)
(9.999814401 0.0001284035916 -2.583841698e-05)
(9.999956894 3.139981961e-05 -6.66134065e-06)
(9.999990737 7.066201504e-06 -1.570751989e-06)
(9.999998151 1.470480801e-06 -3.407568223e-07)
(9.999999656 2.842623791e-07 -6.837358849e-08)
(9.99999994 5.126381895e-08 -1.275145397e-08)
(9.99999999 8.658798356e-09 -2.220273971e-09)
(9.999999998 1.374893231e-09 -3.624289632e-10)
(10 2.059390741e-10 -5.567480668e-11)
(10 2.919182836e-11 -8.077110616e-12)
(10 3.92971793e-12 -1.108433545e-12)
(10 5.04087525e-13 -1.459747659e-13)
(10 5.928770157e-14 -1.77577368e-14)
(10 4.138669779e-15 -1.978053813e-15)
(10 -3.330426182e-16 -1.845295251e-17)
(10 4.166929812e-17 -5.617864895e-16)
(10 -1.098657706e-16 -1.457494613e-16)
(10 -1.264967544e-16 6.070600521e-17)
(10 -3.872264486e-16 -1.239706747e-16)
(10 -2.891783697e-16 -1.270719527e-16)
(10 -4.559955814e-16 7.506820954e-17)
(10 4.231490783e-16 -5.893698885e-17)
(10 -3.169140134e-18 -4.328229945e-16)
(10 -5.299414959e-16 5.821578563e-16)
(10 6.426775402e-17 4.283910087e-16)
(10 -2.267334918e-16 -4.524601051e-16)
(10 3.913361737e-16 -5.213281442e-16)
(10 2.1065134e-16 3.954883947e-17)
(10 -1.291437904e-16 -3.308895409e-16)
(10 2.346436951e-16 -4.202285406e-16)
(10 -5.17707626e-16 -1.468426234e-17)
(10 1.445140047e-16 -2.900200843e-16)
(10 -1.365483443e-16 7.013245524e-18)
(10 2.115309034e-16 4.405411108e-17)
(10 2.126906663e-16 3.749941014e-16)
(10 -1.7505875e-16 8.819287943e-16)
(10 2.752226304e-16 -2.88279071e-16)
(10 3.897484703e-16 -4.300058853e-17)
(10 2.596424862e-16 -4.217319825e-16)
(10 -1.169752225e-16 -2.177610379e-16)
(10 -1.280189601e-16 2.420407418e-16)
(10 -3.521706489e-16 3.869803021e-16)
(10 1.792065599e-17 5.060120889e-16)
(10 -3.086783605e-16 2.858240734e-16)
(10 -3.02001222e-16 -1.497040104e-16)
(10 3.157683179e-16 4.158042544e-17)
(10 -3.868702061e-16 4.092322109e-16)
(10 1.411909849e-16 -2.439873308e-16)
(10 1.213285358e-16 -2.209392728e-17)
(10 -1.402726891e-16 8.805739945e-17)
(10 1.710302068e-17 -3.348593431e-16)
(10 -2.00636726e-16 -5.684437637e-16)
(10 3.967630998e-16 2.06398029e-16)
(10 3.233026966e-16 -2.303257965e-16)
(10 1.979205712e-16 -4.265896537e-16)
(10 4.554601322e-16 -2.659454659e-16)
(10 -1.106038485e-16 -2.645320575e-16)
(10 2.023781743e-16 4.699691579e-16)
(10 1.217848559e-16 5.768561454e-16)
(10 8.799217691e-17 -1.871400256e-17)
(10 -1.245472937e-15 3.944195664e-15)
)
;

boundaryField
{
    left
    {
        type            dirichlet;
        value           uniform (4 0 0);
    }
    right
    {
        type            dirichlet;
        value           uniform (4 0 0);
    }
    sides
    {
        type            empty;
    }
}


// ************************************************************************* //
