/*--------------------------------*- C++ -*----------------------------------*\
| =========                 |                                                 |
| \\      /  F ield         | foam-extend: Open Source CFD                    |
|  \\    /   O peration     | Version:     4.1                                |
|   \\  /    A nd           | Web:         http://www.foam-extend.org         |
|    \\/     M anipulation  |                                                 |
\*---------------------------------------------------------------------------*/
FoamFile
{
    version     2.0;
    format      ascii;
    class       cellScalarField;
    location    "25.2";
    object      T;
}
// * * * * * * * * * * * * * * * * * * * * * * * * * * * * * * * * * * * * * //

dimensions      [0 0 0 0 1 0 0];

internalField   nonuniform 
100
(
(4 -5.703630593e-17 1.624202108e-17)
(4 -1.349044167e-16 2.964313685e-16)
(4 -2.086619918e-16 -1.422715226e-16)
(4 -6.383341468e-17 -1.289934319e-16)
(4 -3.159084e-17 2.18252353e-17)
(4 -3.13707063e-16 1.407310107e-16)
(4 1.785032858e-16 2.273432736e-16)
(4 -4.9926052e-16 1.913842835e-17)
(4 8.90089518e-16 -3.795539895e-17)
(4 -1.191674798e-15 -1.954347574e-16)
(4 1.827260386e-16 -2.017999599e-16)
(4 1.40087423e-15 4.20669708e-17)
(4 -1.404880959e-15 3.068241886e-16)
(4 4.438808967e-16 -1.588808528e-18)
(4 3.607802362e-17 9.339617661e-17)
(4 -2.252835102e-16 -1.783534357e-16)
(4 1.386032175e-16 -5.096114937e-17)
(4 -2.928038697e-17 1.020597625e-16)
(4 -7.348567842e-17 -5.34037561e-17)
(4 -8.967856066e-18 3.432108688e-17)
(4 -4.001488636e-17 3.085860587e-16)
(4 -4.294147879e-17 -7.580310384e-17)
(4 4.330046057e-16 2.774138049e-17)
(4 -7.594684939e-16 9.945500922e-17)
(4 8.847027909e-16 5.411690225e-17)
(4 -8.092505661e-16 2.593960871e-17)
(4 6.636419003e-16 2.297842681e-16)
(4 6.87791093e-15 3.920799703e-15)
(4 8.890391195e-14 4.765253365e-14)
(4 1.085108541e-12 5.840520858e-13)
(4 1.264480212e-11 6.541972508e-12)
(4 1.356799569e-10 6.734001152e-11)
(4.000000001 1.336360329e-09 6.322017463e-10)
(4.000000012 1.197902065e-08 5.365660114e-09)
(4.000000102 9.702048942e-08 4.085679622e-08)
(4.000000769 7.037227532e-07 2.755760807e-07)
(4.000005188 4.509679941e-06 1.61836101e-06)
(4.000030833 2.516327451e-05 8.151456151e-06)
(4.000159806 0.0001209879304 3.490873975e-05)
(4.000718586 0.0004990400978 0.0001267723438)
(4.002801897 0.001766680763 0.0003909067744)
(4.009502266 0.005387427668 0.001026707635)
(4.028174726 0.01422611151 0.002304789727)
(4.073506228 0.03272199898 0.004433247232)
(4.169925368 0.06595636621 0.007310109509)
(4.350616992 0.1171858244 0.01029953922)
(4.650583929 0.1845445306 0.01227036862)
(5.093976213 0.2589347394 0.01203477493)
(5.680333556 0.3252719479 0.009016196482)
(6.377186645 0.3674782882 0.00370921991)
(7.124571303 0.3749532375 -0.002437768372)
(7.850805104 0.3468947015 -0.007686213338)
(8.492518089 0.2920815912 -0.01079304703)
(9.009944587 0.2246028384 -0.01144474088)
(9.391915281 0.1582586755 -0.01016459926)
(9.650881187 0.102500238 -0.007874340906)
(9.812606953 0.06120486774 -0.005434246551)
(9.905905459 0.03379020934 -0.003384623396)
(9.955760746 0.0172952418 -0.001919683508)
(9.980502086 0.00822871051 -0.0009982224133)
(9.991933532 0.003648381686 -0.0004784549655)
(9.996862941 0.001511070167 -0.0002123350448)
(9.9988514 0.0005860014276 -8.758961688e-05)
(9.999603442 0.0002132650306 -3.369951251e-05)
(9.999870689 7.299449492e-05 -1.213048005e-05)
(9.999960111 2.354612457e-05 -4.09679684e-06)
(9.999988341 7.172741335e-06 -1.30154426e-06)
(9.999996766 2.067445664e-06 -3.899244482e-07)
(9.999999147 5.649152472e-07 -1.104084431e-07)
(9.999999786 1.465956047e-07 -2.961151103e-08)
(9.999999949 3.619155025e-08 -7.537734632e-09)
(9.999999988 8.514813236e-09 -1.824665171e-09)
(9.999999997 1.912185054e-09 -4.208119708e-10)
(9.999999999 4.105383363e-10 -9.262088317e-11)
(10 8.438881945e-11 -1.948848623e-11)
(10 1.663277843e-11 -3.924859407e-12)
(10 3.147348628e-12 -7.588129022e-13)
(10 5.696413954e-13 -1.417372516e-13)
(10 1.007398644e-13 -2.388553104e-14)
(10 2.029803415e-14 -4.415197515e-15)
(10 2.693582139e-15 -1.395109026e-15)
(10 -3.169863625e-16 3.01853413e-16)
(10 1.793660137e-17 -2.410496566e-16)
(10 5.535511152e-16 -4.175076211e-16)
(10 -1.522914289e-16 -3.478651059e-16)
(10 1.010613403e-16 -4.698899065e-17)
(10 4.516447128e-16 -5.263359374e-17)
(10 -2.97653095e-16 -6.214713969e-16)
(10 -3.338374717e-16 -4.082441365e-16)
(10 2.426990593e-16 1.281384114e-16)
(10 -6.393714208e-17 1.0881999e-16)
(10 -2.671390107e-17 2.344115801e-16)
(10 -2.055319797e-16 -1.785651967e-16)
(10 -5.28854166e-16 1.654759138e-17)
(10 -7.679302067e-17 -2.409183889e-16)
(10 5.420360879e-16 -2.920961903e-16)
(10 1.024643428e-16 1.928968399e-16)
(10 -4.610628487e-17 1.901721331e-16)
(10 4.810812408e-17 9.085809637e-17)
(10 -2.430178628e-17 3.116048306e-15)
)
;

boundaryField
{
    left
    {
        type            dirichlet;
        value           uniform (4 0 0);
    }
    right
    {
        type            dirichlet;
        value           uniform (4 0 0);
    }
    sides
    {
        type            empty;
    }
}


// ************************************************************************* //
