/*--------------------------------*- C++ -*----------------------------------*\
| =========                 |                                                 |
| \\      /  F ield         | foam-extend: Open Source CFD                    |
|  \\    /   O peration     | Version:     4.1                                |
|   \\  /    A nd           | Web:         http://www.foam-extend.org         |
|    \\/     M anipulation  |                                                 |
\*---------------------------------------------------------------------------*/
FoamFile
{
    version     2.0;
    format      ascii;
    class       cellScalarField;
    location    "9.2";
    object      T;
}
// * * * * * * * * * * * * * * * * * * * * * * * * * * * * * * * * * * * * * //

dimensions      [0 0 0 0 1 0 0];

internalField   nonuniform 
100
(
(4 -5.703630593e-17 1.624202108e-17)
(4 3.432256496e-17 -6.325662679e-17)
(4 3.473689026e-16 5.733369876e-16)
(4 -6.00579389e-15 -1.19990295e-14)
(4 2.281922399e-13 3.990974786e-13)
(4 3.915654314e-12 -2.349851118e-12)
(4 7.174400689e-11 1.487445944e-10)
(4.000000003 4.312690387e-09 1.850731773e-09)
(4.000000046 4.709280422e-08 3.854947357e-08)
(4.000001017 1.312936628e-06 8.339003126e-07)
(4.000016053 1.75162027e-05 8.97471207e-06)
(4.000188943 0.0002035592546 0.0001137611557)
(4.002146956 0.00228632698 0.001055509508)
(4.018014033 0.01651608661 0.005497220698)
(4.099054945 0.07285193412 0.01668857956)
(4.368397654 0.2083617172 0.03081654694)
(4.982198861 0.4098899801 0.03384769354)
(5.985124966 0.5808430423 0.01655481374)
(7.202867902 0.6147799774 -0.01059324397)
(8.334072849 0.5005382663 -0.02827685671)
(9.15800241 0.3213823886 -0.02910180562)
(9.638715279 0.1663082323 -0.020008692)
(9.867708035 0.0707209605 -0.01035682393)
(9.958331076 0.02515194504 -0.004262992568)
(9.988604391 0.007602573039 -0.001443532977)
(9.997267315 0.001981927527 -0.0004121695577)
(9.999419712 0.0004516067521 -0.0001011909695)
(9.99988984 9.104370047e-05 -2.170982472e-05)
(9.999981136 1.641800135e-05 -4.126697687e-06)
(9.999997062 2.674610148e-06 -7.033077871e-07)
(9.999999581 3.97118241e-07 -1.085878755e-07)
(9.999999945 5.416839715e-08 -1.532666011e-08)
(9.999999993 6.836334023e-09 -1.993449795e-09)
(9.999999999 8.033614552e-10 -2.406072358e-10)
(10 8.840338571e-11 -2.711766724e-11)
(10 9.15762616e-12 -2.868739186e-12)
(10 8.97261178e-13 -2.867108666e-13)
(10 8.382766982e-14 -2.87794488e-14)
(10 6.440303864e-15 -2.147404081e-15)
(10 -3.284565148e-16 -3.90246936e-16)
(10 1.065630302e-15 -6.681644288e-16)
(10 -6.433597811e-16 -5.821539808e-16)
(10 1.784607571e-15 -9.979478549e-16)
(10 9.369888106e-16 -2.265604589e-16)
(10 7.452064881e-18 4.99265644e-16)
(10 3.709802079e-16 -3.731528598e-16)
(10 5.117746212e-16 1.136427708e-16)
(10 -4.129103933e-16 3.963364838e-16)
(10 1.914535838e-16 -5.527934844e-16)
(10 4.218630045e-16 5.395354529e-16)
(10 -6.88049012e-16 -2.997365854e-17)
(10 1.241169345e-17 -1.232743014e-16)
(10 -7.483248405e-17 2.812539952e-16)
(10 -1.387684658e-16 2.859947113e-16)
(10 -2.521317551e-16 2.605239341e-16)
(10 -5.735520096e-16 -1.454844758e-16)
(10 3.202295745e-16 -1.557300944e-16)
(10 8.435165459e-17 3.246705785e-17)
(10 1.407418841e-16 -4.171047947e-16)
(10 5.211114921e-16 -2.301519986e-16)
(10 8.430504238e-17 -8.81053681e-17)
(10 -2.559887933e-16 -3.262615452e-16)
(10 5.996674429e-16 1.740494701e-16)
(10 1.036446494e-16 1.548937392e-16)
(10 2.740010897e-16 -1.912498567e-16)
(10 -4.549503993e-16 -4.211902503e-16)
(10 1.985070843e-16 7.93678557e-17)
(10 2.176561644e-16 1.941894233e-16)
(10 1.914057132e-16 1.564400388e-16)
(10 3.967263978e-16 -6.142899047e-16)
(10 -7.892283837e-17 6.213081085e-16)
(10 -2.585798531e-16 2.639403215e-16)
(10 3.09936197e-16 2.205613666e-16)
(10 -2.253598164e-16 -2.271492776e-16)
(10 -5.845415808e-17 1.269389151e-16)
(10 -4.113289302e-16 3.103697463e-16)
(10 -2.804513888e-16 1.8230539e-16)
(10 -2.177170228e-17 -7.571648839e-17)
(10 2.115558615e-16 -8.349992143e-17)
(10 -6.7800301e-17 1.549248937e-16)
(10 -1.820881838e-16 -6.651417345e-17)
(10 -2.315712357e-16 1.288297897e-17)
(10 -3.604858548e-17 7.797505717e-16)
(10 -1.959022461e-16 2.966755624e-16)
(10 -4.527813795e-16 2.84229793e-16)
(10 8.517485773e-18 3.109506195e-17)
(10 -5.821685624e-17 2.011315598e-16)
(10 -1.57599631e-16 4.256786583e-17)
(10 -7.511947905e-17 -4.617334172e-16)
(10 2.315652255e-16 -3.373756552e-16)
(10 1.914212538e-16 -5.530711089e-16)
(10 -3.754423464e-17 -3.116279267e-16)
(10 4.619326547e-17 3.20197965e-16)
(10 -4.965320512e-17 -5.651813039e-18)
(10 3.232626165e-16 3.50258352e-16)
(10 -4.601928857e-16 -7.640301957e-17)
(10 2.618813494e-16 2.949202433e-17)
(10 -1.365865064e-16 -1.744219838e-17)
(10 2.188364463e-16 -5.564608176e-16)
(10 -9.688238798e-16 3.69065345e-15)
)
;

boundaryField
{
    left
    {
        type            dirichlet;
        value           uniform (4 0 0);
    }
    right
    {
        type            dirichlet;
        value           uniform (4 0 0);
    }
    sides
    {
        type            empty;
    }
}


// ************************************************************************* //
