/*--------------------------------*- C++ -*----------------------------------*\
| =========                 |                                                 |
| \\      /  F ield         | foam-extend: Open Source CFD                    |
|  \\    /   O peration     | Version:     4.1                                |
|   \\  /    A nd           | Web:         http://www.foam-extend.org         |
|    \\/     M anipulation  |                                                 |
\*---------------------------------------------------------------------------*/
FoamFile
{
    version     2.0;
    format      ascii;
    class       cellScalarField;
    location    "11.4";
    object      T;
}
// * * * * * * * * * * * * * * * * * * * * * * * * * * * * * * * * * * * * * //

dimensions      [0 0 0 0 1 0 0];

internalField   nonuniform 
100
(
(4 -5.703630593e-17 1.624202108e-17)
(4 -1.223619146e-16 1.063382082e-16)
(4 -2.680852981e-16 -1.051801351e-16)
(4 -1.066787413e-16 6.948519493e-17)
(4 2.24819235e-16 -1.723030003e-16)
(4 -3.654748559e-16 1.987388636e-16)
(4 -2.87728954e-15 -1.493352487e-15)
(4 1.599571281e-13 1.420641867e-13)
(4 2.12837492e-12 6.685273414e-13)
(4 5.260461802e-11 5.101023288e-11)
(4.000000001 1.420178701e-09 7.773839387e-10)
(4.000000018 1.989774559e-08 1.304368609e-08)
(4.000000303 3.612535989e-07 2.180368995e-07)
(4.000004309 4.726449043e-06 2.446173372e-06)
(4.000048701 5.122090571e-05 2.62146631e-05)
(4.000496958 0.0005103003978 0.0002321111252)
(4.004106092 0.003811252101 0.0013728071)
(4.024685831 0.01947470907 0.005287170241)
(4.106907874 0.06902764755 0.01361725311)
(4.343483375 0.1760468345 0.02387181361)
(4.849565691 0.3345079405 0.02795568726)
(5.677526787 0.4875731085 0.01898788217)
(6.73849606 0.5585329889 6.675322551e-05)
(7.825152768 0.5132299221 -0.01746266486)
(8.730411058 0.3850330079 -0.0247584536)
(9.353341493 0.2395408561 -0.02187386614)
(9.712355133 0.1253284565 -0.01447916748)
(9.887855136 0.05585548009 -0.007669617494)
(9.961476379 0.0214557976 -0.003367753877)
(9.988267716 0.007181623185 -0.001254869946)
(9.996811252 0.00211589211 -0.0004037980227)
(9.999221301 0.000553902641 -0.0001138108915)
(9.999828001 0.0001299624751 -2.843434066e-05)
(9.999965415 2.755094864e-05 -6.362592991e-06)
(9.99999363 5.316257693e-06 -1.286799685e-06)
(9.999998919 9.401232058e-07 -2.371313513e-07)
(9.99999983 1.533161196e-07 -4.010635328e-08)
(9.999999975 2.31901026e-08 -6.266265116e-09)
(9.999999997 3.270440706e-09 -9.097480567e-10)
(10 4.320943191e-10 -1.233807481e-10)
(10 5.372108037e-11 -1.570718771e-11)
(10 6.310319399e-12 -1.884853394e-12)
(10 7.020620907e-13 -2.151200449e-13)
(10 7.239033046e-14 -2.283308582e-14)
(10 6.463579315e-15 -2.865049536e-15)
(10 3.799937537e-16 -2.62604786e-16)
(10 -2.235486037e-16 -3.059017031e-16)
(10 -3.630495998e-17 5.748798088e-16)
(10 -9.507907876e-17 -2.552667208e-17)
(10 3.764860421e-16 3.728644261e-16)
(10 -4.231251521e-16 3.592578262e-16)
(10 -1.274230969e-16 5.888128415e-16)
(10 -1.143913342e-16 -6.349749433e-17)
(10 4.122267768e-16 4.579121944e-16)
(10 1.970916827e-16 3.020619562e-16)
(10 4.494208856e-16 -7.195287429e-17)
(10 1.502633916e-16 6.065464245e-16)
(10 8.812973787e-17 -2.083552951e-16)
(10 1.826339616e-16 3.09459657e-16)
(10 -4.234456555e-16 2.453261383e-16)
(10 4.478445943e-16 -4.095896563e-16)
(10 7.795372033e-17 -8.26346374e-17)
(10 2.207604984e-16 1.997417894e-17)
(10 -1.088348336e-16 3.593623098e-16)
(10 -2.243032919e-16 6.506699621e-16)
(10 -5.25237288e-17 -8.317496898e-17)
(10 2.197429789e-16 4.695565367e-16)
(10 -1.500455554e-16 2.363100156e-16)
(10 6.100771536e-17 1.578895159e-16)
(10 -2.588773353e-16 4.711618104e-16)
(10 -6.700831724e-16 2.045350914e-16)
(10 1.685992643e-16 9.685029161e-17)
(10 -1.164161432e-16 -5.627191675e-16)
(10 2.834019875e-16 -5.54687788e-16)
(10 4.205182098e-16 -4.53937627e-16)
(10 4.567289074e-16 -1.407535416e-17)
(10 1.326759003e-16 -3.770993723e-16)
(10 4.240927625e-16 2.962095824e-17)
(10 1.768645743e-16 -1.9712618e-18)
(10 4.091207211e-17 -3.131115259e-17)
(10 4.767061912e-16 -5.125470199e-18)
(10 -4.156153952e-16 2.75441578e-16)
(10 -1.139894655e-16 4.27312887e-17)
(10 4.361956107e-16 2.703842385e-16)
(10 5.438218134e-17 -4.079880424e-16)
(10 2.778234142e-17 -7.032150527e-16)
(10 2.665828593e-16 3.469154178e-16)
(10 2.098143689e-16 6.352218075e-16)
(10 1.244746994e-16 5.602571747e-16)
(10 -2.910520964e-16 -4.103200077e-16)
(10 2.834331266e-16 9.866755104e-17)
(10 -5.409408434e-16 2.71140158e-16)
(10 1.638810394e-16 3.382575734e-16)
(10 1.151716827e-16 -3.509583726e-16)
(10 -2.127281608e-16 2.433090624e-16)
(10 -2.980814498e-17 9.862191611e-17)
(10 -3.427209823e-16 4.588437869e-16)
(10 -5.619699922e-17 -1.244791548e-16)
(10 1.058443513e-17 -3.079709449e-16)
(10 -1.297947371e-15 4.459158915e-15)
)
;

boundaryField
{
    left
    {
        type            dirichlet;
        value           uniform (4 0 0);
    }
    right
    {
        type            dirichlet;
        value           uniform (4 0 0);
    }
    sides
    {
        type            empty;
    }
}


// ************************************************************************* //
