/*--------------------------------*- C++ -*----------------------------------*\
| =========                 |                                                 |
| \\      /  F ield         | foam-extend: Open Source CFD                    |
|  \\    /   O peration     | Version:     4.1                                |
|   \\  /    A nd           | Web:         http://www.foam-extend.org         |
|    \\/     M anipulation  |                                                 |
\*---------------------------------------------------------------------------*/
FoamFile
{
    version     2.0;
    format      ascii;
    class       cellScalarField;
    location    "41.7";
    object      T;
}
// * * * * * * * * * * * * * * * * * * * * * * * * * * * * * * * * * * * * * //

dimensions      [0 0 0 0 1 0 0];

internalField   nonuniform 
100
(
(4 -5.703630593e-17 1.624202108e-17)
(4 -8.399774504e-17 2.724755765e-16)
(4 3.818929921e-17 1.368382221e-16)
(4 -7.744792291e-17 1.965953292e-16)
(4 -2.286036202e-16 -1.465892287e-16)
(4 -3.362346067e-16 -9.693392793e-17)
(4 4.63258949e-16 -9.497572566e-17)
(4 -3.252424133e-16 -2.012523616e-16)
(4 7.837202296e-16 1.856767406e-16)
(4 -1.363563442e-15 2.630753389e-16)
(4 -3.365416259e-17 2.724902533e-17)
(4 2.892297155e-16 -1.406742822e-16)
(4 5.339051341e-16 9.510553667e-17)
(4 -2.147229217e-16 1.006863769e-17)
(4 3.575779338e-17 9.642975105e-17)
(4 -2.96370191e-17 -7.844998619e-17)
(4 2.344398109e-16 -4.819814301e-17)
(4 -5.142488875e-16 2.204220571e-16)
(4 5.355745984e-16 6.873254629e-17)
(4 -8.157896798e-16 -4.416716468e-17)
(4 8.153563196e-16 4.794832356e-17)
(4 -8.254941192e-16 1.056209373e-16)
(4 2.469144733e-16 -2.148204344e-17)
(4 3.45217845e-17 4.961851107e-17)
(4 -1.223874853e-16 -3.59392917e-17)
(4 -2.90444554e-17 1.282719969e-16)
(4 -7.196519204e-17 -3.736336481e-17)
(4 2.236040272e-17 1.229404558e-16)
(4 -3.377530239e-16 5.56792581e-17)
(4 4.954811825e-16 6.017644656e-17)
(4 -3.455840783e-17 2.496996391e-17)
(4 -1.183080319e-16 8.64921916e-17)
(4 -2.533721697e-17 -9.818268684e-17)
(4 -4.195990621e-16 1.224203307e-16)
(4 3.787704976e-16 3.583249042e-17)
(4 -3.362728513e-16 2.296004082e-16)
(4 5.736837774e-16 1.584938727e-16)
(4 -7.386222282e-16 -4.456620523e-18)
(4 4.723399921e-16 1.325845611e-18)
(4 6.680647657e-17 -3.291813217e-19)
(4 2.344161196e-17 1.184540057e-16)
(4 -4.006011016e-17 -1.955898934e-16)
(4 7.615211333e-16 7.167639358e-17)
(4 -5.553735121e-16 -9.200649413e-18)
(4 -2.09071711e-16 -9.876998716e-17)
(4 5.996556026e-16 -4.433681587e-17)
(4 -5.241821986e-17 6.862325194e-17)
(4 4.694829578e-17 -4.558574069e-17)
(4 -1.431181925e-16 -5.438697675e-16)
(4 2.764705581e-16 2.060414439e-17)
(4 2.057684477e-16 2.373897819e-16)
(4 -2.133395921e-16 2.846485515e-17)
(4 1.983191597e-16 1.740633801e-16)
(4 2.725620453e-15 4.894227424e-16)
(4 1.289626377e-14 6.196068177e-15)
(4 1.255694522e-13 5.545696324e-14)
(4 1.02024808e-12 4.360983389e-13)
(4 7.730230449e-12 3.166286237e-12)
(4 5.462732352e-11 2.141471831e-11)
(4 3.590811336e-10 1.341608854e-10)
(4.000000003 2.186698971e-09 7.751798164e-10)
(4.000000015 1.228861964e-08 4.113551163e-09)
(4.000000081 6.350363842e-08 1.997574747e-08)
(4.000000403 3.009112432e-07 8.852477326e-08)
(4.000001836 1.304884701e-06 3.573815626e-07)
(4.000007687 5.173192881e-06 1.313239818e-06)
(4.000029548 1.874710867e-05 4.392226925e-06)
(4.000104302 6.213688845e-05 1.337824696e-05)
(4.000338497 0.0001885801327 3.714555025e-05)
(4.001011599 0.0005248528408 9.412901064e-05)
(4.002789271 0.001342000244 0.0002179686571)
(4.007111275 0.003158553163 0.0004617769204)
(4.016803494 0.00685688056 0.000895908878)
(4.036891077 0.01375818227 0.001592813529)
(4.07544446 0.02556697786 0.002595275758)
(4.144100829 0.04409130605 0.003872805876)
(4.257763256 0.07070170397 0.005282879161)
(4.43302256 0.1056163274 0.006562028669)
(4.685171335 0.1472476126 0.007367669715)
(5.024249556 0.1919302719 0.007371501297)
(5.451160908 0.2342875685 0.006376764219)
(5.955206941 0.2682683878 0.004410968387)
(6.51415398 0.2885896795 0.001748293265)
(7.097178627 0.2921014484 -0.001155758256)
(7.670030985 0.2785828177 -0.003794776097)
(8.200963195 0.2506950381 -0.005754773065)
(8.665752107 0.2131520508 -0.006815380028)
(9.050567596 0.1714537991 -0.006977193404)
(9.352264292 0.1306354942 -0.00641810249)
(9.576514812 0.09439671129 -0.0054083933)
(9.734730158 0.06476536638 -0.004222707141)
(9.840803941 0.04223888268 -0.003077472971)
(9.908457332 0.02621468197 -0.002104544497)
(9.949549346 0.01549903878 -0.001355813323)
(9.973343118 0.008738675887 -0.0008254249549)
(9.98649073 0.004703356299 -0.0004761103162)
(9.993430365 0.002418916252 -0.0002607574934)
(9.99693264 0.001189879647 -0.0001358591541)
(9.998624231 0.0005603543948 -6.745206083e-05)
(9.999406886 0.0002528707413 -3.196067058e-05)
)
;

boundaryField
{
    left
    {
        type            dirichlet;
        value           uniform (4 0 0);
    }
    right
    {
        type            dirichlet;
        value           uniform (4 0 0);
    }
    sides
    {
        type            empty;
    }
}


// ************************************************************************* //
