/*--------------------------------*- C++ -*----------------------------------*\
| =========                 |                                                 |
| \\      /  F ield         | foam-extend: Open Source CFD                    |
|  \\    /   O peration     | Version:     4.1                                |
|   \\  /    A nd           | Web:         http://www.foam-extend.org         |
|    \\/     M anipulation  |                                                 |
\*---------------------------------------------------------------------------*/
FoamFile
{
    version     2.0;
    format      ascii;
    class       cellScalarField;
    location    "33.8";
    object      T;
}
// * * * * * * * * * * * * * * * * * * * * * * * * * * * * * * * * * * * * * //

dimensions      [0 0 0 0 1 0 0];

internalField   nonuniform 
100
(
(4 -5.703630593e-17 1.624202108e-17)
(4 -1.69772095e-17 6.15121433e-17)
(4 -1.495136456e-16 3.221174412e-16)
(4 1.643488765e-17 -1.126288118e-16)
(4 6.81882843e-17 3.090402113e-16)
(4 -3.717691302e-16 6.187421395e-17)
(4 2.337552036e-16 2.335173424e-16)
(4 -4.08639038e-16 -5.852669334e-17)
(4 9.037794487e-16 -2.522644927e-17)
(4 -1.387872296e-15 -2.093526879e-16)
(4 4.357052724e-16 -8.536204959e-17)
(4 -3.163521755e-16 -1.425030267e-17)
(4 1.012452069e-15 1.140439767e-16)
(4 -5.309709351e-16 -2.518193034e-16)
(4 8.309720824e-16 -1.037757975e-16)
(4 -5.56644764e-16 -1.234372662e-16)
(4 3.811556088e-16 1.382531983e-16)
(4 -2.662043679e-18 -1.002575571e-16)
(4 -1.039113102e-16 1.522529968e-17)
(4 -2.09721515e-16 -1.750380519e-16)
(4 3.507652364e-16 5.779580938e-17)
(4 -3.249198675e-16 -1.5675013e-16)
(4 7.317796774e-16 -7.368042956e-17)
(4 -5.519380871e-16 1.61963213e-17)
(4 3.98994309e-16 1.329827461e-17)
(4 -1.559999631e-16 1.946120239e-16)
(4 -2.05631415e-16 2.066544352e-16)
(4 5.549319224e-17 4.438507495e-17)
(4 -5.009420422e-16 -1.195575263e-16)
(4 4.278585689e-16 8.870559296e-17)
(4 -1.189883304e-16 -9.178618962e-17)
(4 -4.690058794e-17 -6.575208054e-17)
(4 3.144725161e-17 1.303267288e-16)
(4 -4.839244212e-16 -3.271390572e-17)
(4 9.551240599e-16 9.354693643e-17)
(4 -9.618252484e-16 1.343749236e-16)
(4 6.326834835e-16 -1.400374577e-17)
(4 -4.292045265e-16 1.526031226e-16)
(4 4.914476664e-16 1.599596089e-16)
(4 -1.319438059e-16 -1.133896356e-16)
(4 -4.555906339e-17 1.398173926e-16)
(4 1.143691842e-14 6.289633187e-15)
(4 1.266809056e-13 6.196435705e-14)
(4 1.223426489e-12 5.764901534e-13)
(4 1.103526477e-11 5.002794236e-12)
(4 9.249919907e-11 4.01351389e-11)
(4.000000001 7.166327752e-10 2.962057718e-10)
(4.000000006 5.103798595e-09 1.998050851e-09)
(4.000000038 3.320832313e-08 1.223069725e-08)
(4.000000234 1.960996398e-07 6.743866808e-08)
(4.000001312 1.044398271e-06 3.327994365e-07)
(4.000006634 4.9922174e-06 1.463149385e-06)
(4.000030217 2.135374135e-05 5.716948419e-06)
(4.000123801 8.16515773e-05 1.984012283e-05)
(4.000456433 0.0002792668764 6.119830326e-05)
(4.001516723 0.0008558495481 0.000168037442)
(4.004554225 0.002356052142 0.000411481676)
(4.012395708 0.005843286145 0.0009002576067)
(4.030691438 0.01309726041 0.001762365338)
(4.06939063 0.02661626786 0.003089436036)
(4.143827578 0.04919659793 0.004848046594)
(4.274419976 0.08296285122 0.00679533699)
(4.484002891 0.1280210068 0.008462345894)
(4.792547336 0.1812838416 0.009256970717)
(5.210343684 0.2362055843 0.008677969552)
(5.732022881 0.2839161627 0.006551979128)
(6.334150743 0.315587673 0.003165763319)
(6.978060111 0.3251544638 -0.0007935428614)
(7.617455378 0.3112156335 -0.00447416584)
(8.208251056 0.2773022474 -0.007157403096)
(8.717233792 0.2304854976 -0.008476096148)
(9.126875837 0.1790494234 -0.008468519143)
(9.435440254 0.1302411524 -0.007476230897)
(9.653361745 0.08886794866 -0.005964467024)
(9.797909603 0.05697844571 -0.00435644585)
(9.888107984 0.03438467563 -0.002938095228)
(9.941142065 0.01956158214 -0.001840827362)
(9.970569447 0.01050753257 -0.001076430402)
(9.986002026 0.005337119945 -0.0005896539144)
(9.993662328 0.002567168789 -0.0003035227516)
(9.997266335 0.001170998014 -0.0001472055691)
(9.99887569 0.0005072329556 -6.742402011e-05)
(9.999558692 0.0002089232608 -2.922651439e-05)
(9.999834533 8.193256709e-05 -1.201282389e-05)
(9.99994068 3.063118497e-05 -4.690164608e-06)
(9.999979647 1.093051857e-05 -1.742297693e-06)
(9.999993311 3.727395608e-06 -6.167658056e-07)
(9.999997892 1.216080174e-06 -2.08361133e-07)
(9.999999362 3.800159244e-07 -6.726884953e-08)
(9.999999815 1.13868115e-07 -2.078193409e-08)
(9.999999948 3.275129278e-08 -6.151498431e-09)
(9.999999986 9.051767573e-09 -1.746723577e-09)
(9.999999996 2.406349777e-09 -4.763436894e-10)
(9.999999999 6.159321886e-10 -1.248981638e-10)
(10 1.519389789e-10 -3.152114135e-11)
(10 3.615702016e-11 -7.664489708e-12)
(10 8.303513278e-12 -1.797076184e-12)
(10 1.845626886e-12 -4.076917468e-13)
(10 3.924541746e-13 -8.886143643e-14)
(10 8.031425604e-14 -1.545797002e-14)
)
;

boundaryField
{
    left
    {
        type            dirichlet;
        value           uniform (4 0 0);
    }
    right
    {
        type            dirichlet;
        value           uniform (4 0 0);
    }
    sides
    {
        type            empty;
    }
}


// ************************************************************************* //
