/*--------------------------------*- C++ -*----------------------------------*\
| =========                 |                                                 |
| \\      /  F ield         | foam-extend: Open Source CFD                    |
|  \\    /   O peration     | Version:     4.1                                |
|   \\  /    A nd           | Web:         http://www.foam-extend.org         |
|    \\/     M anipulation  |                                                 |
\*---------------------------------------------------------------------------*/
FoamFile
{
    version     2.0;
    format      ascii;
    class       cellScalarField;
    location    "17.7";
    object      T;
}
// * * * * * * * * * * * * * * * * * * * * * * * * * * * * * * * * * * * * * //

dimensions      [0 0 0 0 1 0 0];

internalField   nonuniform 
100
(
(4 -5.703630593e-17 1.624202108e-17)
(4 -8.856622814e-17 2.830993085e-16)
(4 -2.267136302e-16 2.977840191e-16)
(4 -3.539157364e-17 -3.016415003e-17)
(4 6.174386844e-17 1.822381599e-16)
(4 -6.07957536e-16 2.256596548e-17)
(4 5.247677733e-16 7.24911872e-20)
(4 -7.292373175e-16 -2.108839303e-18)
(4 9.328046487e-16 -8.38741348e-17)
(4 -1.571172115e-15 -5.432605469e-17)
(4 5.497321354e-16 2.528784531e-17)
(4 1.118126049e-15 -7.774815843e-17)
(4 1.494369409e-15 -1.692037193e-16)
(4 -3.998282857e-16 4.961513976e-17)
(4 1.791956706e-16 -1.964179451e-16)
(4 1.553306814e-15 1.214372453e-15)
(4 3.574564884e-14 2.223606464e-14)
(4 5.995629486e-13 3.754689408e-13)
(4 1.004694024e-11 6.102654048e-12)
(4 1.479104504e-10 8.396688219e-11)
(4.000000002 1.938050067e-09 1.067832322e-09)
(4.000000022 2.339955415e-08 1.221396451e-08)
(4.000000239 2.487188853e-07 1.210436598e-07)
(4.000002314 2.320056165e-06 1.056686993e-06)
(4.000019813 1.900880429e-05 7.933409353e-06)
(4.000146359 0.0001316667018 4.84726644e-05)
(4.000901105 0.0007401214937 0.0002327612334)
(4.004529433 0.003318193278 0.0008712940151)
(4.01853687 0.0118843996 0.002555448275)
(4.062273383 0.0343588243 0.005919486596)
(4.173975434 0.08123385022 0.01088495068)
(4.410171577 0.1591171783 0.01584608819)
(4.828502271 0.2613422649 0.01790308299)
(5.45573867 0.3638664979 0.01465148341)
(6.259637215 0.4336727035 0.006278343742)
(7.148069646 0.4463731199 -0.004099732879)
(8.001463439 0.3999663507 -0.01239142156)
(8.719145748 0.3142789533 -0.01606831696)
(9.251109669 0.2180231908 -0.01521836189)
(9.600814349 0.1343712628 -0.01171073517)
(9.805891042 0.07400653038 -0.007645266227)
(9.913761384 0.03662557595 -0.004335352331)
(9.964918073 0.01637217882 -0.002168313618)
(9.986898924 0.006643137637 -0.0009672151846)
(9.995495988 0.002458177089 -0.0003881821035)
(9.998570275 0.0008332093328 -0.0001411957749)
(9.999579673 0.0002597944474 -4.683888646e-05)
(9.999885203 7.481434736e-05 -1.424947262e-05)
(9.999970785 1.997461714e-05 -3.995451143e-06)
(9.999993051 4.962356215e-06 -1.0372475e-06)
(9.999998451 1.151096522e-06 -2.503591328e-07)
(9.999999675 2.501336845e-07 -5.640106464e-08)
(9.999999936 5.107614606e-08 -1.190180295e-08)
(9.999999988 9.829420134e-09 -2.360436117e-09)
(9.999999998 1.787766753e-09 -4.413486719e-10)
(10 3.081166342e-10 -7.802679873e-11)
(10 5.044544949e-11 -1.307965374e-11)
(10 7.866403048e-12 -2.084149361e-12)
(10 1.170165258e-12 -3.168162766e-13)
(10 1.619910528e-13 -4.633571001e-14)
(10 2.150131395e-14 -5.477473295e-15)
(10 3.237530613e-15 -1.676561309e-15)
(10 4.444886735e-16 -7.148255032e-16)
(10 7.646619096e-18 -8.109594271e-16)
(10 3.294941671e-16 -1.024881439e-16)
(10 4.625528264e-17 -4.214510863e-16)
(10 2.471809483e-16 -9.62813833e-17)
(10 -3.597540326e-16 1.07300793e-17)
(10 1.676009381e-16 4.356921991e-16)
(10 -1.71438979e-16 -2.383061286e-16)
(10 -1.583477361e-16 -5.626979388e-16)
(10 -3.581098296e-16 2.708188807e-16)
(10 5.972256111e-16 1.012156503e-16)
(10 -1.537300306e-16 1.705477135e-17)
(10 5.38001984e-16 1.031629918e-16)
(10 8.234734153e-17 3.513541618e-16)
(10 -1.321847244e-16 1.015209232e-17)
(10 -9.263872745e-17 -3.784497647e-16)
(10 5.095191661e-17 -6.491866266e-17)
(10 3.441276775e-16 -4.167146663e-17)
(10 -1.357021205e-16 -1.986328454e-16)
(10 1.136309501e-17 4.25342552e-16)
(10 -3.74069953e-16 3.579937335e-16)
(10 -3.760353742e-16 2.224646725e-16)
(10 -1.384387188e-16 2.786361262e-17)
(10 -2.144554509e-16 2.386938012e-16)
(10 -5.915046376e-18 2.39454509e-16)
(10 -1.650055338e-16 2.283922476e-16)
(10 1.602152964e-16 5.75403509e-16)
(10 -4.723451945e-17 1.791876833e-16)
(10 -1.699134739e-16 1.159969092e-16)
(10 -5.804798945e-17 3.698016602e-16)
(10 4.307743699e-17 5.41159873e-16)
(10 2.443345205e-16 1.879087476e-16)
(10 -1.470883052e-16 4.856875786e-16)
(10 1.181477304e-16 3.148874376e-17)
(10 -1.611742338e-16 9.262611773e-17)
(10 -3.957228739e-16 3.132732493e-16)
(10 1.463120115e-16 2.696071491e-16)
(10 -1.386994993e-15 3.585011787e-15)
)
;

boundaryField
{
    left
    {
        type            dirichlet;
        value           uniform (4 0 0);
    }
    right
    {
        type            dirichlet;
        value           uniform (4 0 0);
    }
    sides
    {
        type            empty;
    }
}


// ************************************************************************* //
