/*--------------------------------*- C++ -*----------------------------------*\
| =========                 |                                                 |
| \\      /  F ield         | foam-extend: Open Source CFD                    |
|  \\    /   O peration     | Version:     4.1                                |
|   \\  /    A nd           | Web:         http://www.foam-extend.org         |
|    \\/     M anipulation  |                                                 |
\*---------------------------------------------------------------------------*/
FoamFile
{
    version     2.0;
    format      ascii;
    class       cellScalarField;
    location    "49.9";
    object      T;
}
// * * * * * * * * * * * * * * * * * * * * * * * * * * * * * * * * * * * * * //

dimensions      [0 0 0 0 1 0 0];

internalField   nonuniform 
100
(
(4 -5.703630593e-17 1.624202108e-17)
(4 -1.701991173e-16 -9.95826013e-17)
(4 1.364963738e-16 3.331338254e-18)
(4 -9.707921932e-17 -4.980710388e-17)
(4 1.445892805e-17 7.552596126e-17)
(4 -2.565536147e-16 1.681876595e-16)
(4 2.489755678e-16 1.368802549e-16)
(4 -3.186339845e-16 1.410669574e-17)
(4 9.322186073e-16 -8.585758127e-17)
(4 -1.426187936e-15 1.123167484e-16)
(4 6.57983993e-17 4.404694974e-18)
(4 3.758769292e-16 -4.952671829e-17)
(4 4.809488706e-16 -2.913195919e-17)
(4 9.584111052e-18 -8.665043539e-17)
(4 -1.402499784e-16 1.278374502e-16)
(4 -2.006451993e-18 2.031975576e-16)
(4 2.302570046e-17 -1.2117142e-16)
(4 -8.860305016e-17 3.582599623e-16)
(4 -2.250705774e-16 8.106469339e-17)
(4 5.705016304e-17 -1.891648912e-16)
(4 -3.742208355e-17 -1.734745508e-16)
(4 2.569108455e-18 2.8878027e-16)
(4 -4.591038471e-18 -5.097289176e-17)
(4 -1.450096147e-16 -6.80184471e-17)
(4 2.919497544e-17 -1.114529141e-16)
(4 -2.933743385e-16 -2.695049872e-17)
(4 4.94371834e-17 -1.775930889e-16)
(4 -3.524496592e-17 -1.541140121e-16)
(4 -4.819097972e-16 6.676845784e-17)
(4 4.582476137e-16 2.60444785e-18)
(4 -1.203995595e-16 2.079888968e-16)
(4 -3.265752773e-17 -2.232413797e-16)
(4 -2.480825554e-17 -1.174197765e-16)
(4 -4.381331302e-16 -1.144203396e-16)
(4 4.34729968e-16 -3.43790483e-16)
(4 -2.338037083e-16 -1.734913328e-16)
(4 8.158808158e-16 -1.992116958e-17)
(4 -8.837930845e-16 1.497620639e-16)
(4 4.039313756e-16 4.759020255e-18)
(4 -6.785573129e-17 1.663495222e-16)
(4 8.366589126e-18 -1.712592653e-16)
(4 6.782753782e-17 1.075624495e-17)
(4 -1.494782622e-16 2.972361437e-16)
(4 -8.629126577e-17 -2.694924686e-17)
(4 -3.090081123e-16 -1.164268157e-16)
(4 9.186378587e-16 7.670162982e-17)
(4 -8.73079565e-16 -9.766924558e-17)
(4 8.706994968e-16 7.066259419e-17)
(4 -7.732053563e-16 -1.86250432e-16)
(4 3.889387192e-16 3.272573603e-18)
(4 9.599885509e-18 1.201983744e-16)
(4 -2.039069374e-16 -9.249186145e-17)
(4 2.576158266e-17 1.99637725e-16)
(4 -1.385894752e-16 5.107558764e-17)
(4 -1.934839683e-16 -9.62635359e-17)
(4 1.854439862e-16 1.400254544e-16)
(4 -1.446390597e-16 -1.10405674e-16)
(4 -2.764452253e-17 -1.077847752e-16)
(4 1.10463041e-16 -9.410380265e-17)
(4 -7.717189718e-17 -2.02795561e-17)
(4 -9.781933342e-17 -2.258403136e-16)
(4 2.447723864e-17 4.329895903e-17)
(4 -1.112750798e-16 5.438145559e-17)
(4 -9.033225552e-17 1.149982285e-18)
(4 -1.053256559e-16 1.683400145e-16)
(4 1.680690702e-19 -8.530260287e-17)
(4 2.459984018e-16 1.841024854e-16)
(4 3.747409346e-15 1.904616122e-15)
(4 3.129293071e-14 1.265405485e-14)
(4 2.240233204e-13 8.939922986e-14)
(4 1.520674546e-12 5.83083273e-13)
(4 9.713571479e-12 3.57720683e-12)
(4 5.816650595e-11 2.04924264e-11)
(4 3.257798298e-10 1.094573821e-10)
(4.000000002 1.702690237e-09 5.437825037e-10)
(4.000000011 8.287712307e-09 2.507634678e-09)
(4.000000052 3.750907597e-08 1.07175867e-08)
(4.000000226 1.57678106e-07 4.2412224e-08)
(4.000000926 6.153051892e-07 1.553213533e-07)
(4.000003523 2.228689694e-06 5.263717219e-07)
(4.000012487 7.495186557e-06 1.651221562e-06)
(4.000041242 2.341906241e-05 4.797516493e-06)
(4.000127047 6.804644283e-05 1.291970705e-05)
(4.000365471 0.0001840643637 3.22765263e-05)
(4.00098308 0.0004640892833 7.486996617e-05)
(4.002476405 0.001092142283 0.0001613958862)
(4.005851219 0.002402171759 0.0003235792423)
(4.01298947 0.004945246975 0.0006037349511)
(4.027140165 0.009542109999 0.001048736722)
(4.053467283 0.01728150643 0.001696211744)
(4.099498945 0.02941696982 0.00255346502)
(4.175237173 0.04712798435 0.003574158805)
(4.292657341 0.07115326442 0.004642359033)
(4.464404032 0.1013678191 0.005575232519)
(4.701697343 0.1364370233 0.006151817572)
(5.011761325 0.1737048478 0.006165743284)
(5.39536881 0.2094321134 0.005487992814)
(5.845229674 0.2393944434 0.004117741698)
(6.34583432 0.2597146424 0.002200181055)
(6.875000912 0.26769943 1.111956792e-06)
)
;

boundaryField
{
    left
    {
        type            dirichlet;
        value           uniform (4 0 0);
    }
    right
    {
        type            dirichlet;
        value           uniform (4 0 0);
    }
    sides
    {
        type            empty;
    }
}


// ************************************************************************* //
