/*--------------------------------*- C++ -*----------------------------------*\
| =========                 |                                                 |
| \\      /  F ield         | foam-extend: Open Source CFD                    |
|  \\    /   O peration     | Version:     4.1                                |
|   \\  /    A nd           | Web:         http://www.foam-extend.org         |
|    \\/     M anipulation  |                                                 |
\*---------------------------------------------------------------------------*/
FoamFile
{
    version     2.0;
    format      ascii;
    class       cellScalarField;
    location    "7.8";
    object      T;
}
// * * * * * * * * * * * * * * * * * * * * * * * * * * * * * * * * * * * * * //

dimensions      [0 0 0 0 1 0 0];

internalField   nonuniform 
100
(
(4 2.199651955e-17 -1.756948408e-16)
(4 5.034838391e-15 -7.432442433e-15)
(4 -1.226404734e-13 3.238637837e-13)
(4 9.195281744e-12 -3.774260976e-12)
(4 -7.014320363e-11 1.561212262e-10)
(4.000000005 7.160592373e-09 2.670292687e-09)
(4.000000054 3.993015255e-08 4.390704298e-08)
(4.000001572 2.240886028e-06 1.562254299e-06)
(4.000028856 3.131395755e-05 1.531888291e-05)
(4.000347023 0.0003802044198 0.0002345192857)
(4.004474186 0.004966080439 0.002370712709)
(4.039307419 0.03614024946 0.01151268937)
(4.207153898 0.1459026626 0.02950050075)
(4.702043542 0.3607523985 0.04142269262)
(5.661250882 0.5897993504 0.0271380863)
(6.952321988 0.6741639734 -0.006811379516)
(8.211243075 0.56229778 -0.03200887753)
(9.13155033 0.3543418499 -0.03421784059)
(9.650807389 0.1737942641 -0.02267083457)
(9.882797796 0.06810427449 -0.01086822168)
(9.966786288 0.02182877977 -0.004033014488)
(9.991949145 0.005844981482 -0.001207574161)
(9.998308459 0.001332575239 -0.0003006744056)
(9.99968794 0.0002631089819 -6.375033048e-05)
(9.999948837 4.567394999e-05 -1.173614065e-05)
(9.999992462 7.064415421e-06 -1.906813981e-06)
(9.999998992 9.850203593e-07 -2.772280736e-07)
(9.999999877 1.25093982e-07 -3.649577312e-08)
(9.999999986 1.46001977e-08 -4.394732695e-09)
(9.999999999 1.57847806e-09 -4.883286978e-10)
(10 1.591775765e-10 -5.045208215e-11)
(10 1.506397142e-11 -4.879554739e-12)
(10 1.342894744e-12 -4.430040228e-13)
(10 1.15601552e-13 -3.804435947e-14)
(10 7.691807363e-15 -3.763065276e-15)
(10 6.698632389e-16 -2.793561067e-16)
(10 -8.563134378e-16 6.145752081e-16)
(10 1.707218894e-16 -1.868658186e-16)
(10 -1.337263407e-18 1.701692667e-17)
(10 1.411030243e-16 -4.022010052e-16)
(10 1.397381714e-17 -6.149542353e-16)
(10 6.405446588e-16 -2.697864863e-16)
(10 -2.383992137e-16 -7.14720327e-16)
(10 1.235656127e-15 4.331928808e-16)
(10 -1.950213171e-15 -1.688781738e-16)
(10 1.787727679e-15 -2.198931919e-16)
(10 -1.463015052e-15 9.374848483e-16)
(10 -6.796011447e-18 -4.277460931e-17)
(10 -1.825476714e-16 1.793485215e-16)
(10 -2.254233595e-16 6.368867911e-16)
(10 -3.857814047e-16 9.050330604e-16)
(10 -5.442564394e-16 -4.451572542e-16)
(10 5.366761921e-16 -2.215600494e-16)
(10 1.594056544e-17 -5.256372569e-16)
(10 2.647817385e-16 1.135963938e-16)
(10 -5.439404173e-16 2.728463487e-16)
(10 1.637740831e-16 3.383084791e-16)
(10 1.151734617e-16 -3.509596655e-16)
(10 -2.127279238e-16 2.433089533e-16)
(10 -2.980815173e-17 9.862191851e-17)
(10 -3.427209808e-16 4.588437874e-16)
(10 -5.619700017e-17 -1.244791547e-16)
(10 1.058443544e-17 -3.07970945e-16)
(10 -1.095728619e-16 1.724493176e-16)
(10 -3.152749722e-16 -3.063104396e-16)
(10 -3.405254462e-16 -2.392138052e-16)
(10 2.89519004e-16 4.494675869e-16)
(10 -4.884724923e-16 4.162309362e-16)
(10 -3.416005079e-17 -2.017949339e-17)
(10 -1.211978972e-16 7.451010497e-17)
(10 -2.0783034e-16 3.386079116e-16)
(10 -3.460344677e-16 -5.48222837e-17)
(10 -4.077308312e-16 -3.072755195e-17)
(10 5.943933883e-16 -4.712290685e-16)
(10 -6.475134384e-18 1.05236753e-16)
(10 -1.593671191e-16 -5.750183036e-16)
(10 3.610322661e-16 -1.397187613e-16)
(10 -5.959907549e-17 -9.052737729e-17)
(10 3.634839453e-16 -1.278542971e-16)
(10 -1.675796112e-16 -3.525298529e-17)
(10 3.711401597e-16 3.213878139e-16)
(10 -4.577580063e-16 -7.78076163e-17)
(10 2.61971127e-16 2.944102588e-17)
(10 -1.365836193e-16 -1.744382481e-17)
(10 2.188365319e-16 -5.564608655e-16)
(10 1.000862126e-15 -5.078880228e-16)
(10 -1.354184948e-16 7.673887687e-17)
(10 -4.236895983e-18 2.400961845e-18)
(10 -1.325615648e-19 7.511991335e-20)
(10 -4.147510002e-21 2.350308647e-21)
(10 -1.297649077e-22 7.353510526e-23)
(10 -4.060009803e-24 2.300724083e-24)
(10 -1.270272518e-25 7.198373196e-26)
(10 -3.974355601e-27 2.252185608e-27)
(10 -1.243473524e-28 7.046508807e-29)
(10 -3.890508449e-30 2.204671151e-30)
(10 -1.217239909e-31 6.897848307e-32)
(10 -3.808430225e-33 2.158159109e-33)
(10 -1.191559747e-34 6.752324105e-35)
(10 -8.752314646e-16 3.173681396e-15)
)
;

boundaryField
{
    left
    {
        type            dirichlet;
        value           uniform (4 0 0);
    }
    right
    {
        type            dirichlet;
        value           uniform (4 0 0);
    }
    sides
    {
        type            empty;
    }
}


// ************************************************************************* //
