/*--------------------------------*- C++ -*----------------------------------*\
| =========                 |                                                 |
| \\      /  F ield         | foam-extend: Open Source CFD                    |
|  \\    /   O peration     | Version:     4.1                                |
|   \\  /    A nd           | Web:         http://www.foam-extend.org         |
|    \\/     M anipulation  |                                                 |
\*---------------------------------------------------------------------------*/
FoamFile
{
    version     2.0;
    format      ascii;
    class       cellScalarField;
    location    "21.8";
    object      T;
}
// * * * * * * * * * * * * * * * * * * * * * * * * * * * * * * * * * * * * * //

dimensions      [0 0 0 0 1 0 0];

internalField   nonuniform 
100
(
(4 -5.703630593e-17 1.624202108e-17)
(4 7.951425622e-17 -6.229872742e-17)
(4 -8.627721927e-17 1.256818081e-16)
(4 -1.612525162e-17 -1.611418054e-16)
(4 1.125550889e-16 -9.486469732e-17)
(4 -4.891400363e-16 8.634421798e-17)
(4 4.591854424e-16 1.075477258e-16)
(4 -2.275899573e-16 5.372741791e-17)
(4 5.640106739e-16 1.643007009e-16)
(4 -1.23017419e-15 3.641418369e-16)
(4 3.010653945e-16 1.456229265e-17)
(4 5.85160491e-16 -4.475510593e-17)
(4 -1.958371854e-17 1.926164084e-16)
(4 -2.488371488e-16 1.847375697e-16)
(4 4.972147008e-16 -1.381708236e-17)
(4 -2.844487818e-16 2.655326625e-16)
(4 6.185474059e-17 -1.549288655e-16)
(4 9.129642124e-17 -2.974376436e-18)
(4 -4.702465633e-17 4.363065125e-17)
(4 1.052962165e-16 1.27116883e-16)
(4 1.738344398e-15 1.750115342e-16)
(4 2.225426646e-15 -3.403192711e-16)
(4 1.189706477e-14 8.809127076e-15)
(4 2.217692416e-13 1.297016675e-13)
(4 3.101237301e-12 1.742887139e-12)
(4 3.945984572e-11 2.126165488e-11)
(4 4.595115887e-10 2.377006616e-10)
(4.000000005 4.890586248e-09 2.405004087e-09)
(4.000000046 4.687556653e-08 2.172829308e-08)
(4.000000413 4.017391334e-07 1.744747795e-07)
(4.000003275 3.052532956e-06 1.224684702e-06)
(4.000022876 2.015450659e-05 7.312446595e-06)
(4.000138045 0.0001130851054 3.633627419e-05)
(4.000709611 0.0005318793779 0.000148780674)
(4.003090518 0.002089553982 0.0005015919143)
(4.01142391 0.006879584238 0.00139759349)
(4.036061469 0.01911085741 0.003233889103)
(4.098032073 0.04515615176 0.006236304656)
(4.231674335 0.09150825745 0.01002524321)
(4.480664449 0.1603073062 0.01335160858)
(4.884344051 0.2445735684 0.01443921392)
(5.457704089 0.3271858619 0.01196704221)
(6.175587476 0.38622223 0.00606363215)
(6.972501152 0.4046247676 -0.00152108921)
(7.761017265 0.3782386919 -0.008300917055)
(8.459894187 0.3170581697 -0.01236027069)
(9.017322457 0.2394361596 -0.0131638801)
(9.419168166 0.1636109583 -0.01145609596)
(9.682066474 0.1015763244 -0.008551519695)
(9.838761679 0.05752018196 -0.005611148253)
(9.924162215 0.02981955757 -0.003285210134)
(9.966871775 0.01420250459 -0.001734101249)
(9.98653724 0.006235513726 -0.0008317254104)
(9.994900801 0.002531749325 -0.0003647597049)
(9.998196307 0.000953562911 -0.0001470439511)
(9.999402954 0.0003341506469 -5.473829118e-05)
(9.999814671 0.0001092525972 -1.889335139e-05)
(9.999945939 3.341953906e-05 -6.068788331e-06)
(9.99998515 9.589227393e-06 -1.820278972e-06)
(9.999996151 2.58744294e-06 -5.114165081e-07)
(9.999999057 6.581232981e-07 -1.349824518e-07)
(9.999999781 1.581596028e-07 -3.356063394e-08)
(9.999999952 3.599122607e-08 -7.880371071e-09)
(9.99999999 7.771972049e-09 -1.75176832e-09)
(9.999999998 1.595814549e-09 -3.694969504e-10)
(10 3.121688908e-10 -7.411270649e-11)
(10 5.828704551e-11 -1.416493237e-11)
(10 1.039985421e-11 -2.583815761e-12)
(10 1.776779488e-12 -4.506560779e-13)
(10 2.89665381e-13 -7.478018384e-14)
(10 4.628423634e-14 -1.1659351e-14)
(10 8.727076202e-15 -2.007245204e-15)
(10 6.762904762e-16 -3.187285733e-16)
(10 4.648437045e-16 2.619276842e-16)
(10 -1.147647796e-15 3.140408698e-16)
(10 1.932702975e-16 -3.874680837e-16)
(10 1.591225518e-16 -2.569509139e-16)
(10 2.24049465e-18 -2.483463563e-16)
(10 1.029013421e-17 -1.008011877e-16)
(10 1.062717879e-16 1.631328605e-16)
(10 -2.217084326e-17 4.377707082e-16)
(10 2.820541584e-16 3.643909501e-16)
(10 -4.604451004e-16 -3.568775557e-16)
(10 3.228929652e-16 -1.782561281e-16)
(10 -1.45766371e-16 -7.356377659e-17)
(10 1.84422219e-17 -1.572205817e-16)
(10 -1.24099172e-16 -1.972476806e-16)
(10 3.637500351e-16 1.890289016e-16)
(10 8.883582137e-17 4.135022031e-16)
(10 8.093171255e-17 -2.30136376e-16)
(10 4.308176583e-17 -1.149904981e-16)
(10 5.385533244e-16 -3.37669667e-16)
(10 -4.800092815e-16 1.033388389e-16)
(10 -4.697484922e-16 2.852275081e-17)
(10 -2.436973018e-16 -1.927050449e-16)
(10 -4.64970459e-16 -6.635136137e-16)
(10 9.062878959e-17 3.946472886e-16)
(10 4.398513642e-17 -7.946332822e-16)
(10 1.85124002e-16 -2.760315563e-16)
(10 -1.65610697e-16 3.658209452e-15)
)
;

boundaryField
{
    left
    {
        type            dirichlet;
        value           uniform (4 0 0);
    }
    right
    {
        type            dirichlet;
        value           uniform (4 0 0);
    }
    sides
    {
        type            empty;
    }
}


// ************************************************************************* //
