/*--------------------------------*- C++ -*----------------------------------*\
| =========                 |                                                 |
| \\      /  F ield         | foam-extend: Open Source CFD                    |
|  \\    /   O peration     | Version:     4.1                                |
|   \\  /    A nd           | Web:         http://www.foam-extend.org         |
|    \\/     M anipulation  |                                                 |
\*---------------------------------------------------------------------------*/
FoamFile
{
    version     2.0;
    format      ascii;
    class       cellScalarField;
    location    "5.8";
    object      T;
}
// * * * * * * * * * * * * * * * * * * * * * * * * * * * * * * * * * * * * * //

dimensions      [0 0 0 0 1 0 0];

internalField   nonuniform 
100
(
(4 2.777777423e-12 2.426192263e-12)
(4 -1.35245162e-10 -1.104386768e-10)
(4.000000002 5.831432599e-09 5.43802125e-09)
(4.000000054 4.163018622e-09 -3.7226375e-08)
(4.000001031 2.0353674e-06 2.556867629e-06)
(4.000044962 5.220712093e-05 1.91898628e-05)
(4.000497922 0.0005152824104 0.0004105981523)
(4.008789084 0.0108815962 0.005949486182)
(4.093478429 0.08967803175 0.02785780689)
(4.488049228 0.328609444 0.05424744552)
(5.471921728 0.6501758722 0.04126728426)
(6.943556823 0.7803130775 -0.01035830218)
(8.370405413 0.6143282738 -0.0453219123)
(9.320775373 0.3367329463 -0.04127152547)
(9.776817642 0.1350012346 -0.02192301704)
(9.941132958 0.04131446997 -0.008062384868)
(9.987259286 0.01001920278 -0.002226915468)
(9.99768592 0.001989149065 -0.0004871100192)
(9.999639759 0.0003324468573 -8.773763079e-05)
(9.999951016 4.789053059e-05 -1.341323087e-05)
(9.999994085 6.065276496e-06 -1.782887045e-06)
(9.999999357 6.866194507e-07 -2.100804419e-07)
(9.999999936 7.044665617e-08 -2.229400039e-08)
(9.999999994 6.627176045e-09 -2.158658076e-09)
(10 5.77258742e-10 -1.927823213e-10)
(10 4.693900093e-11 -1.602188459e-11)
(10 3.591501129e-12 -1.248307706e-12)
(10 2.589558924e-13 -9.15966009e-14)
(10 1.775932082e-14 -7.272831758e-15)
(10 6.297302555e-16 2.986987636e-16)
(10 -1.547183821e-15 4.854099395e-16)
(10 1.126037357e-15 1.852493667e-16)
(10 -1.158595423e-15 -8.887927184e-18)
(10 1.017690814e-15 1.276859755e-16)
(10 3.377024801e-16 -1.290536251e-16)
(10 -5.172875174e-17 -3.197473256e-16)
(10 -1.169461577e-16 -2.735478425e-16)
(10 3.693398518e-17 -3.1367344e-16)
(10 -2.131338782e-17 -3.472780493e-17)
(10 -9.219685955e-17 8.577836875e-17)
(10 4.330527611e-16 -4.675474622e-16)
(10 -3.133843572e-16 -3.01068643e-16)
(10 2.343219326e-16 -3.767545043e-16)
(10 -1.355808545e-16 1.86418664e-16)
(10 -3.158156514e-16 -3.061475577e-16)
(10 -3.404726552e-16 -2.392529767e-16)
(10 2.895252882e-16 4.494635511e-16)
(10 -4.884720515e-16 4.162306682e-16)
(10 -3.416002731e-17 -2.017950713e-17)
(10 -1.211978962e-16 7.451010442e-17)
(10 -2.078303399e-16 3.386079115e-16)
(10 -3.460344677e-16 -5.482228371e-17)
(10 -4.077308312e-16 -3.072755195e-17)
(10 5.943933883e-16 -4.712290685e-16)
(10 -6.475134383e-18 1.05236753e-16)
(10 -1.593671191e-16 -5.750183036e-16)
(10 3.610322661e-16 -1.397187613e-16)
(10 -5.959907549e-17 -9.052737729e-17)
(10 3.634839453e-16 -1.278542971e-16)
(10 -1.675796112e-16 -3.525298529e-17)
(10 3.711401597e-16 3.213878139e-16)
(10 -4.577580063e-16 -7.78076163e-17)
(10 2.61971127e-16 2.944102588e-17)
(10 -1.365836193e-16 -1.744382481e-17)
(10 2.188365319e-16 -5.564608655e-16)
(10 1.000862126e-15 -5.078880228e-16)
(10 -1.354184948e-16 7.673887687e-17)
(10 -4.236895983e-18 2.400961845e-18)
(10 -1.325615648e-19 7.511991335e-20)
(10 -4.147510002e-21 2.350308647e-21)
(10 -1.297649077e-22 7.353510526e-23)
(10 -4.060009803e-24 2.300724083e-24)
(10 -1.270272518e-25 7.198373196e-26)
(10 -3.974355601e-27 2.252185608e-27)
(10 -1.243473524e-28 7.046508807e-29)
(10 -3.890508449e-30 2.204671151e-30)
(10 -1.217239909e-31 6.897848307e-32)
(10 -3.808430225e-33 2.158159109e-33)
(10 -1.191559747e-34 6.752324105e-35)
(10 -3.728083609e-36 2.112628334e-36)
(10 -1.16642136e-37 6.609870033e-38)
(10 -3.649432069e-39 2.068058123e-39)
(10 -1.141813318e-40 6.470421321e-41)
(10 -3.572439844e-42 2.024428212e-42)
(10 -1.117724433e-43 6.333914564e-44)
(10 -3.497071927e-45 1.981718763e-45)
(10 -1.094143753e-46 6.200287697e-47)
(10 -3.42329405e-48 1.939910357e-48)
(10 -1.071060555e-49 6.069479961e-50)
(10 -3.351072669e-51 1.898983985e-51)
(10 -1.048464345e-52 5.941431881e-53)
(10 -3.280374945e-54 1.858921038e-54)
(10 -1.026344847e-55 5.816085238e-56)
(10 -3.211168734e-57 1.819703301e-57)
(10 -1.004692006e-58 5.693383038e-59)
(10 -3.143422569e-60 1.781312942e-60)
(10 -9.834959756e-62 5.573269491e-62)
(10 -3.077105648e-63 1.743732507e-63)
(10 -9.627471188e-65 5.455689985e-65)
(10 1.069095793e-16 3.341043526e-15)
)
;

boundaryField
{
    left
    {
        type            dirichlet;
        value           uniform (4 0 0);
    }
    right
    {
        type            dirichlet;
        value           uniform (4 0 0);
    }
    sides
    {
        type            empty;
    }
}


// ************************************************************************* //
