/*--------------------------------*- C++ -*----------------------------------*\
| =========                 |                                                 |
| \\      /  F ield         | foam-extend: Open Source CFD                    |
|  \\    /   O peration     | Version:     4.1                                |
|   \\  /    A nd           | Web:         http://www.foam-extend.org         |
|    \\/     M anipulation  |                                                 |
\*---------------------------------------------------------------------------*/
FoamFile
{
    version     2.0;
    format      ascii;
    class       cellScalarField;
    location    "7.9";
    object      T;
}
// * * * * * * * * * * * * * * * * * * * * * * * * * * * * * * * * * * * * * //

dimensions      [0 0 0 0 1 0 0];

internalField   nonuniform 
100
(
(4 -5.703630593e-17 1.624202108e-17)
(4 5.936149704e-15 -2.876567739e-15)
(4 -1.687396079e-13 1.336480571e-13)
(4 7.825664654e-12 -4.971517433e-13)
(4 -7.741644409e-11 5.60807756e-11)
(4.000000003 4.661663771e-09 2.278391183e-09)
(4.000000039 2.779748965e-08 2.137604938e-08)
(4.000000931 1.33233947e-06 1.025499521e-06)
(4.000019243 2.161934973e-05 1.049218753e-05)
(4.000231125 0.0002482325106 0.0001514908226)
(4.002993325 0.003358471664 0.001683353556)
(4.028130052 0.02672202824 0.009069908242)
(4.159438844 0.1173777276 0.02568068636)
(4.576552322 0.313144815 0.04025622175)
(5.442585427 0.5489614664 0.0317337421)
(6.685827464 0.6697365964 0.0001891940614)
(7.974372836 0.5940305614 -0.0282989488)
(8.972674959 0.3968003479 -0.03499400131)
(9.568018747 0.2056732696 -0.02526750346)
(9.848409589 0.08492174144 -0.01296577776)
(9.955134224 0.02859499402 -0.005103346081)
(9.988660398 0.008020172221 -0.00161096402)
(9.997520502 0.001909780945 -0.0004208946387)
(9.999524935 0.0003927506561 -9.327326248e-05)
(9.999919276 7.082729618e-05 -1.78861281e-05)
(9.999987699 1.135258069e-05 -3.017918696e-06)
(9.999998302 1.636682518e-06 -4.544438912e-07)
(9.999999786 2.144622728e-07 -6.181430784e-08)
(9.999999975 2.5777458e-08 -7.674499559e-09)
(9.999999997 2.865043449e-09 -8.775347447e-10)
(10 2.965493672e-10 -9.313481083e-11)
(10 2.876525686e-11 -9.238382171e-12)
(10 2.62660265e-12 -8.609553543e-13)
(10 2.288677558e-13 -7.607374957e-14)
(10 1.8505741e-14 -7.936172859e-15)
(10 3.607891048e-16 -4.207396592e-16)
(10 -4.377925956e-16 1.111923442e-16)
(10 3.295393753e-16 -2.425408673e-16)
(10 -3.010266005e-17 3.792708736e-17)
(10 2.767602855e-16 -5.332425829e-16)
(10 -1.879516459e-16 -1.078759894e-16)
(10 3.930707809e-16 -4.5849063e-16)
(10 -4.160482258e-16 -3.945916016e-16)
(10 3.999382648e-16 1.136234889e-15)
(10 -1.797583257e-15 -2.091791645e-16)
(10 1.637207088e-15 -4.006242206e-16)
(10 -1.895261012e-15 8.521135552e-17)
(10 4.22594224e-16 -2.993585051e-16)
(10 -2.83644437e-16 1.938808588e-16)
(10 -9.754548336e-17 6.078497739e-17)
(10 -2.630577864e-16 3.320890103e-16)
(10 -1.183317982e-15 6.433643894e-16)
(10 2.145802314e-16 -4.104367051e-16)
(10 -5.597884324e-17 -5.991963271e-17)
(10 2.667056361e-16 2.974939922e-16)
(10 -4.251842188e-16 5.877492915e-16)
(10 2.943117949e-17 6.166985202e-16)
(10 1.604587656e-16 -4.291194663e-16)
(10 -3.565434727e-16 2.861272851e-16)
(10 -2.938355977e-17 1.146999226e-16)
(10 2.288537387e-16 1.038496607e-16)
(10 -1.290548376e-16 -1.567161856e-16)
(10 9.225547508e-17 -4.501204845e-16)
(10 -1.684603578e-16 2.017738867e-16)
(10 -3.945048427e-16 -5.39550087e-16)
(10 1.416077705e-16 -1.838653843e-16)
(10 5.067129337e-16 4.735176635e-17)
(10 -2.603288151e-16 7.48973434e-16)
(10 -2.192187725e-16 5.69266038e-17)
(10 -1.854297256e-16 6.769899064e-17)
(10 -3.414641057e-16 4.102568964e-16)
(10 2.282727488e-17 1.218580069e-16)
(10 -2.649642611e-16 2.453169875e-16)
(10 -1.894112883e-17 4.26545229e-17)
(10 -2.350594994e-17 1.46179938e-16)
(10 -4.542592377e-16 -9.928045862e-17)
(10 -1.210248092e-18 -3.765913058e-16)
(10 1.093612822e-16 -2.476806326e-16)
(10 8.523293909e-17 -4.060719251e-16)
(10 -5.817897996e-17 -2.008818928e-16)
(10 3.82304655e-17 2.275369465e-16)
(10 -1.685932662e-17 -1.087825639e-17)
(10 2.413900432e-16 1.962281516e-16)
(10 -2.66512645e-16 -2.695542951e-17)
(10 1.364883093e-16 1.74959894e-17)
(10 -2.188385326e-16 5.564619606e-16)
(10 -1.000862168e-15 5.078880458e-16)
(10 1.354184939e-16 -7.673887638e-17)
(10 4.236895964e-18 -2.400961834e-18)
(10 1.325615644e-19 -7.511991314e-20)
(10 4.147509993e-21 -2.350308642e-21)
(10 1.297649075e-22 -7.353510516e-23)
(10 4.060009799e-24 -2.300724081e-24)
(10 1.270272517e-25 -7.198373192e-26)
(10 3.974355599e-27 -2.252185607e-27)
(10 1.243473523e-28 -7.046508804e-29)
(10 3.890508449e-30 -2.204671151e-30)
(10 1.217239909e-31 -6.897848306e-32)
(10 3.808430225e-33 -2.158159109e-33)
(10 -7.189456758e-16 3.066391108e-15)
)
;

boundaryField
{
    left
    {
        type            dirichlet;
        value           uniform (4 0 0);
    }
    right
    {
        type            dirichlet;
        value           uniform (4 0 0);
    }
    sides
    {
        type            empty;
    }
}


// ************************************************************************* //
