/*--------------------------------*- C++ -*----------------------------------*\
| =========                 |                                                 |
| \\      /  F ield         | foam-extend: Open Source CFD                    |
|  \\    /   O peration     | Version:     4.1                                |
|   \\  /    A nd           | Web:         http://www.foam-extend.org         |
|    \\/     M anipulation  |                                                 |
\*---------------------------------------------------------------------------*/
FoamFile
{
    version     2.0;
    format      ascii;
    class       cellScalarField;
    location    "40.5";
    object      T;
}
// * * * * * * * * * * * * * * * * * * * * * * * * * * * * * * * * * * * * * //

dimensions      [0 0 0 0 1 0 0];

internalField   nonuniform 
100
(
(4 -5.703630593e-17 1.624202108e-17)
(4 -2.204743717e-16 1.674422123e-16)
(4 6.518978434e-18 -1.522260854e-16)
(4 -1.335722159e-16 -7.674630598e-17)
(4 -7.862270353e-17 1.796568888e-16)
(4 -3.770017788e-16 3.356361161e-16)
(4 2.374039731e-16 1.717025822e-17)
(4 -4.226950613e-16 -1.291150351e-16)
(4 9.017862568e-16 5.197850907e-17)
(4 -1.297279137e-15 -1.351956633e-17)
(4 2.232613925e-16 9.453691237e-17)
(4 -4.094272032e-16 -9.57922006e-17)
(4 1.0752394e-15 -6.103090227e-18)
(4 -5.682353471e-16 2.343227816e-16)
(4 4.68376442e-16 -2.506561427e-17)
(4 -5.998733658e-16 -2.361016573e-16)
(4 3.999323345e-16 -1.483154679e-16)
(4 -6.812512842e-17 4.249647373e-17)
(4 -5.154465065e-17 2.428670269e-16)
(4 -9.889572366e-17 9.343215128e-17)
(4 -9.80579143e-17 2.625507347e-16)
(4 1.398756702e-16 -2.011344666e-16)
(4 -6.84526198e-17 -1.194624528e-16)
(4 1.730555808e-16 1.732492334e-16)
(4 -2.376521511e-16 -1.199557232e-16)
(4 2.134959459e-16 -1.188678343e-16)
(4 -1.776648645e-16 2.480255467e-16)
(4 -9.125242779e-17 8.911028818e-17)
(4 -1.204816673e-16 7.824056315e-17)
(4 1.257454276e-16 -4.898042146e-17)
(4 3.401040948e-16 2.105480322e-16)
(4 4.121481824e-17 -7.557109766e-17)
(4 3.711213505e-17 -1.175570417e-16)
(4 -4.885780909e-16 -7.626357245e-17)
(4 8.75998106e-16 1.844196775e-16)
(4 -1.12257396e-15 5.636569798e-16)
(4 1.295074888e-15 9.690818729e-17)
(4 -1.208771023e-15 -3.883029859e-16)
(4 7.352573424e-16 1.33657443e-16)
(4 -4.023911202e-16 -4.182880738e-16)
(4 7.182003609e-16 6.218977578e-17)
(4 -1.018104263e-15 2.31068136e-16)
(4 7.581486134e-16 -2.708886772e-16)
(4 -4.999761344e-16 3.758969347e-16)
(4 -6.200458988e-16 -2.116861327e-17)
(4 8.374918017e-16 6.645097532e-17)
(4 -9.033698482e-16 6.090444016e-17)
(4 8.862622972e-16 -2.927624305e-18)
(4 -7.847683184e-16 2.149981064e-16)
(4 3.755657693e-16 -2.288034529e-17)
(4 -5.412719529e-17 2.184584575e-16)
(4 2.084492402e-15 3.551544639e-16)
(4 1.158656064e-14 6.884107106e-15)
(4 1.22400035e-13 5.54534524e-14)
(4 1.023061222e-12 4.432301565e-13)
(4 7.944484389e-12 3.303721148e-12)
(4 5.753696233e-11 2.290003897e-11)
(4 3.873027498e-10 1.469010061e-10)
(4.000000003 2.412539223e-09 8.67973812e-10)
(4.000000017 1.384795521e-08 4.701931469e-09)
(4.000000092 7.295928374e-08 2.325849395e-08)
(4.000000466 3.516899098e-07 1.047272609e-07)
(4.000002158 1.547539398e-06 4.283681852e-07)
(4.000009154 6.208660538e-06 1.590082636e-06)
(4.000035551 2.270509964e-05 5.355772829e-06)
(4.000126467 7.572957119e-05 1.637843439e-05)
(4.000412572 0.0002306431012 4.55210703e-05)
(4.00123637 0.0006424730296 0.0001151303005)
(4.003410491 0.001639984654 0.000265325852)
(4.008679926 0.00384414259 0.0005578517908)
(4.020433167 0.008292286785 0.001071125371)
(4.044608991 0.01649734932 0.00187932493)
(4.090565998 0.03033617376 0.003012964177)
(4.171470386 0.05166974265 0.004409620025)
(4.303637493 0.08168382656 0.005877191279)
(4.504389377 0.1200950195 0.007098659155)
(4.788446059 0.1645264103 0.007697202801)
(5.16355116 0.2104107169 0.00735289446)
(5.626642072 0.2516457098 0.005929825598)
(6.162041258 0.2819275705 0.00355610224)
(6.742660504 0.2963598437 0.0006131176337)
(7.334200696 0.2927619198 -0.002369219178)
(7.901232357 0.2721928744 -0.004870027489)
(8.413371002 0.2385255685 -0.006523192961)
(8.849815839 0.1972856226 -0.007196759517)
(9.201227387 0.1542209156 -0.006986350799)
(9.468904452 0.1140889772 -0.006141325761)
(9.662039015 0.07997300624 -0.004964557313)
(9.794196155 0.05318289807 -0.003725987211)
(9.880060946 0.03359253831 -0.002613070575)
(9.933092028 0.02017688847 -0.001720508088)
(9.964260803 0.01153692989 -0.001067423985)
(9.981713097 0.006286686487 -0.0006258423745)
(9.991032458 0.003268188209 -0.000347619682)
(9.995783249 0.00162252848 -0.0001833029243)
(9.998097584 0.0007700388115 -9.193146423e-05)
(9.999176009 0.0003496972009 -4.392473534e-05)
(9.99965715 0.0001521054973 -2.002440189e-05)
(9.999862869 6.342711964e-05 -8.72205027e-06)
(9.99994724 2.537914842e-05 -3.634520215e-06)
)
;

boundaryField
{
    left
    {
        type            dirichlet;
        value           uniform (4 0 0);
    }
    right
    {
        type            dirichlet;
        value           uniform (4 0 0);
    }
    sides
    {
        type            empty;
    }
}


// ************************************************************************* //
