/*--------------------------------*- C++ -*----------------------------------*\
| =========                 |                                                 |
| \\      /  F ield         | foam-extend: Open Source CFD                    |
|  \\    /   O peration     | Version:     4.1                                |
|   \\  /    A nd           | Web:         http://www.foam-extend.org         |
|    \\/     M anipulation  |                                                 |
\*---------------------------------------------------------------------------*/
FoamFile
{
    version     2.0;
    format      ascii;
    class       cellScalarField;
    location    "34.6";
    object      T;
}
// * * * * * * * * * * * * * * * * * * * * * * * * * * * * * * * * * * * * * //

dimensions      [0 0 0 0 1 0 0];

internalField   nonuniform 
100
(
(4 -5.703630593e-17 1.624202108e-17)
(4 -5.878790312e-18 2.011636004e-17)
(4 -1.287584063e-16 -1.583001159e-17)
(4 -4.075856065e-18 -4.821042385e-17)
(4 5.328857957e-17 -8.132213098e-17)
(4 -4.054962237e-16 -2.800851426e-17)
(4 3.839436465e-16 -4.413237813e-17)
(4 -2.738021934e-16 -5.884091347e-17)
(4 5.061823744e-16 -8.881458184e-17)
(4 -7.891849671e-16 5.674809899e-17)
(4 -1.100544743e-16 -8.218606628e-17)
(4 2.028003553e-16 5.086480664e-18)
(4 4.412493631e-16 1.388890456e-16)
(4 1.840188139e-16 -2.755815381e-16)
(4 5.574605195e-16 1.709503446e-16)
(4 -7.486017004e-16 -7.251591538e-17)
(4 8.384362369e-16 -8.921186403e-18)
(4 -7.747832305e-16 1.311752574e-17)
(4 6.305727818e-16 6.656092576e-17)
(4 -4.816368707e-16 -1.944288161e-17)
(4 1.804119497e-16 6.733110806e-17)
(4 -1.263356468e-17 6.608216509e-17)
(4 1.088263767e-16 -3.475728497e-17)
(4 -1.493536918e-16 -1.820319648e-16)
(4 2.793098337e-17 -1.208876132e-16)
(4 7.612245002e-17 -8.84966465e-18)
(4 1.687928608e-17 2.334690624e-16)
(4 -1.647433526e-16 6.004569105e-17)
(4 -3.990036701e-16 -1.94308998e-16)
(4 4.41211371e-16 3.270053729e-17)
(4 -1.798139178e-16 1.165114728e-16)
(4 -2.695539181e-16 -1.031623015e-16)
(4 6.998271375e-17 -7.838619604e-17)
(4 -3.293823648e-16 7.495911286e-17)
(4 8.037332059e-16 6.394520971e-17)
(4 -8.475615259e-16 -1.037868348e-16)
(4 4.945385577e-16 -8.17297679e-17)
(4 -1.878756997e-16 1.468811571e-16)
(4 1.076902278e-16 2.803980699e-17)
(4 2.262332774e-16 -1.113677686e-16)
(4 -2.299295821e-16 -1.036776476e-16)
(4 2.914743533e-16 2.290749065e-16)
(4 4.032982163e-15 3.17146734e-15)
(4 6.326463382e-14 3.121471735e-14)
(4 6.071014494e-13 2.85990736e-13)
(4 5.488057162e-12 2.491880678e-12)
(4 4.61787927e-11 2.009584308e-11)
(4 3.599766061e-10 1.494708783e-10)
(4.000000003 2.586136781e-09 1.019029806e-09)
(4.000000019 1.702327251e-08 6.325801881e-09)
(4.000000121 1.020345858e-07 3.550608483e-08)
(4.000000689 5.535379012e-07 1.790638246e-07)
(4.000003553 2.704602157e-06 8.075679221e-07)
(4.000016547 1.186353616e-05 3.247937521e-06)
(4.000069509 4.665175749e-05 1.163753774e-05)
(4.00026333 0.0001644901942 3.71620122e-05)
(4.000900817 0.0005207443634 0.0001058925165)
(4.002788616 0.001483434288 0.0002697106499)
(4.007834035 0.00381270151 0.0006151436546)
(4.020037433 0.008867345734 0.00125830928)
(4.046826754 0.01871850982 0.002310988999)
(4.100358744 0.03597379848 0.003811574464)
(4.198013937 0.06312946221 0.005639110418)
(4.361106346 0.1014516603 0.007458328197)
(4.611147068 0.1497156563 0.008753363134)
(4.96397208 0.2034239759 0.008975842537)
(5.423341479 0.2551266962 0.007765566348)
(5.976502325 0.2960522458 0.005140617389)
(6.593967152 0.3185883659 0.001548288068)
(7.23426791 0.318628576 -0.002265975951)
(7.852375704 0.2967795954 -0.00551555599)
(8.408934613 0.2579523509 -0.007632861939)
(8.877259201 0.2096168723 -0.008417437412)
(9.246203312 0.1595459898 -0.008026527077)
(9.518793519 0.1139407887 -0.006844454491)
(9.707995619 0.07647836071 -0.005312401074)
(9.83156521 0.04832480028 -0.003793770879)
(9.907623579 0.02879092253 -0.002511053886)
(9.951810078 0.01619774132 -0.001548713715)
(9.976074837 0.008617971924 -0.00089376337)
(9.988687982 0.004342363606 -0.000484260349)
(9.994902832 0.002075000141 -0.0002470462129)
(9.997809394 0.0009415944223 -0.000118958066)
(9.999101315 0.0004062842127 -5.418484357e-05)
(9.999647764 0.0001669041822 -2.339316519e-05)
(9.999867984 6.535993892e-05 -9.589888121e-06)
(9.999952644 2.442782676e-05 -3.739202907e-06)
(9.999983727 8.723578183e-06 -1.38888024e-06)
(9.999994638 2.980133259e-06 -4.921638357e-07)
(9.999998304 9.749663149e-07 -1.666164904e-07)
(9.999999485 3.0579167e-07 -5.395899128e-08)
(9.99999985 9.204514089e-08 -1.673766398e-08)
(9.999999958 2.661708469e-08 -4.978919071e-09)
(9.999999989 7.401815489e-09 -1.421957231e-09)
(9.999999997 1.981329378e-09 -3.903319217e-10)
(9.999999999 5.110062027e-10 -1.030950666e-10)
(10 1.271038765e-10 -2.622812201e-11)
(10 3.051313518e-11 -6.432625493e-12)
(10 7.076924832e-12 -1.523680639e-12)
(10 1.585499949e-12 -3.44915661e-13)
)
;

boundaryField
{
    left
    {
        type            dirichlet;
        value           uniform (4 0 0);
    }
    right
    {
        type            dirichlet;
        value           uniform (4 0 0);
    }
    sides
    {
        type            empty;
    }
}


// ************************************************************************* //
