/*--------------------------------*- C++ -*----------------------------------*\
| =========                 |                                                 |
| \\      /  F ield         | foam-extend: Open Source CFD                    |
|  \\    /   O peration     | Version:     4.1                                |
|   \\  /    A nd           | Web:         http://www.foam-extend.org         |
|    \\/     M anipulation  |                                                 |
\*---------------------------------------------------------------------------*/
FoamFile
{
    version     2.0;
    format      ascii;
    class       cellScalarField;
    location    "6.4";
    object      T;
}
// * * * * * * * * * * * * * * * * * * * * * * * * * * * * * * * * * * * * * //

dimensions      [0 0 0 0 1 0 0];

internalField   nonuniform 
100
(
(4 -1.456467912e-13 -4.217659344e-15)
(4 1.134887442e-11 1.557529175e-12)
(4 -2.819172077e-10 6.179451545e-12)
(4.000000005 1.092929437e-08 5.056299263e-09)
(4.000000054 -6.959073466e-09 1.084432062e-08)
(4.0000021 3.557949402e-06 2.967056469e-06)
(4.000050863 5.442738261e-05 2.293840127e-05)
(4.000600353 0.0006660880365 0.0004817574297)
(4.009383024 0.0110102889 0.005459431714)
(4.087101499 0.07997705905 0.02380344766)
(4.431272001 0.2849505427 0.04759651453)
(5.29577807 0.5797571768 0.04227182243)
(6.650901184 0.7430028428 0.0003430925123)
(8.068875583 0.6420098887 -0.03692480496)
(9.111273626 0.3940237471 -0.04135096083)
(9.672628398 0.179320934 -0.02586532019)
(9.90224151 0.0628143469 -0.01112104353)
(9.975919771 0.01750267116 -0.003580967392)
(9.9950139 0.003993952099 -0.0009100853355)
(9.999115883 0.000765632578 -0.0001896102127)
(9.999863419 0.0001260491167 -3.335250956e-05)
(9.99998133 1.816277228e-05 -5.071605332e-06)
(9.999997711 2.327869225e-06 -6.796558884e-07)
(9.999999745 2.690502301e-07 -8.155869891e-08)
(9.999999974 2.837142399e-08 -8.880535496e-09)
(9.999999998 2.756949239e-09 -8.871882859e-10)
(10 2.48983155e-10 -8.208602855e-11)
(10 2.105556022e-11 -7.089919963e-12)
(10 1.675835474e-12 -5.75633781e-13)
(10 1.245987292e-13 -4.38655252e-14)
(10 9.536331125e-15 -3.779499346e-15)
(10 3.695688809e-16 -1.438819486e-16)
(10 2.649083933e-17 -5.325329281e-16)
(10 1.555749054e-15 2.280205896e-16)
(10 -1.642132692e-15 6.655003614e-16)
(10 6.168612035e-16 9.07693909e-16)
(10 -1.530703453e-15 2.473969927e-16)
(10 1.049641189e-15 -4.685511882e-16)
(10 -1.829903037e-16 -1.824293052e-16)
(10 -1.244084786e-16 1.566158526e-16)
(10 -4.171205211e-16 1.991422078e-16)
(10 -2.226325781e-17 8.062269092e-16)
(10 -4.353311176e-16 -4.644783639e-17)
(10 2.904598271e-16 8.816172471e-17)
(10 -3.643840742e-16 -2.863202014e-16)
(10 2.50459126e-16 -4.217846258e-16)
(10 -8.168755422e-17 1.433790846e-16)
(10 -4.137380008e-16 3.11870054e-16)
(10 -2.806028329e-16 1.8239032e-16)
(10 -2.177632903e-17 -7.57142366e-17)
(10 2.115559028e-16 -8.349996392e-17)
(10 -6.780028931e-17 1.549248868e-16)
(10 -1.820881832e-16 -6.65141737e-17)
(10 -2.315712357e-16 1.288297897e-17)
(10 -3.604858547e-17 7.797505717e-16)
(10 -1.959022461e-16 2.966755624e-16)
(10 -4.527813795e-16 2.84229793e-16)
(10 8.517485772e-18 3.109506195e-17)
(10 -5.821685624e-17 2.011315598e-16)
(10 -1.57599631e-16 4.256786583e-17)
(10 -7.511947905e-17 -4.617334172e-16)
(10 2.315652255e-16 -3.373756552e-16)
(10 1.914212538e-16 -5.530711089e-16)
(10 -3.754423464e-17 -3.116279267e-16)
(10 4.619326547e-17 3.20197965e-16)
(10 -4.965320512e-17 -5.651813039e-18)
(10 3.232626165e-16 3.50258352e-16)
(10 -4.601928857e-16 -7.640301957e-17)
(10 2.618813494e-16 2.949202433e-17)
(10 -1.365865064e-16 -1.744219838e-17)
(10 2.188364463e-16 -5.564608176e-16)
(10 1.000862123e-15 -5.078880214e-16)
(10 -1.354184949e-16 7.67388769e-17)
(10 -4.236895985e-18 2.400961845e-18)
(10 -1.325615648e-19 7.511991338e-20)
(10 -4.147510002e-21 2.350308647e-21)
(10 -1.297649077e-22 7.353510527e-23)
(10 -4.060009803e-24 2.300724083e-24)
(10 -1.270272518e-25 7.198373197e-26)
(10 -3.974355601e-27 2.252185608e-27)
(10 -1.243473524e-28 7.046508807e-29)
(10 -3.890508449e-30 2.204671151e-30)
(10 -1.217239909e-31 6.897848307e-32)
(10 -3.808430225e-33 2.158159109e-33)
(10 -1.191559747e-34 6.752324105e-35)
(10 -3.728083609e-36 2.112628333e-36)
(10 -1.16642136e-37 6.609870033e-38)
(10 -3.649432069e-39 2.068058123e-39)
(10 -1.141813318e-40 6.470421321e-41)
(10 -3.572439844e-42 2.024428212e-42)
(10 -1.117724433e-43 6.333914564e-44)
(10 -3.497071927e-45 1.981718763e-45)
(10 -1.094143753e-46 6.200287697e-47)
(10 -3.42329405e-48 1.939910357e-48)
(10 -1.071060555e-49 6.069479961e-50)
(10 -3.351072669e-51 1.898983985e-51)
(10 -1.048464345e-52 5.941431881e-53)
(10 -3.280374945e-54 1.858921038e-54)
(10 -1.026344847e-55 5.816085238e-56)
(10 -1.414907451e-16 3.036175674e-15)
)
;

boundaryField
{
    left
    {
        type            dirichlet;
        value           uniform (4 0 0);
    }
    right
    {
        type            dirichlet;
        value           uniform (4 0 0);
    }
    sides
    {
        type            empty;
    }
}


// ************************************************************************* //
