/*--------------------------------*- C++ -*----------------------------------*\
| =========                 |                                                 |
| \\      /  F ield         | foam-extend: Open Source CFD                    |
|  \\    /   O peration     | Version:     4.1                                |
|   \\  /    A nd           | Web:         http://www.foam-extend.org         |
|    \\/     M anipulation  |                                                 |
\*---------------------------------------------------------------------------*/
FoamFile
{
    version     2.0;
    format      ascii;
    class       cellScalarField;
    location    "9.5";
    object      T;
}
// * * * * * * * * * * * * * * * * * * * * * * * * * * * * * * * * * * * * * //

dimensions      [0 0 0 0 1 0 0];

internalField   nonuniform 
100
(
(4 -5.703630593e-17 1.624202108e-17)
(4 4.639250482e-17 -1.868011558e-16)
(4 1.137493424e-16 -1.315337397e-16)
(4 3.588962606e-15 -1.374023958e-15)
(4 -5.295379809e-14 5.183020141e-14)
(4 2.675275548e-12 4.98676746e-13)
(4 -3.468037725e-12 1.478818412e-11)
(4.000000001 1.14973842e-09 7.448107263e-10)
(4.000000014 1.398553279e-08 7.769206396e-09)
(4.000000244 3.073873278e-07 2.293181253e-07)
(4.000004658 5.429602462e-06 2.861005074e-06)
(4.000057741 6.113232147e-05 3.323045819e-05)
(4.000666841 0.0007219430626 0.0003678429353)
(4.006462841 0.006368537653 0.002459607123)
(4.042660802 0.034817331 0.009554682333)
(4.188859956 0.1216345103 0.02264216432)
(4.588674553 0.2879328277 0.03329612699)
(5.363974203 0.4851585722 0.02800592432)
(6.471147943 0.6048104425 0.005458347775)
(7.671792864 0.5753838613 -0.01878277675)
(8.686021364 0.4286405512 -0.0294628118)
(9.368168168 0.2556592445 -0.02563367311)
(9.740580912 0.1245043079 -0.01593357256)
(9.908514256 0.05038970067 -0.00768137804)
(9.97206648 0.01722387704 -0.002998879882)
(9.99254874 0.005046108331 -0.0009757700426)
(9.99824724 0.001284346251 -0.0002704014742)
(9.999633039 0.0002875157872 -6.494479759e-05)
(9.999931011 5.724874261e-05 -1.371946182e-05)
(9.999988255 1.024255215e-05 -2.581461619e-06)
(9.999998175 1.661778779e-06 -4.37411898e-07)
(9.999999739 2.465182626e-07 -6.73875506e-08)
(9.999999966 3.368686777e-08 -9.519195717e-09)
(9.999999996 4.268776687e-09 -1.242200171e-09)
(10 5.046312153e-10 -1.507378835e-10)
(10 5.595258189e-11 -1.710910564e-11)
(10 5.84831215e-12 -1.826516174e-12)
(10 5.789230803e-13 -1.839587925e-13)
(10 5.266145442e-14 -1.736480349e-14)
(10 3.596807001e-15 -1.996697048e-15)
(10 2.984248239e-16 -5.961732407e-17)
(10 -6.064584598e-16 1.806979991e-17)
(10 1.962559039e-16 6.352636713e-16)
(10 -8.319601997e-16 8.817058301e-16)
(10 1.328963442e-16 -2.195304017e-16)
(10 5.254366411e-17 -7.497445722e-16)
(10 2.716376489e-16 -4.923976808e-16)
(10 4.131182152e-16 2.369647098e-16)
(10 -2.448713719e-16 1.573552065e-16)
(10 5.037124756e-16 -5.928043122e-17)
(10 -1.281977535e-16 1.276778139e-17)
(10 -7.085301021e-17 -2.395146098e-16)
(10 -1.603570316e-16 -1.614583225e-16)
(10 2.614904167e-16 -3.145014128e-17)
(10 -2.258429974e-18 7.450485123e-17)
(10 -2.056137475e-16 -6.903785e-17)
(10 1.838538854e-16 -3.768567562e-16)
(10 3.027022345e-16 1.835335892e-16)
(10 1.285848986e-16 1.850448041e-16)
(10 1.761828243e-18 3.933106709e-16)
(10 3.822577898e-16 -9.517814051e-18)
(10 -6.661663197e-16 3.008506364e-17)
(10 1.120910668e-16 -4.79255474e-17)
(10 8.098997616e-17 2.098411761e-16)
(10 2.818525362e-16 -6.400589263e-16)
(10 -1.272183123e-16 -2.439502081e-16)
(10 2.362425936e-16 6.27512246e-16)
(10 4.156854021e-16 2.570338212e-16)
(10 4.378444782e-16 4.994906043e-17)
(10 -2.846147598e-16 -7.123653375e-16)
(10 5.034379369e-16 1.66794755e-16)
(10 -4.18541764e-16 5.851169306e-16)
(10 2.905723491e-17 6.169572598e-16)
(10 1.604203692e-16 -4.290983993e-16)
(10 -3.565444077e-16 2.861276907e-16)
(10 -2.938351835e-17 1.146999028e-16)
(10 2.288537369e-16 1.038496597e-16)
(10 -1.290548359e-16 -1.567161856e-16)
(10 9.225547439e-17 -4.501204844e-16)
(10 -1.684603576e-16 2.017738867e-16)
(10 -3.945048427e-16 -5.395500869e-16)
(10 1.416077705e-16 -1.838653843e-16)
(10 5.067129337e-16 4.735176633e-17)
(10 -2.603288151e-16 7.48973434e-16)
(10 -2.192187726e-16 5.69266038e-17)
(10 -1.854297255e-16 6.769899063e-17)
(10 -3.414641057e-16 4.102568964e-16)
(10 2.282727488e-17 1.218580069e-16)
(10 -2.649642611e-16 2.453169875e-16)
(10 -1.894112883e-17 4.26545229e-17)
(10 -2.350594994e-17 1.46179938e-16)
(10 -4.542592377e-16 -9.928045862e-17)
(10 -1.210248092e-18 -3.765913058e-16)
(10 1.093612822e-16 -2.476806326e-16)
(10 8.523293909e-17 -4.060719251e-16)
(10 -5.817897996e-17 -2.008818928e-16)
(10 3.82304655e-17 2.275369465e-16)
(10 -1.685932662e-17 -1.087825639e-17)
(10 2.413900432e-16 1.962281516e-16)
(10 -9.495991833e-16 3.185702082e-15)
)
;

boundaryField
{
    left
    {
        type            dirichlet;
        value           uniform (4 0 0);
    }
    right
    {
        type            dirichlet;
        value           uniform (4 0 0);
    }
    sides
    {
        type            empty;
    }
}


// ************************************************************************* //
