/*--------------------------------*- C++ -*----------------------------------*\
| =========                 |                                                 |
| \\      /  F ield         | foam-extend: Open Source CFD                    |
|  \\    /   O peration     | Version:     4.1                                |
|   \\  /    A nd           | Web:         http://www.foam-extend.org         |
|    \\/     M anipulation  |                                                 |
\*---------------------------------------------------------------------------*/
FoamFile
{
    version     2.0;
    format      ascii;
    class       cellScalarField;
    location    "29.5";
    object      T;
}
// * * * * * * * * * * * * * * * * * * * * * * * * * * * * * * * * * * * * * //

dimensions      [0 0 0 0 1 0 0];

internalField   nonuniform 
100
(
(4 -5.703630593e-17 1.624202108e-17)
(4 2.221896539e-17 -6.841581024e-17)
(4 6.068966803e-17 -1.469266595e-16)
(4 -1.655103202e-16 -1.850769678e-16)
(4 2.637701767e-16 -7.56506749e-17)
(4 -3.151235355e-16 -2.774281323e-18)
(4 1.42482093e-16 5.93909533e-17)
(4 -1.458887669e-16 2.45802541e-16)
(4 5.562875696e-16 2.781476825e-16)
(4 -1.314748087e-15 -2.347021821e-17)
(4 -1.643592979e-17 1.883073418e-17)
(4 5.839578658e-16 1.266959829e-17)
(4 4.148990763e-16 -1.498597529e-16)
(4 -1.731036098e-16 -1.593071003e-16)
(4 1.025624309e-17 -6.946124639e-17)
(4 -9.129617158e-17 -1.163915719e-16)
(4 -4.436865081e-18 -3.647876172e-17)
(4 -8.86963806e-17 -2.27499732e-17)
(4 -9.303103508e-17 2.24869168e-16)
(4 -1.433125828e-16 5.938718583e-17)
(4 -1.410944623e-16 -2.913249047e-17)
(4 5.701300128e-17 -1.403411891e-16)
(4 -1.843129038e-16 1.698688725e-16)
(4 5.626500169e-17 1.525244077e-16)
(4 -2.388118792e-16 -6.058008633e-17)
(4 5.769117882e-16 1.716134162e-16)
(4 -9.58761853e-16 9.773490447e-17)
(4 1.004465825e-15 8.383839578e-17)
(4 -1.510919278e-15 -5.893642727e-17)
(4 1.162990918e-15 -3.881156237e-17)
(4 -3.032458554e-16 -1.390295467e-16)
(4 3.438899284e-16 -1.380705243e-16)
(4 2.028803171e-16 -6.444035514e-17)
(4 -4.499106744e-16 5.422768616e-16)
(4 9.716437181e-15 5.473069342e-15)
(4 1.17733514e-13 6.167067654e-14)
(4 1.286025581e-12 6.434004402e-13)
(4 1.299748363e-11 6.26839968e-12)
(4 1.218238522e-10 5.626416252e-11)
(4.000000001 1.051312844e-09 4.625255224e-10)
(4.000000009 8.301705644e-09 3.458339157e-09)
(4.000000065 5.956964382e-08 2.332011454e-08)
(4.000000442 3.850923382e-07 1.403283072e-07)
(4.000002682 2.221528708e-06 7.456832453e-07)
(4.000014541 1.134227637e-05 3.471347271e-06)
(4.000069994 5.097914607e-05 1.409477341e-05)
(4.000298416 0.0002012914357 4.985297271e-05)
(4.001127008 0.0006986486123 0.0001537449433)
(4.003778462 0.002136735172 0.0004142901676)
(4.011285501 0.005778719354 0.0009778703714)
(4.03016112 0.01387619813 0.002026259605)
(4.072479181 0.0297113921 0.00369102784)
(4.157420392 0.05696928711 0.005909939823)
(4.310679323 0.09822483842 0.008295236122)
(4.560214398 0.1528913395 0.01013176746)
(4.928208902 0.215652503 0.0105875518)
(5.421470009 0.2766142277 0.00908685813)
(6.024414377 0.3237380704 0.005651367953)
(6.698635697 0.3468016712 0.0009872351097)
(7.390369574 0.3410595097 -0.003765217583)
(8.043358439 0.3087914919 -0.007490181928)
(8.612027849 0.2580767373 -0.009510435206)
(9.070066932 0.1996119216 -0.009754393753)
(9.412112717 0.1432295992 -0.008642697687)
(9.649473743 0.09556438012 -0.006814694204)
(9.802879128 0.05942134396 -0.004860854795)
(9.895413319 0.03450641279 -0.003169392407)
(9.947614914 0.01875256274 -0.001902902489)
(9.975210684 0.009556195086 -0.001057883591)
(9.988907074 0.004575125064 -0.000546966117)
(9.9953011 0.002061657371 -0.0002639882721)
(9.998113787 0.0008759942264 -0.0001193131384)
(9.999281664 0.0003515669904 -5.063925166e-05)
(9.999740152 0.0001334948026 -2.023371443e-05)
(9.99991061 4.80368939e-05 -7.628729763e-06)
(9.999970721 1.640677167e-05 -2.719818505e-06)
(9.999990858 5.326864696e-06 -9.187532223e-07)
(9.999997275 1.646505456e-06 -2.946025974e-07)
(9.999999224 4.852001671e-07 -8.982872711e-08)
(9.999999789 1.365052785e-07 -2.608900882e-08)
(9.999999945 3.671426512e-08 -7.22854935e-09)
(9.999999986 9.452468709e-09 -1.913603155e-09)
(9.999999997 2.332550516e-09 -4.847144298e-10)
(9.999999999 5.523667466e-10 -1.176390844e-10)
(10 1.256740769e-10 -2.739291691e-11)
(10 2.750084168e-11 -6.125825616e-12)
(10 5.796655563e-12 -1.318090854e-12)
(10 1.176009059e-12 -2.727573282e-13)
(10 2.326780805e-13 -5.531100039e-14)
(10 3.905208683e-14 -9.209994763e-15)
(10 1.304246728e-14 -2.366334613e-15)
(10 5.421564073e-16 4.390667621e-17)
(10 -1.813742679e-16 -1.624206449e-16)
(10 2.58633124e-17 7.133074187e-16)
(10 -2.753991318e-16 2.646016359e-16)
(10 -4.503608663e-17 -5.016528354e-17)
(10 -1.913342274e-16 5.706667508e-16)
(10 -4.940224641e-16 -2.542724221e-16)
(10 3.436771595e-16 -1.597631933e-16)
(10 -1.136621991e-15 2.878868138e-15)
)
;

boundaryField
{
    left
    {
        type            dirichlet;
        value           uniform (4 0 0);
    }
    right
    {
        type            dirichlet;
        value           uniform (4 0 0);
    }
    sides
    {
        type            empty;
    }
}


// ************************************************************************* //
