/*--------------------------------*- C++ -*----------------------------------*\
| =========                 |                                                 |
| \\      /  F ield         | foam-extend: Open Source CFD                    |
|  \\    /   O peration     | Version:     4.1                                |
|   \\  /    A nd           | Web:         http://www.foam-extend.org         |
|    \\/     M anipulation  |                                                 |
\*---------------------------------------------------------------------------*/
FoamFile
{
    version     2.0;
    format      ascii;
    class       cellScalarField;
    location    "19.8";
    object      T;
}
// * * * * * * * * * * * * * * * * * * * * * * * * * * * * * * * * * * * * * //

dimensions      [0 0 0 0 1 0 0];

internalField   nonuniform 
100
(
(4 -5.703630593e-17 1.624202108e-17)
(4 -1.411351117e-17 1.531018133e-16)
(4 1.354668115e-18 -1.477275192e-16)
(4 -9.751372404e-17 -6.605242024e-17)
(4 1.594317311e-16 -1.239631993e-16)
(4 -3.178514438e-16 -7.444052273e-18)
(4 2.897265201e-16 7.956604869e-18)
(4 -3.67254862e-16 -1.230305737e-16)
(4 9.604897001e-16 -5.215159604e-17)
(4 -1.479251165e-15 -2.829711332e-17)
(4 8.31153174e-17 -1.247699969e-16)
(4 1.351022168e-15 -2.520335665e-16)
(4 -2.651914359e-16 -2.77568221e-16)
(4 1.875017169e-17 -5.132800429e-17)
(4 4.357046864e-16 5.848232262e-18)
(4 4.180604556e-17 -5.925822077e-17)
(4 9.701109506e-16 4.178200337e-16)
(4 9.853912232e-16 -3.781921316e-16)
(4 1.520137767e-15 3.592946853e-16)
(4 1.739433267e-14 1.224412699e-14)
(4 3.069896853e-13 1.852094942e-13)
(4 4.651093377e-12 2.712636972e-12)
(4 6.361550491e-11 3.526780884e-11)
(4.000000001 7.874809239e-10 4.203452947e-10)
(4.000000008 8.921925466e-09 4.525360915e-09)
(4.000000088 9.034510378e-08 4.303106686e-08)
(4.00000082 8.11586119e-07 3.61887952e-07)
(4.000006792 6.435663788e-06 2.644758055e-06)
(4.000049139 4.391090752e-05 1.618077876e-05)
(4.000302954 0.0002501438804 8.052389449e-05)
(4.001563498 0.001169857585 0.0003224224421)
(4.006717162 0.00447975338 0.001039694997)
(4.02411337 0.01412681099 0.002715164604)
(4.072963968 0.03702897922 0.005774859383)
(4.188148428 0.0815068772 0.01002898365)
(4.418369275 0.152175887 0.01416423792)
(4.811962467 0.243245656 0.01597663589)
(5.392378913 0.3357358407 0.01360572763)
(6.136350385 0.4032546394 0.006989187361)
(6.971090268 0.4244926433 -0.001753531444)
(7.796232101 0.3941790925 -0.009482887925)
(8.519129015 0.3248279152 -0.0138407918)
(9.083540942 0.2388721702 -0.01431430923)
(9.47829817 0.1575744279 -0.01199430625)
(9.726830318 0.09369815187 -0.008553768815)
(9.86832453 0.05045428958 -0.005324335514)
(9.94148537 0.02471027295 -0.002938188197)
(9.975983044 0.01105262016 -0.001453311971)
(9.990875816 0.004532849818 -0.0006497456027)
(9.99678412 0.001710910157 -0.0002643573197)
(9.998945881 0.0005964733798 -9.84491496e-05)
(9.999677862 0.0001927313022 -3.372866832e-05)
(9.999907989 5.79074887e-05 -1.067857921e-05)
(9.999975376 1.62293045e-05 -3.137141222e-06)
(9.99999381 4.255484957e-06 -8.584084306e-07)
(9.999998535 1.04694872e-06 -2.195351594e-07)
(9.999999673 2.423349571e-07 -5.26466257e-08)
(9.999999931 5.291195775e-08 -1.187428891e-08)
(9.999999986 1.092493496e-08 -2.526082266e-09)
(9.999999997 2.138166488e-09 -5.082156061e-10)
(10 3.975594002e-10 -9.693866605e-11)
(10 7.037707707e-11 -1.757160898e-11)
(10 1.188751724e-11 -3.034390816e-12)
(10 1.916723533e-12 -5.003678487e-13)
(10 2.926717872e-13 -7.828077572e-14)
(10 4.21196331e-14 -1.055021208e-14)
(10 8.971876331e-15 -2.032473747e-15)
(10 -1.056608482e-15 4.852453623e-16)
(10 -2.120693925e-16 2.688760189e-16)
(10 4.362214415e-16 1.11349964e-16)
(10 -9.168786576e-17 -1.147206196e-16)
(10 -6.056685323e-16 6.061606688e-16)
(10 -2.718046361e-16 -3.776591592e-16)
(10 4.034543253e-16 -5.637689016e-16)
(10 6.762107237e-17 3.003571537e-16)
(10 7.135081611e-17 6.054371874e-17)
(10 -5.624144218e-17 3.63021911e-16)
(10 1.798264001e-16 2.603264009e-16)
(10 -1.967573643e-16 2.640483647e-16)
(10 8.325505266e-17 4.417951459e-17)
(10 -1.835309027e-16 4.728323324e-16)
(10 -1.337756806e-16 3.763740962e-16)
(10 -2.731945616e-16 -5.969290416e-16)
(10 2.489053839e-16 -2.497187808e-16)
(10 -1.704838532e-16 4.079984188e-16)
(10 -9.438861057e-17 -2.382155872e-16)
(10 -1.727925365e-17 -4.113454129e-16)
(10 2.429313914e-18 4.279743804e-16)
(10 -6.299224957e-17 2.877008921e-16)
(10 -2.950359399e-16 3.554819897e-16)
(10 1.764499334e-16 5.413081002e-18)
(10 -1.744223479e-16 2.157847418e-16)
(10 1.141079358e-16 -7.365235649e-17)
(10 2.135716055e-16 2.136919911e-16)
(10 -1.731981993e-16 3.742495842e-16)
(10 6.448144339e-17 7.418839914e-17)
(10 -3.828275645e-18 -1.653267091e-17)
(10 2.435266243e-16 1.374366146e-16)
(10 -5.80113153e-17 3.669753294e-16)
(10 -5.181522349e-16 3.624283573e-15)
)
;

boundaryField
{
    left
    {
        type            dirichlet;
        value           uniform (4 0 0);
    }
    right
    {
        type            dirichlet;
        value           uniform (4 0 0);
    }
    sides
    {
        type            empty;
    }
}


// ************************************************************************* //
