/*--------------------------------*- C++ -*----------------------------------*\
| =========                 |                                                 |
| \\      /  F ield         | foam-extend: Open Source CFD                    |
|  \\    /   O peration     | Version:     4.1                                |
|   \\  /    A nd           | Web:         http://www.foam-extend.org         |
|    \\/     M anipulation  |                                                 |
\*---------------------------------------------------------------------------*/
FoamFile
{
    version     2.0;
    format      ascii;
    class       cellScalarField;
    location    "34.7";
    object      T;
}
// * * * * * * * * * * * * * * * * * * * * * * * * * * * * * * * * * * * * * //

dimensions      [0 0 0 0 1 0 0];

internalField   nonuniform 
100
(
(4 -5.703630593e-17 1.624202108e-17)
(4 -1.219893462e-17 2.706701005e-17)
(4 -1.861560848e-16 -6.075153086e-17)
(4 3.508750049e-17 -8.830234992e-17)
(4 9.830803884e-17 -1.038355523e-16)
(4 -3.473261007e-16 1.122372712e-18)
(4 4.177826188e-16 -1.237031066e-17)
(4 -4.165941997e-16 -1.512379885e-16)
(4 7.832274955e-16 -2.871804417e-16)
(4 -1.090060715e-15 3.965001786e-16)
(4 -3.709492531e-17 -6.322614246e-17)
(4 1.405871453e-16 5.981996127e-18)
(4 6.702834737e-16 -1.410064533e-16)
(4 2.583341125e-16 -1.584659168e-16)
(4 5.597670392e-16 9.22634717e-17)
(4 -8.215831083e-16 -1.759730209e-16)
(4 9.167501745e-16 -3.369395881e-17)
(4 -8.971196301e-16 -4.892095407e-17)
(4 8.006653882e-16 -9.951898911e-17)
(4 -6.943798106e-16 -1.753093593e-16)
(4 4.500767006e-16 -1.078398154e-16)
(4 -4.055824983e-17 9.660462037e-17)
(4 3.900352222e-17 -9.512321041e-17)
(4 -2.24654486e-16 -1.358200485e-16)
(4 -4.998325493e-19 1.815836309e-17)
(4 8.070330926e-17 2.794577535e-17)
(4 -1.493346374e-18 -1.132127274e-16)
(4 -1.392971696e-16 -2.559993179e-17)
(4 -3.430924035e-16 -6.771997456e-17)
(4 3.409794788e-16 4.834305608e-17)
(4 -1.770161825e-17 2.614490939e-16)
(4 -2.229795935e-16 -1.711706367e-17)
(4 2.618773441e-16 -1.722437706e-16)
(4 -5.370543655e-16 3.232861485e-17)
(4 8.671354777e-16 5.246603316e-17)
(4 -7.317400311e-16 -8.147628917e-17)
(4 4.465726815e-16 -1.03641145e-16)
(4 -2.868158918e-16 1.464329275e-16)
(4 6.274703002e-17 -2.584697972e-17)
(4 3.095501509e-16 7.893738066e-17)
(4 -1.510359316e-16 -1.374585287e-17)
(4 1.500926383e-16 1.018195923e-16)
(4 2.85961282e-15 1.643940369e-15)
(4 4.204824012e-14 2.223620531e-14)
(4 4.212814347e-13 1.986277147e-13)
(4 3.832656029e-12 1.750342471e-12)
(4 3.257242118e-11 1.425777505e-11)
(4 2.565943349e-10 1.07258603e-10)
(4.000000002 1.864799348e-09 7.404196077e-10)
(4.000000014 1.243101513e-08 4.659855015e-09)
(4.000000089 7.55449255e-08 2.655183977e-08)
(4.000000514 4.159996915e-07 1.360980579e-07)
(4.00000269 2.065158188e-06 6.244359567e-07)
(4.000012725 9.210312236e-06 2.556659134e-06)
(4.000054311 3.684088645e-05 9.329663158e-06)
(4.000209104 0.0001321590354 3.034909225e-05)
(4.000726984 0.0004256899128 8.810553359e-05)
(4.002286919 0.001233708858 0.0002286398996)
(4.00652712 0.003225382126 0.0005313364313)
(4.016955785 0.007628739391 0.001107551062)
(4.040229888 0.01637328633 0.002073231609)
(4.087499773 0.0319849244 0.003486565974)
(4.175123098 0.05703914769 0.00526321154)
(4.323786626 0.09312590175 0.00711153081)
(4.555271383 0.1395853891 0.008545713968)
(4.886943779 0.1925886247 0.009011587065)
(5.325323932 0.2452099861 0.008097805494)
(5.861099693 0.2888059119 0.005739280209)
(6.467967329 0.3153758313 0.002300837479)
(7.106416649 0.3200019765 -0.001518325561)
(7.731561717 0.3023313355 -0.004922818734)
(8.302406633 0.2664920885 -0.007288585968)
(8.789444841 0.2195754416 -0.008338350971)
(9.178406287 0.1694241406 -0.008163370593)
(9.46968506 0.1226370147 -0.007112721515)
(9.674565979 0.0834173919 -0.005625817685)
(9.810144199 0.05340574339 -0.004087336463)
(9.894682808 0.03223285294 -0.002749201522)
(9.944428504 0.01836747121 -0.001721643397)
(9.972093376 0.009896442792 -0.001008182717)
(9.986654421 0.005049025343 -0.00055400997)
(9.993917935 0.002442506307 -0.0002865188298)
(9.997356471 0.001121881863 -0.0001398123779)
(9.998903288 0.0004899016663 -6.451575538e-05)
(9.999565343 0.0002036443848 -2.820894542e-05)
(9.999835288 8.06815261e-05 -1.170862225e-05)
(9.999940266 3.050253845e-05 -4.621240795e-06)
(9.99997925 1.101707656e-05 -1.737125846e-06)
(9.99999309 3.805925287e-06 -6.228279613e-07)
(9.999997792 1.258924827e-06 -2.132935589e-07)
(9.999999322 3.991670248e-07 -6.986152772e-08)
(9.9999998 1.214457643e-07 -2.191290108e-08)
(9.999999943 3.549185338e-08 -6.590066219e-09)
(9.999999984 9.973044399e-09 -1.902445339e-09)
(9.999999996 2.697136294e-09 -5.277810756e-10)
(9.999999999 7.026918323e-10 -1.408567774e-10)
(10 1.765308878e-10 -3.62022515e-11)
(10 4.279945256e-11 -8.970409307e-12)
(10 1.002169232e-11 -2.143486853e-12)
(10 2.269617956e-12 -4.926189732e-13)
)
;

boundaryField
{
    left
    {
        type            dirichlet;
        value           uniform (4 0 0);
    }
    right
    {
        type            dirichlet;
        value           uniform (4 0 0);
    }
    sides
    {
        type            empty;
    }
}


// ************************************************************************* //
