/*--------------------------------*- C++ -*----------------------------------*\
| =========                 |                                                 |
| \\      /  F ield         | foam-extend: Open Source CFD                    |
|  \\    /   O peration     | Version:     4.1                                |
|   \\  /    A nd           | Web:         http://www.foam-extend.org         |
|    \\/     M anipulation  |                                                 |
\*---------------------------------------------------------------------------*/
FoamFile
{
    version     2.0;
    format      ascii;
    class       cellScalarField;
    location    "3.9";
    object      T;
}
// * * * * * * * * * * * * * * * * * * * * * * * * * * * * * * * * * * * * * //

dimensions      [0 0 0 0 1 0 0];

internalField   nonuniform 
100
(
(4.000000024 4.960796758e-08 8.187236517e-09)
(3.9999996 -1.297335851e-06 2.857953446e-07)
(4.000032875 6.160630171e-05 2.94948921e-05)
(4.0003912 0.0001736448014 0.0001445093359)
(4.008643178 0.01313714841 0.01057413684)
(4.159597001 0.1738943221 0.05802219849)
(4.926185989 0.6210215849 0.07994244336)
(6.552566539 0.9466496962 0.001359086958)
(8.314795105 0.7526589815 -0.06627839541)
(9.416963493 0.354532116 -0.05457092678)
(9.853526265 0.1092894076 -0.02220513601)
(9.972102136 0.02396928834 -0.005762002234)
(9.995784526 0.004006954152 -0.001077689039)
(9.999473857 0.0005391156679 -0.0001570698389)
(9.999943927 6.086803326e-05 -1.882664593e-05)
(9.99999476 5.953196045e-06 -1.928901368e-06)
(9.999999562 5.168321597e-07 -1.738063644e-07)
(9.999999967 4.058765294e-08 -1.407244473e-08)
(9.999999998 2.926413259e-09 -1.040914184e-09)
(10 1.960287396e-10 -7.126097635e-11)
(10 1.231917304e-11 -4.563733369e-12)
(10 7.280738183e-13 -2.747163932e-13)
(10 4.202429645e-14 -1.640060261e-14)
(10 2.721710935e-15 -1.055897617e-15)
(10 -1.8096348e-15 1.125049643e-16)
(10 5.547672044e-16 -8.563878443e-16)
(10 -2.466950452e-16 -3.814429562e-16)
(10 -6.142845228e-17 -1.870702398e-16)
(10 -1.238364069e-16 -4.951540749e-16)
(10 3.166776171e-16 -6.005108635e-16)
(10 7.106107746e-16 4.344968078e-17)
(10 -2.852874135e-16 4.521743847e-16)
(10 -4.323559628e-16 2.551261819e-16)
(10 2.136736543e-17 1.839172129e-17)
(10 -2.150901262e-17 1.45000784e-16)
(10 -4.541728974e-16 -9.933173426e-17)
(10 -1.20635036e-18 -3.765936156e-16)
(10 1.09361457e-16 -2.476807347e-16)
(10 8.523294626e-17 -4.060719292e-16)
(10 -5.817897972e-17 -2.008818929e-16)
(10 3.82304655e-17 2.275369465e-16)
(10 -1.685932662e-17 -1.087825639e-17)
(10 2.413900432e-16 1.962281516e-16)
(10 -2.66512645e-16 -2.695542951e-17)
(10 1.364883093e-16 1.74959894e-17)
(10 -2.188385326e-16 5.564619606e-16)
(10 -1.000862168e-15 5.078880458e-16)
(10 1.354184939e-16 -7.673887638e-17)
(10 4.236895964e-18 -2.400961834e-18)
(10 1.325615644e-19 -7.511991314e-20)
(10 4.147509993e-21 -2.350308642e-21)
(10 1.297649075e-22 -7.353510516e-23)
(10 4.060009799e-24 -2.300724081e-24)
(10 1.270272517e-25 -7.198373192e-26)
(10 3.974355599e-27 -2.252185607e-27)
(10 1.243473523e-28 -7.046508804e-29)
(10 3.890508449e-30 -2.204671151e-30)
(10 1.217239909e-31 -6.897848306e-32)
(10 3.808430225e-33 -2.158159109e-33)
(10 1.191559747e-34 -6.752324104e-35)
(10 3.728083609e-36 -2.112628333e-36)
(10 1.166421359e-37 -6.609870033e-38)
(10 3.649432069e-39 -2.068058123e-39)
(10 1.141813318e-40 -6.470421321e-41)
(10 3.572439844e-42 -2.024428212e-42)
(10 1.117724433e-43 -6.333914564e-44)
(10 3.497071927e-45 -1.981718763e-45)
(10 1.094143753e-46 -6.200287697e-47)
(10 3.42329405e-48 -1.939910357e-48)
(10 1.071060555e-49 -6.069479961e-50)
(10 3.351072669e-51 -1.898983985e-51)
(10 1.048464345e-52 -5.941431881e-53)
(10 3.280374945e-54 -1.858921038e-54)
(10 1.026344847e-55 -5.816085238e-56)
(10 3.211168734e-57 -1.819703301e-57)
(10 1.004692006e-58 -5.693383038e-59)
(10 3.143422569e-60 -1.781312942e-60)
(10 9.834959756e-62 -5.573269491e-62)
(10 3.077105648e-63 -1.743732507e-63)
(10 9.627471187e-65 -5.455689985e-65)
(10 3.012187818e-66 -1.706944907e-66)
(10 9.424360014e-68 -5.340591059e-68)
(10 2.948639562e-69 -1.670933417e-69)
(10 9.225533885e-71 -5.22792038e-71)
(10 2.886431986e-72 -1.635681663e-72)
(10 9.030902398e-74 -5.117626717e-74)
(10 2.825536805e-75 -1.601173616e-75)
(10 8.840377057e-77 -5.009659924e-77)
(10 2.765926331e-78 -1.567393586e-78)
(10 8.65387123e-80 -4.903970905e-80)
(10 2.707573458e-81 -1.534326212e-81)
(10 8.471300107e-83 -4.800511603e-83)
(10 2.650451651e-84 -1.501956458e-84)
(10 8.292580661e-86 -4.699234965e-86)
(10 2.59453493e-87 -1.470269601e-87)
(10 8.1176316e-89 -4.600094926e-89)
(10 2.539797857e-90 -1.439251226e-90)
(10 7.94637333e-92 -4.50304638e-92)
(10 2.486215528e-93 -1.408887219e-93)
(10 -1.559224325e-15 3.802966076e-15)
)
;

boundaryField
{
    left
    {
        type            dirichlet;
        value           uniform (4 0 0);
    }
    right
    {
        type            dirichlet;
        value           uniform (4 0 0);
    }
    sides
    {
        type            empty;
    }
}


// ************************************************************************* //
