/*--------------------------------*- C++ -*----------------------------------*\
| =========                 |                                                 |
| \\      /  F ield         | foam-extend: Open Source CFD                    |
|  \\    /   O peration     | Version:     4.1                                |
|   \\  /    A nd           | Web:         http://www.foam-extend.org         |
|    \\/     M anipulation  |                                                 |
\*---------------------------------------------------------------------------*/
FoamFile
{
    version     2.0;
    format      ascii;
    class       cellScalarField;
    location    "36.8";
    object      T;
}
// * * * * * * * * * * * * * * * * * * * * * * * * * * * * * * * * * * * * * //

dimensions      [0 0 0 0 1 0 0];

internalField   nonuniform 
100
(
(4 -5.703630593e-17 1.624202108e-17)
(4 -4.504841378e-17 4.318477597e-17)
(4 -1.964308543e-16 -1.726197731e-17)
(4 -1.388445381e-17 -1.056918727e-17)
(4 -1.584176871e-16 -1.140248716e-16)
(4 -5.193194048e-16 9.197467863e-17)
(4 4.252244953e-16 -6.731849628e-17)
(4 -6.496981896e-16 -2.076779135e-17)
(4 9.580347441e-16 -3.205685681e-17)
(4 -1.498384965e-15 1.50266908e-16)
(4 4.701753602e-16 6.678318411e-17)
(4 -6.270593749e-16 3.685592173e-17)
(4 8.546399504e-16 2.879998489e-17)
(4 -3.659292136e-16 1.426265599e-16)
(4 4.099845492e-16 1.697747757e-16)
(4 -2.386435347e-16 -1.230563197e-16)
(4 7.308319888e-16 -1.79431625e-16)
(4 -8.695574906e-16 3.709361592e-17)
(4 5.09106521e-16 -1.827952604e-16)
(4 -5.239761252e-16 2.674962861e-16)
(4 2.750005214e-16 -2.627274155e-16)
(4 -3.810664021e-17 -8.099607814e-17)
(4 1.637177704e-16 -8.224862751e-17)
(4 1.837557068e-16 -2.538569907e-16)
(4 3.12865535e-16 3.565833018e-16)
(4 -7.435851184e-16 2.216446904e-16)
(4 7.136459184e-16 -1.030802325e-16)
(4 -8.376963588e-16 -3.414231414e-17)
(4 3.658040857e-16 -1.050823778e-16)
(4 -2.297438806e-16 1.117189047e-18)
(4 5.808304123e-16 1.323059722e-16)
(4 -8.405020927e-16 1.818784572e-16)
(4 5.729576056e-16 -1.960852756e-16)
(4 -4.219486436e-16 3.487324563e-16)
(4 6.48814973e-16 -1.533840151e-16)
(4 -8.7311046e-16 -3.122883456e-17)
(4 5.710717862e-16 -1.923021737e-16)
(4 -3.983590801e-16 1.584732007e-16)
(4 4.12698672e-16 2.038080369e-16)
(4 4.677742739e-17 2.231895035e-16)
(4 -7.968192679e-17 1.966939294e-18)
(4 -1.724068984e-16 -1.73143591e-16)
(4 -6.793461901e-17 -9.412660046e-18)
(4 -5.992151828e-18 -6.233170932e-17)
(4 -6.470356611e-16 2.080841657e-16)
(4 1.134799191e-15 4.353814138e-16)
(4 1.485797577e-14 7.899907537e-15)
(4 1.533730528e-13 7.197655804e-14)
(4 1.383162556e-12 6.24786648e-13)
(4 1.154395989e-11 5.008545544e-12)
(4 8.970804623e-11 3.724210339e-11)
(4.000000001 6.457868179e-10 2.552945681e-10)
(4.000000005 4.284254313e-09 1.604151757e-09)
(4.000000031 2.605414384e-08 9.184431196e-09)
(4.000000178 1.444804052e-07 4.764642619e-08)
(4.000000941 7.272655295e-07 2.229538904e-07)
(4.000004524 3.311976833e-06 9.381847351e-07)
(4.000019754 1.362023555e-05 3.544805166e-06)
(4.00007826 5.055688247e-05 1.202337517e-05)
(4.000281477 0.0001694979953 3.663494184e-05)
(4.000920433 0.0005140352498 0.0001004054988)
(4.002742298 0.001413078994 0.0002479071267)
(4.007463532 0.003529687059 0.0005522973271)
(4.018610299 0.00803216158 0.001111730101)
(4.042648703 0.01669612015 0.002023792851)
(4.09012161 0.0317865749 0.003332405345)
(4.176196651 0.05557154041 0.004958727551)
(4.319838248 0.08944218709 0.006649839116)
(4.540994548 0.1328535686 0.007989671086)
(4.855870118 0.1825410361 0.00849906473)
(5.271361522 0.2325281675 0.007805675508)
(5.780563491 0.2751987178 0.005814254154)
(6.361334018 0.3032212487 0.002789866456)
(6.978993264 0.3116468879 -0.0006992153576)
(7.592657454 0.2993414863 -0.003961801266)
(8.16324745 0.2691838661 -0.0064066846)
(8.660608761 0.2270150769 -0.007710379074)
(9.06769683 0.1798458277 -0.007868035451)
(9.381069112 0.1340526859 -0.007128219687)
(9.608291517 0.09415529268 -0.005862199782)
(9.763708927 0.0624093292 -0.004432606461)
(9.864129892 0.03909398335 -0.003107270703)
(9.925509454 0.02317533969 -0.002031266111)
(9.961046215 0.01301905976 -0.001243781761)
(9.980560348 0.006939602737 -0.0007158751747)
(9.990736524 0.003514300425 -0.0003884254082)
(9.995782149 0.001692874854 -0.0001991734557)
(9.998163687 0.0007766231891 -9.672762568e-05)
(9.999234997 0.0003397030049 -4.457645884e-05)
(9.999694807 0.0001418347921 -1.95280667e-05)
(9.999883313 5.658987388e-05 -8.145399685e-06)
(9.999957208 2.159898498e-05 -3.239781101e-06)
(9.999984936 7.894435417e-06 -1.230490259e-06)
(9.999994906 2.76595508e-06 -4.468626264e-07)
(9.999998344 9.29903278e-07 -1.553628863e-07)
(9.999999482 3.00276094e-07 -5.177448319e-08)
(9.999999844 9.32192216e-08 -1.655671964e-08)
(9.999999955 2.784795146e-08 -5.086239277e-09)
(9.999999987 8.012644618e-09 -1.502584426e-09)
(9.999999997 2.222468883e-09 -4.27302266e-10)
)
;

boundaryField
{
    left
    {
        type            dirichlet;
        value           uniform (4 0 0);
    }
    right
    {
        type            dirichlet;
        value           uniform (4 0 0);
    }
    sides
    {
        type            empty;
    }
}


// ************************************************************************* //
