/*--------------------------------*- C++ -*----------------------------------*\
| =========                 |                                                 |
| \\      /  F ield         | foam-extend: Open Source CFD                    |
|  \\    /   O peration     | Version:     4.1                                |
|   \\  /    A nd           | Web:         http://www.foam-extend.org         |
|    \\/     M anipulation  |                                                 |
\*---------------------------------------------------------------------------*/
FoamFile
{
    version     2.0;
    format      ascii;
    class       cellScalarField;
    location    "29.7";
    object      T;
}
// * * * * * * * * * * * * * * * * * * * * * * * * * * * * * * * * * * * * * //

dimensions      [0 0 0 0 1 0 0];

internalField   nonuniform 
100
(
(4 -5.703630593e-17 1.624202108e-17)
(4 8.187466423e-17 -1.176226171e-16)
(4 4.976209429e-17 1.185522003e-17)
(4 -2.226115805e-16 -7.840457221e-17)
(4 1.716393319e-16 -1.507878619e-16)
(4 -4.204118405e-16 4.824757829e-17)
(4 3.631815965e-16 -9.906620417e-17)
(4 -2.990138216e-16 1.228993795e-16)
(4 4.197930881e-16 1.186003181e-16)
(4 -1.003099507e-15 -5.41079834e-16)
(4 7.595583916e-17 -1.922276979e-17)
(4 4.643625577e-16 -7.872803568e-17)
(4 4.762418623e-16 -3.349452542e-17)
(4 -1.731806197e-16 1.062494877e-16)
(4 -9.771317968e-17 -8.523250297e-17)
(4 -8.858753186e-18 8.511450672e-17)
(4 -7.917495563e-17 -2.905046964e-17)
(4 -1.650038149e-16 -1.253912737e-16)
(4 -1.867552776e-16 -1.225053629e-16)
(4 -1.014144695e-16 -7.978777033e-17)
(4 4.242151335e-17 -5.060291318e-17)
(4 2.084753161e-17 4.55503122e-17)
(4 -1.799053533e-16 4.639888133e-17)
(4 4.587505622e-17 -1.312965929e-16)
(4 -5.123222563e-17 -8.252016142e-17)
(4 4.092772543e-16 2.58590157e-16)
(4 -8.667353753e-16 2.770062359e-16)
(4 8.71040781e-16 -3.294512864e-17)
(4 -1.31444884e-15 -7.838467262e-17)
(4 9.458932723e-16 6.792490651e-17)
(4 -2.469313642e-16 1.412787868e-16)
(4 3.227484383e-16 1.731083213e-16)
(4 3.134156222e-17 -1.253249217e-16)
(4 -4.498602962e-16 -6.160724001e-17)
(4 3.905192855e-15 2.428629208e-15)
(4 5.37659343e-14 2.788567745e-14)
(4 5.990581766e-13 3.019220322e-13)
(4 6.156300057e-12 2.998380297e-12)
(4 5.885234102e-11 2.749716477e-11)
(4.000000001 5.191877331e-10 2.314795505e-10)
(4.000000004 4.200485576e-09 1.776994511e-09)
(4.000000034 3.096338351e-08 1.234275661e-08)
(4.000000234 2.063002066e-07 7.680504665e-08)
(4.000001463 1.230894195e-06 4.236606973e-07)
(4.000008205 6.519792773e-06 2.053509898e-06)
(4.000040939 3.04678612e-05 8.699003354e-06)
(4.000181167 0.0001252384426 3.213773327e-05)
(4.000710546 0.0004527414556 0.0001035810909)
(4.002473776 0.001442129895 0.0002917729042)
(4.007668855 0.004060531523 0.0007200324021)
(4.021255752 0.0101454058 0.001560341625)
(4.052920827 0.02258789658 0.002974379959)
(4.118947835 0.04500240799 0.004990012936)
(4.242622601 0.0805646044 0.007356211117)
(4.451525455 0.1301145093 0.009479727546)
(4.770917702 0.1902915893 0.01054898574)
(5.214478621 0.2529161099 0.009853607566)
(5.775890275 0.3065207518 0.007157789959)
(6.425541269 0.3398214055 0.002902702593)
(7.114901747 0.3456635392 -0.001912037285)
(7.78758207 0.3235213533 -0.006122126825)
(8.392829405 0.2793635773 -0.008851080566)
(8.896246009 0.2231348106 -0.00978540035)
(9.284261924 0.1652557739 -0.009167778705)
(9.562046898 0.1137500179 -0.007574001775)
(9.747174981 0.07293275223 -0.005631213932)
(9.86227315 0.04365174841 -0.003814483274)
(9.929167542 0.02443905233 -0.00237379043)
(9.965583866 0.01282429628 -0.001365464573)
(9.98418834 0.006319481905 -0.0007295067643)
(9.993124589 0.002929760159 -0.000363407637)
(9.997167417 0.001280155394 -0.0001693651386)
(9.99889309 0.0005281116131 -7.406039453e-05)
(9.99958924 0.0002060392105 -3.046570038e-05)
(9.999855082 7.614499949e-05 -1.181751898e-05)
(9.999951333 2.669838216e-05 -4.331872933e-06)
(9.999984425 8.894971584e-06 -1.503614263e-06)
(9.999995244 2.820098786e-06 -4.951417739e-07)
(9.999998613 8.520576698e-07 -1.549631767e-07)
(9.999999613 2.456770739e-07 -4.617057817e-08)
(9.999999897 6.769227374e-08 -1.311703273e-08)
(9.999999974 1.784688423e-08 -3.558788431e-09)
(9.999999993 4.508034449e-09 -9.234194797e-10)
(9.999999998 1.09231791e-09 -2.294712513e-10)
(10 2.541991147e-10 -5.468795529e-11)
(10 5.687436773e-11 -1.251342172e-11)
(10 1.225338084e-11 -2.75426618e-12)
(10 2.540068871e-12 -5.827294401e-13)
(10 5.115142001e-13 -1.192997958e-13)
(10 9.637056462e-14 -2.466533457e-14)
(10 1.945201271e-14 -3.12138569e-15)
(10 5.674143311e-15 -1.836740536e-15)
(10 -5.696131397e-16 -3.048820107e-16)
(10 4.36656135e-16 3.80202805e-16)
(10 -1.764759817e-16 6.15624878e-16)
(10 -1.856045961e-16 -5.63680767e-17)
(10 -6.359429939e-17 -4.153385195e-17)
(10 6.627322701e-18 -4.122092417e-16)
(10 -1.633091336e-17 -5.845003275e-16)
(10 -1.706109621e-16 3.392631921e-15)
)
;

boundaryField
{
    left
    {
        type            dirichlet;
        value           uniform (4 0 0);
    }
    right
    {
        type            dirichlet;
        value           uniform (4 0 0);
    }
    sides
    {
        type            empty;
    }
}


// ************************************************************************* //
