/*--------------------------------*- C++ -*----------------------------------*\
| =========                 |                                                 |
| \\      /  F ield         | foam-extend: Open Source CFD                    |
|  \\    /   O peration     | Version:     4.1                                |
|   \\  /    A nd           | Web:         http://www.foam-extend.org         |
|    \\/     M anipulation  |                                                 |
\*---------------------------------------------------------------------------*/
FoamFile
{
    version     2.0;
    format      ascii;
    class       cellScalarField;
    location    "23.6";
    object      T;
}
// * * * * * * * * * * * * * * * * * * * * * * * * * * * * * * * * * * * * * //

dimensions      [0 0 0 0 1 0 0];

internalField   nonuniform 
100
(
(4 -5.703630593e-17 1.624202108e-17)
(4 1.148698761e-16 5.61126374e-17)
(4 -6.710421337e-17 -5.423044324e-19)
(4 -9.798388516e-17 7.654515541e-17)
(4 -1.825119129e-16 -8.995691829e-17)
(4 -4.346346137e-16 -8.925489201e-17)
(4 3.641678989e-16 1.164432166e-16)
(4 -3.241569466e-16 1.43529269e-16)
(4 5.18326561e-16 -9.776188514e-18)
(4 -1.301350746e-15 -3.067143199e-17)
(4 4.388846181e-16 -1.346893263e-16)
(4 1.095132277e-15 -1.285350292e-16)
(4 -7.504659191e-16 -1.865657387e-17)
(4 1.111923282e-17 -1.951789223e-17)
(4 5.800110077e-16 2.62166821e-16)
(4 -6.90663146e-16 1.600351586e-16)
(4 5.958096132e-16 2.525403449e-17)
(4 -7.607879261e-16 -2.018839479e-16)
(4 8.961611455e-16 -3.339579992e-17)
(4 -7.276927577e-16 2.303323133e-16)
(4 7.367181823e-16 2.638085181e-17)
(4 -9.421479046e-16 2.009709845e-16)
(4 5.167610003e-16 -1.837190321e-16)
(4 -4.201702877e-17 7.2617565e-17)
(4 3.102352807e-15 6.79808215e-16)
(4 2.456129312e-14 1.424176426e-14)
(4 3.421363851e-13 1.926912613e-13)
(4 4.386222186e-12 2.372882846e-12)
(4 5.154141567e-11 2.677865832e-11)
(4.000000001 5.565883195e-10 2.768182941e-10)
(4.000000005 5.483943675e-09 2.588954004e-09)
(4.000000049 4.88070646e-08 2.17284163e-08)
(4.000000411 3.897119588e-07 1.622503798e-07)
(4.000003044 2.759711025e-06 1.059021564e-06)
(4.000019911 1.702826846e-05 5.916205923e-06)
(4.000113218 9.008202187e-05 2.786516347e-05)
(4.000554317 0.0004048667561 0.0001099406179)
(4.002329325 0.001543030024 0.0003633199853)
(4.008417512 0.005001898268 0.001008838479)
(4.026296544 0.0138687909 0.002363198832)
(4.071520437 0.03311339646 0.004685161133)
(4.170691493 0.0685568308 0.007868870163)
(4.360456008 0.1239133114 0.01115892434)
(4.679288414 0.1967802347 0.01320534852)
(5.152408092 0.2762035285 0.01263590559)
(5.775874538 0.3445576044 0.008893929904)
(6.509198081 0.383977078 0.002747498928)
(7.282720956 0.3840855528 -0.003974247451)
(8.017680111 0.3463844169 -0.009283930686)
(8.649308518 0.2828145253 -0.01196372424)
(9.142206503 0.2098722789 -0.01194750151)
(9.49275103 0.1420758131 -0.0100515521)
(9.720748579 0.08804696403 -0.007380524656)
(9.85681586 0.05011645234 -0.004821857609)
(9.931561 0.02628411423 -0.00283765549)
(9.969468676 0.01273996257 -0.001517477776)
(9.987269538 0.005723530954 -0.0007423680233)
(9.995030745 0.002389952422 -0.0003340559303)
(9.998181033 0.0009300463527 -0.0001389078355)
(9.999374522 0.0003381631495 -5.359086183e-05)
(9.999797588 0.0001151670867 -1.925180899e-05)
(9.999938243 3.682517252e-05 -6.460778642e-06)
(9.999982203 1.108079413e-05 -2.031567638e-06)
(9.999995147 3.144596666e-06 -6.002288699e-07)
(9.999998746 8.434306846e-07 -1.670582539e-07)
(9.999999692 2.142455871e-07 -4.390781595e-08)
(9.999999928 5.164239174e-08 -1.092283228e-08)
(9.999999984 1.183461143e-08 -2.57745305e-09)
(9.999999997 2.58311525e-09 -5.780972289e-10)
(9.999999999 5.379395145e-10 -1.234850074e-10)
(10 1.070663088e-10 -2.516631173e-11)
(10 2.03971941e-11 -4.90368881e-12)
(10 3.724133697e-12 -9.136949788e-13)
(10 6.533535732e-13 -1.633502024e-13)
(10 1.106237543e-13 -2.82600644e-14)
(10 1.618262927e-14 -3.118549721e-15)
(10 3.577848944e-15 -1.843599563e-15)
(10 -4.928322665e-16 -2.415168409e-16)
(10 4.296143809e-17 2.022931163e-16)
(10 -4.466575483e-16 2.445051845e-16)
(10 4.218036205e-16 -4.256191384e-16)
(10 -5.328899219e-16 3.300634483e-17)
(10 -8.858622279e-17 1.870924123e-16)
(10 1.474560207e-16 -4.991162322e-16)
(10 3.632451993e-16 2.963284569e-16)
(10 -1.023988028e-16 1.273633727e-16)
(10 8.455307815e-17 5.964683183e-16)
(10 -9.890536067e-17 7.91653318e-17)
(10 -2.217574049e-17 -1.567071593e-16)
(10 4.038296912e-16 -4.86568465e-16)
(10 1.56095054e-16 -6.042065936e-16)
(10 1.610725391e-16 2.023131926e-16)
(10 -2.022766706e-16 6.325370652e-16)
(10 -5.925563937e-16 -2.536476375e-16)
(10 1.518507147e-16 -1.118831811e-16)
(10 3.154344566e-17 3.804137433e-16)
(10 -3.310212854e-16 -5.749867261e-16)
(10 3.339178717e-16 -1.639905738e-16)
(10 4.427471511e-17 -1.554981002e-16)
(10 -1.727777558e-15 4.110204265e-15)
)
;

boundaryField
{
    left
    {
        type            dirichlet;
        value           uniform (4 0 0);
    }
    right
    {
        type            dirichlet;
        value           uniform (4 0 0);
    }
    sides
    {
        type            empty;
    }
}


// ************************************************************************* //
