/*--------------------------------*- C++ -*----------------------------------*\
| =========                 |                                                 |
| \\      /  F ield         | foam-extend: Open Source CFD                    |
|  \\    /   O peration     | Version:     4.1                                |
|   \\  /    A nd           | Web:         http://www.foam-extend.org         |
|    \\/     M anipulation  |                                                 |
\*---------------------------------------------------------------------------*/
FoamFile
{
    version     2.0;
    format      ascii;
    class       cellScalarField;
    location    "38.4";
    object      T;
}
// * * * * * * * * * * * * * * * * * * * * * * * * * * * * * * * * * * * * * //

dimensions      [0 0 0 0 1 0 0];

internalField   nonuniform 
100
(
(4 -5.703630593e-17 1.624202108e-17)
(4 -7.114020001e-17 1.418177725e-16)
(4 -7.345023394e-17 1.366494334e-16)
(4 1.849136458e-16 -3.446563652e-17)
(4 1.825921272e-16 -1.202220533e-16)
(4 -3.381075051e-16 3.538215515e-16)
(4 4.306743856e-16 9.401938329e-17)
(4 -4.790548545e-16 9.116223859e-17)
(4 8.959214614e-16 -1.274195571e-16)
(4 -1.309791263e-15 -2.799810505e-16)
(4 8.439932326e-17 -1.168191981e-16)
(4 5.153756303e-16 -1.245365283e-16)
(4 5.491952104e-16 1.752911483e-16)
(4 -1.437040196e-16 -2.383034004e-16)
(4 2.974016043e-16 -4.237278067e-17)
(4 -6.074590101e-16 1.179290614e-16)
(4 4.41906712e-16 1.239012924e-18)
(4 -5.947260694e-16 2.966379999e-16)
(4 1.68157541e-16 -1.556720404e-16)
(4 -2.517603609e-18 -9.308657931e-17)
(4 -3.393493265e-17 -5.827513238e-17)
(4 -4.006601211e-17 1.230838477e-16)
(4 1.480407442e-16 2.756885665e-16)
(4 -3.976978341e-16 -4.728739674e-16)
(4 9.021424608e-16 1.598521779e-16)
(4 -9.360533677e-16 1.214349635e-17)
(4 7.915225134e-16 -7.105500023e-17)
(4 -8.182129523e-16 1.712291745e-16)
(4 3.817584346e-16 -4.569695586e-17)
(4 -2.63194528e-16 -1.343343012e-17)
(4 4.654735242e-16 7.382349116e-17)
(4 -4.627212198e-16 -1.499777667e-16)
(4 7.608106162e-16 2.487974494e-17)
(4 -1.466511696e-15 -2.117032825e-16)
(4 1.172458932e-15 1.633150788e-16)
(4 -2.620470523e-16 -2.632428866e-17)
(4 9.068002682e-16 1.140073831e-16)
(4 -1.017660718e-15 1.004240066e-16)
(4 6.971744143e-16 2.568324791e-17)
(4 8.430608079e-17 1.532084764e-16)
(4 -2.879917079e-16 1.625662951e-16)
(4 -1.867999901e-16 -1.720570605e-16)
(4 6.617480341e-17 -7.024800876e-17)
(4 -1.205136421e-17 2.413735723e-16)
(4 -5.458622129e-16 1.441622904e-16)
(4 9.546239866e-16 -9.734436152e-17)
(4 -9.264544755e-16 2.220946996e-16)
(4 8.072116404e-16 -1.007198883e-16)
(4 6.530170895e-16 1.985094416e-15)
(4 3.857412854e-14 1.755532177e-14)
(4 3.411554451e-13 1.561561778e-13)
(4 2.883924179e-12 1.257516174e-12)
(4 2.26512084e-11 9.476164234e-12)
(4 1.655050319e-10 6.614889209e-11)
(4.000000001 1.119728953e-09 4.254438835e-10)
(4.000000008 6.980187811e-09 2.507880279e-09)
(4.000000048 3.990120794e-08 1.347895847e-08)
(4.000000264 2.082371235e-07 6.575618543e-08)
(4.00000132 9.88701461e-07 2.901994765e-07)
(4.000006012 4.260993153e-06 1.156274125e-06)
(4.000024944 1.665107924e-05 4.156113744e-06)
(4.000094311 5.900513611e-05 1.347911167e-05)
(4.000325189 0.0001897866317 3.947898258e-05)
(4.001024178 0.0005549566795 0.0001045593089)
(4.002952568 0.00147823568 0.0002507758115)
(4.007810658 0.003595042583 0.0005454467317)
(4.019011944 0.00800169951 0.001077165478)
(4.042705012 0.01633955752 0.001932914085)
(4.088789083 0.03068563218 0.003152029939)
(4.171405939 0.05312541517 0.004666787159)
(4.308229928 0.08498594203 0.006257330777)
(4.518021235 0.1259036698 0.007557753757)
(4.816466895 0.1731039538 0.008136971224)
(5.211178675 0.2213323772 0.007641692831)
(5.697451759 0.2636977411 0.005947169835)
(6.256537955 0.2932979901 0.003242813744)
(6.857511177 0.3050957617 2.255073264e-06)
(7.46251329 0.2973297946 -0.003157725278)
(8.033862761 0.2719169714 -0.005669667894)
(8.54082989 0.233734103 -0.007177054634)
(8.964136168 0.1891305992 -0.007604290216)
(9.297229795 0.1442770363 -0.007123078839)
(9.544591226 0.1039076473 -0.006049095619)
(9.718190611 0.07074747076 -0.004722965673)
(9.83348071 0.04560013772 -0.003420534428)
(9.906028217 0.02785952836 -0.002312058188)
(9.949337574 0.01615389616 -0.001465251297)
(9.973895748 0.008900294336 -0.0008737499285)
(9.98713846 0.004665172221 -0.0004916916016)
(9.993937097 0.002328980176 -0.000261758701)
(9.997263809 0.001108623116 -0.0001321120949)
(9.998817012 0.0005037263379 -6.33347581e-05)
(9.999509674 0.0002187048845 -2.888975841e-05)
(9.999805028 9.082896764e-05 -1.255823524e-05)
(9.999925568 3.611854719e-05 -5.209856721e-06)
(9.9999727 1.37658638e-05 -2.065489474e-06)
(9.999990372 5.03339499e-06 -7.83560763e-07)
(9.999996733 1.767299035e-06 -2.847720717e-07)
(9.999998932 5.964143334e-07 -9.926446397e-08)
(9.999999664 1.936258273e-07 -3.322276965e-08)
)
;

boundaryField
{
    left
    {
        type            dirichlet;
        value           uniform (4 0 0);
    }
    right
    {
        type            dirichlet;
        value           uniform (4 0 0);
    }
    sides
    {
        type            empty;
    }
}


// ************************************************************************* //
