/*--------------------------------*- C++ -*----------------------------------*\
| =========                 |                                                 |
| \\      /  F ield         | foam-extend: Open Source CFD                    |
|  \\    /   O peration     | Version:     4.1                                |
|   \\  /    A nd           | Web:         http://www.foam-extend.org         |
|    \\/     M anipulation  |                                                 |
\*---------------------------------------------------------------------------*/
FoamFile
{
    version     2.0;
    format      ascii;
    class       cellScalarField;
    location    "40.9";
    object      T;
}
// * * * * * * * * * * * * * * * * * * * * * * * * * * * * * * * * * * * * * //

dimensions      [0 0 0 0 1 0 0];

internalField   nonuniform 
100
(
(4 -5.703630593e-17 1.624202108e-17)
(4 -2.952881516e-17 1.10913178e-16)
(4 -2.274304147e-16 -1.645264107e-16)
(4 -1.328514698e-16 4.927749744e-17)
(4 -1.20439476e-16 1.777247221e-16)
(4 -4.860823057e-16 1.652340075e-16)
(4 3.710602738e-16 7.829120018e-17)
(4 -3.401222237e-16 1.493588449e-16)
(4 6.153427974e-16 -7.165726208e-18)
(4 -1.129559026e-15 -1.065869519e-16)
(4 4.015583067e-16 1.245448063e-17)
(4 -5.626389776e-16 -7.077007394e-17)
(4 1.027287563e-15 3.182297724e-17)
(4 -2.582143693e-16 -1.720427061e-16)
(4 3.986871227e-16 1.929437854e-17)
(4 -3.978895533e-16 3.050177301e-17)
(4 5.493456377e-16 9.901371302e-17)
(4 -8.546133232e-16 5.001786452e-17)
(4 5.349959234e-16 -1.156405016e-16)
(4 -9.897863956e-17 2.71752037e-16)
(4 -2.57481369e-16 6.589619042e-17)
(4 1.474011277e-18 -6.101380095e-17)
(4 -7.701773935e-17 1.254889306e-17)
(4 -7.006107707e-17 -1.107068279e-16)
(4 -1.903126201e-16 -3.482173964e-17)
(4 1.091007735e-16 8.243028868e-17)
(4 7.40984186e-17 -9.461466064e-17)
(4 -8.941735607e-17 -1.817250909e-16)
(4 -2.746999432e-16 -1.779315451e-17)
(4 3.352869427e-16 -1.564010902e-17)
(4 1.453994677e-16 2.141852327e-16)
(4 1.610911219e-16 2.926270451e-17)
(4 9.588437349e-17 -5.184165964e-17)
(4 -3.590575174e-16 -1.211661465e-16)
(4 2.871167834e-16 1.509592681e-16)
(4 -3.492364602e-16 -1.150036553e-16)
(4 1.244251056e-15 2.499956184e-16)
(4 -1.449974377e-15 -5.628084281e-17)
(4 1.139781369e-15 -1.618760758e-16)
(4 -7.585683337e-16 -2.314955799e-16)
(4 9.77422205e-16 4.883979923e-19)
(4 -7.176455069e-16 2.198085241e-16)
(4 7.605686368e-16 2.145211944e-16)
(4 -9.083218057e-16 1.251557017e-16)
(4 -3.705246592e-17 -2.298404059e-16)
(4 9.636095085e-16 -7.377334119e-17)
(4 -6.82609277e-16 -3.061552255e-17)
(4 8.007261663e-16 1.158735199e-16)
(4 -8.487915327e-16 -8.238710896e-17)
(4 3.398443176e-16 7.790358839e-17)
(4 -3.003705766e-17 -1.724181171e-17)
(4 2.106000417e-16 1.437782615e-16)
(4 3.21174091e-15 1.078978287e-15)
(4 2.747989345e-14 1.386385796e-14)
(4 2.513326022e-13 1.118756283e-13)
(4 2.037446989e-12 8.656064385e-13)
(4 1.532330073e-11 6.250248471e-12)
(4 1.074698196e-10 4.189839525e-11)
(4.000000001 6.99724832e-10 2.595949864e-10)
(4.000000005 4.211642821e-09 1.479808752e-09)
(4.000000029 2.333990104e-08 7.727821552e-09)
(4.000000153 1.186613571e-07 3.683625999e-08)
(4.000000746 5.519085655e-07 1.598470682e-07)
(4.000003338 2.344136049e-06 6.304438316e-07)
(4.000013693 9.084488311e-06 2.258531799e-06)
(4.000051476 3.212560326e-05 7.350451604e-06)
(4.000177464 0.0001037478747 2.174850389e-05)
(4.000561832 0.0003063806347 5.856653827e-05)
(4.001636312 0.0008287740481 0.0001437236381)
(4.004393472 0.002057525673 0.000321829051)
(4.010900554 0.004697736843 0.0006583302341)
(4.025053884 0.009885360832 0.001231310014)
(4.053484021 0.01921261374 0.002106625944)
(4.106333764 0.03456117928 0.003296133559)
(4.197436242 0.05766279216 0.00471062407)
(4.343350488 0.08940824425 0.006131470556)
(4.560908504 0.129084418 0.007228071256)
(4.863434592 0.1738571314 0.007634196997)
(5.256469839 0.2188316488 0.007067453727)
(5.734353323 0.2578530729 0.005446911282)
(6.279039735 0.2849016536 0.002954041763)
(6.861933789 0.2956417687 1.90050778e-06)
(7.448490051 0.2885664322 -0.002881113031)
(8.004318064 0.2653206421 -0.005206473969)
(8.501016147 0.2301198534 -0.006657207942)
(8.920151954 0.1885322757 -0.007148988406)
(9.254574821 0.1460953077 -0.006809304074)
(9.507193744 0.1072153852 -0.005898158921)
(9.688076282 0.07460738876 -0.004710967345)
(9.810991008 0.04928644343 -0.003500063796)
(9.890348496 0.03094536001 -0.002433473494)
(9.939082755 0.0184872785 -0.001590336994)
(9.967580827 0.01052042082 -0.0009803090969)
(9.98346595 0.005708688581 -0.0005715648226)
(9.991914984 0.002956861436 -0.0003159503681)
(9.99620739 0.00146336859 -0.0001659226077)
(9.998292345 0.0006926764691 -8.292857844e-05)
(9.999261537 0.0003138892783 -3.951065791e-05)
(9.9996931 0.0001363004538 -1.797103607e-05)
(9.999877346 5.676606387e-05 -7.813913105e-06)
)
;

boundaryField
{
    left
    {
        type            dirichlet;
        value           uniform (4 0 0);
    }
    right
    {
        type            dirichlet;
        value           uniform (4 0 0);
    }
    sides
    {
        type            empty;
    }
}


// ************************************************************************* //
