/*--------------------------------*- C++ -*----------------------------------*\
| =========                 |                                                 |
| \\      /  F ield         | foam-extend: Open Source CFD                    |
|  \\    /   O peration     | Version:     4.1                                |
|   \\  /    A nd           | Web:         http://www.foam-extend.org         |
|    \\/     M anipulation  |                                                 |
\*---------------------------------------------------------------------------*/
FoamFile
{
    version     2.0;
    format      ascii;
    class       cellScalarField;
    location    "24.5";
    object      T;
}
// * * * * * * * * * * * * * * * * * * * * * * * * * * * * * * * * * * * * * //

dimensions      [0 0 0 0 1 0 0];

internalField   nonuniform 
100
(
(4 -5.703630593e-17 1.624202108e-17)
(4 -3.844246588e-17 -1.413303469e-16)
(4 1.652951549e-18 -1.048661641e-16)
(4 5.680290295e-17 1.736815571e-17)
(4 -3.716794384e-17 -6.625471693e-18)
(4 -2.914632887e-16 9.685155762e-17)
(4 5.027251953e-16 3.439449294e-17)
(4 -4.140310687e-16 -9.865110888e-17)
(4 8.899414753e-16 -7.40521158e-17)
(4 -1.140189226e-15 2.421836045e-16)
(4 7.377639004e-18 1.43755692e-17)
(4 1.309989609e-15 -1.554479072e-18)
(4 -9.700776795e-16 1.00091573e-16)
(4 4.364776363e-16 -6.200735934e-17)
(4 1.469755719e-16 -1.812080776e-17)
(4 -1.120660463e-16 2.081643119e-18)
(4 9.825673196e-17 -1.400447912e-17)
(4 -1.974256973e-16 5.613266457e-17)
(4 5.368065671e-16 -3.894760239e-17)
(4 -8.857559461e-16 6.552485883e-17)
(4 1.045465757e-15 -9.203772478e-17)
(4 -9.001293633e-16 2.389404616e-16)
(4 8.259944566e-16 3.5476126e-17)
(4 -1.031896855e-15 1.245361286e-16)
(4 8.854210389e-16 -1.114609791e-16)
(4 6.290188359e-16 2.978501046e-16)
(4 7.98646544e-15 5.222291024e-15)
(4 1.164197159e-13 6.348106542e-14)
(4 1.460586704e-12 7.931250895e-13)
(4 1.727309011e-11 8.996465268e-12)
(4 1.877667451e-10 9.380192186e-11)
(4.000000002 1.87120778e-09 8.903539308e-10)
(4.000000017 1.693514894e-08 7.622094641e-09)
(4.000000144 1.381860704e-07 5.841164682e-08)
(4.000001099 1.00735025e-06 3.952699445e-07)
(4.000007432 6.46454736e-06 2.317832327e-06)
(4.000044111 3.595023824e-05 1.159061762e-05)
(4.000227331 0.0001713825493 4.899443539e-05)
(4.001011926 0.0006974420642 0.0001746763495)
(4.003890535 0.002425380976 0.0005262005044)
(4.012966243 0.007237944318 0.001344068098)
(4.037677352 0.01864345799 0.002921323599)
(4.096122387 0.04171305183 0.005415250828)
(4.21692394 0.08158674288 0.008558479014)
(4.436427286 0.1403560761 0.01147301129)
(4.789046971 0.2136064309 0.01285230068)
(5.292517706 0.2891404842 0.01157052983)
(5.934611131 0.3498578961 0.007398350003)
(6.669443314 0.3801789623 0.001305430502)
(7.427359393 0.3726378514 -0.004929723706)
(8.134742625 0.3307924438 -0.009571563006)
(8.734451423 0.2669645075 -0.01168373968)
(9.197935775 0.1965827002 -0.01136043186)
(9.52558719 0.1325290834 -0.009418920473)
(9.738141685 0.08206476214 -0.006865779539)
(9.865065288 0.04681882312 -0.004476595211)
(9.935033583 0.02468203609 -0.002640264961)
(9.970741621 0.01205763248 -0.001420021977)
(9.987657955 0.005473152615 -0.0007008152587)
(9.995116372 0.00231438327 -0.0003189975867)
(9.998184472 0.0009139869301 -0.0001345014119)
(9.999364841 0.0003379061355 -5.273098403e-05)
(9.999790535 0.0001172221694 -1.928740152e-05)
(9.999934773 3.824289847e-05 -6.602145747e-06)
(9.999980788 1.17585588e-05 -2.120936179e-06)
(9.999994639 3.414451158e-06 -6.411221098e-07)
(9.99999858 9.382530795e-07 -1.828057702e-07)
(9.999999643 2.444492185e-07 -4.928063566e-08)
(9.999999914 6.049696316e-08 -1.258765729e-08)
(9.99999998 1.424727396e-08 -3.052743119e-09)
(9.999999996 3.198388365e-09 -7.04305315e-10)
(9.999999999 6.855671133e-10 -1.548691636e-10)
(10 1.405366212e-10 -3.251465816e-11)
(10 2.758789141e-11 -6.528640966e-12)
(10 5.198024535e-12 -1.256892621e-12)
(10 9.380096228e-13 -2.311831492e-13)
(10 1.604113006e-13 -4.067051034e-14)
(10 3.033897186e-14 -7.559711363e-15)
(10 6.834849187e-15 -1.969742867e-15)
(10 -3.929472234e-16 4.529610562e-16)
(10 -5.546513612e-17 -2.824666426e-17)
(10 -3.774277724e-16 -6.073476077e-17)
(10 -2.7867215e-16 5.611325738e-16)
(10 -1.684473706e-16 4.113228594e-16)
(10 -4.886934419e-18 4.450735451e-16)
(10 1.833967953e-16 1.323788132e-16)
(10 -2.034365982e-16 5.546998994e-18)
(10 2.643817412e-16 -3.128408773e-16)
(10 9.608979536e-17 -2.787304943e-16)
(10 -4.132207172e-16 2.954455412e-16)
(10 -1.198389081e-16 -2.626075675e-16)
(10 3.698306076e-16 -2.904190043e-17)
(10 -2.216173211e-16 7.315309754e-18)
(10 -1.680062839e-16 -2.174715061e-16)
(10 -3.045697322e-17 -1.120778056e-16)
(10 -1.114681233e-16 4.957163463e-16)
(10 -4.418675957e-17 -2.522128819e-16)
(10 2.171538515e-17 3.692451567e-17)
(10 2.092027504e-16 -3.538301021e-16)
(10 6.194719447e-17 3.125389158e-15)
)
;

boundaryField
{
    left
    {
        type            dirichlet;
        value           uniform (4 0 0);
    }
    right
    {
        type            dirichlet;
        value           uniform (4 0 0);
    }
    sides
    {
        type            empty;
    }
}


// ************************************************************************* //
