/*--------------------------------*- C++ -*----------------------------------*\
| =========                 |                                                 |
| \\      /  F ield         | foam-extend: Open Source CFD                    |
|  \\    /   O peration     | Version:     4.1                                |
|   \\  /    A nd           | Web:         http://www.foam-extend.org         |
|    \\/     M anipulation  |                                                 |
\*---------------------------------------------------------------------------*/
FoamFile
{
    version     2.0;
    format      ascii;
    class       cellScalarField;
    location    "42.5";
    object      T;
}
// * * * * * * * * * * * * * * * * * * * * * * * * * * * * * * * * * * * * * //

dimensions      [0 0 0 0 1 0 0];

internalField   nonuniform 
100
(
(4 -5.703630593e-17 1.624202108e-17)
(4 -1.577731461e-16 3.321016765e-17)
(4 -2.181660031e-16 -1.695998648e-16)
(4 -6.508840721e-17 2.037938188e-16)
(4 2.461525756e-17 -1.118351436e-17)
(4 -4.572042693e-16 1.64444496e-16)
(4 3.524425801e-16 -1.784744918e-17)
(4 -3.801521476e-16 2.425474329e-17)
(4 8.275368801e-16 6.512002174e-17)
(4 -1.189207477e-15 -5.383619775e-17)
(4 3.500706347e-16 -5.119486085e-17)
(4 -1.345663534e-16 -1.25410269e-16)
(4 1.109916745e-15 -1.490767033e-16)
(4 -5.460259591e-16 2.102384018e-16)
(4 2.996019692e-16 -2.976268028e-17)
(4 1.142217714e-16 -1.314367315e-16)
(4 -3.246019204e-17 7.789436902e-17)
(4 -4.117701063e-18 2.679194671e-16)
(4 -2.780843873e-17 -7.356843673e-17)
(4 6.636501008e-18 4.396375071e-17)
(4 8.15413199e-17 -5.870486068e-17)
(4 3.206143395e-17 -1.984574317e-17)
(4 3.031089926e-16 2.158098054e-16)
(4 -8.85561447e-16 1.000805007e-16)
(4 8.502235377e-16 -1.27332994e-16)
(4 -7.080043348e-16 -4.800567515e-17)
(4 4.987473259e-16 -9.854863277e-17)
(4 2.223217238e-16 -1.495825032e-17)
(4 -5.705351285e-16 -6.472395766e-17)
(4 3.254916954e-16 1.510478339e-16)
(4 -1.150375518e-16 -6.678997354e-17)
(4 1.36495823e-17 -6.893197703e-17)
(4 1.810429194e-17 1.282049533e-16)
(4 -5.022646444e-16 8.238432391e-17)
(4 2.970829602e-16 -1.516838762e-16)
(4 -1.303897408e-16 -1.741380966e-16)
(4 8.885277433e-16 3.785529352e-18)
(4 -9.90037282e-16 1.008816207e-16)
(4 7.054315718e-16 -4.212362282e-17)
(4 3.2572458e-17 7.629280804e-17)
(4 -1.182593753e-16 9.178214912e-17)
(4 -6.741313293e-17 -5.453424195e-17)
(4 3.828742126e-18 1.378197932e-16)
(4 -4.229111467e-17 8.472408919e-17)
(4 -4.999507518e-16 -1.950526443e-16)
(4 9.013406165e-16 -1.476063995e-16)
(4 -7.107913243e-16 3.995648947e-17)
(4 5.861870852e-16 -1.254726616e-16)
(4 -7.337862134e-16 7.144543488e-17)
(4 -8.171064642e-17 -1.329507262e-16)
(4 5.510150995e-16 6.586942012e-17)
(4 -6.100512313e-16 1.999226251e-17)
(4 4.751633794e-16 -5.608425087e-17)
(4 1.891597828e-17 -2.920652761e-17)
(4 1.512574525e-15 5.217499865e-16)
(4 6.255401973e-15 2.470401366e-15)
(4 6.229238846e-14 2.820654159e-14)
(4 5.119016824e-13 2.184760392e-13)
(4 3.897356064e-12 1.603153618e-12)
(4 2.774637289e-11 1.09336301e-11)
(4 1.840517784e-10 6.922698243e-11)
(4.000000001 1.133360937e-09 4.051671146e-10)
(4.000000008 6.454506454e-09 2.183099046e-09)
(4.000000043 3.387778725e-08 1.079057182e-08)
(4.000000216 1.634088329e-07 4.878919551e-08)
(4.000001005 7.228443763e-07 2.014091904e-07)
(4.000004294 2.92891187e-06 7.583530248e-07)
(4.000016863 1.086697238e-05 2.603769793e-06)
(4.000060899 3.693287542e-05 8.155369034e-06)
(4.000202444 0.0001150876077 2.332136625e-05)
(4.000620332 0.0003292646957 6.095471245e-05)
(4.001755226 0.0008663191572 0.0001457893465)
(4.004595226 0.002100006509 0.0003194649644)
(4.011155841 0.004699061275 0.0006420251774)
(4.02517292 0.009725358038 0.001184265753)
(4.052924573 0.01865352972 0.002005726287)
(4.103935674 0.03322177417 0.003118235202)
(4.19115171 0.05504490386 0.004444743283)
(4.330106791 0.08500528704 0.005793443327)
(4.536771101 0.1225701152 0.006870139787)
(4.824186562 0.1653029297 0.007341089124)
(5.198575054 0.2088590531 0.006935220708)
(5.656074281 0.2476252507 0.005549819712)
(6.181336154 0.2759122768 0.003313094996)
(6.748771647 0.2893489678 0.0005702853821)
(7.32637035 0.2859987142 -0.002207338562)
(7.881119677 0.266803379 -0.004556235079)
(8.384503283 0.235221154 -0.006144732744)
(8.816603279 0.1962330294 -0.00684299529)
(9.167908945 0.1551003731 -0.006721615282)
(9.43875174 0.116282817 -0.005992377413)
(9.636986612 0.08279058312 -0.004923632443)
(9.774884537 0.0560395395 -0.003763790485)
(9.866152928 0.0361017008 -0.002693912862)
(9.923686962 0.0221583868 -0.001813705961)
(9.958266188 0.01297093484 -0.001152699042)
(9.97810082 0.007248706122 -0.000693532548)
(9.9889694 0.003871042838 -0.0003959566108)
(9.994664114 0.001977357925 -0.0002149502888)
(9.997519878 0.0009670164951 -0.0001111498843)
)
;

boundaryField
{
    left
    {
        type            dirichlet;
        value           uniform (4 0 0);
    }
    right
    {
        type            dirichlet;
        value           uniform (4 0 0);
    }
    sides
    {
        type            empty;
    }
}


// ************************************************************************* //
