/*--------------------------------*- C++ -*----------------------------------*\
| =========                 |                                                 |
| \\      /  F ield         | foam-extend: Open Source CFD                    |
|  \\    /   O peration     | Version:     4.1                                |
|   \\  /    A nd           | Web:         http://www.foam-extend.org         |
|    \\/     M anipulation  |                                                 |
\*---------------------------------------------------------------------------*/
FoamFile
{
    version     2.0;
    format      ascii;
    class       cellScalarField;
    location    "48.2";
    object      T;
}
// * * * * * * * * * * * * * * * * * * * * * * * * * * * * * * * * * * * * * //

dimensions      [0 0 0 0 1 0 0];

internalField   nonuniform 
100
(
(4 -5.703630593e-17 1.624202108e-17)
(4 -1.508952128e-16 1.868186768e-16)
(4 -1.332794191e-16 -2.809640016e-17)
(4 -1.008005661e-16 2.155556403e-16)
(4 -1.426172028e-16 2.581797746e-16)
(4 -2.677474616e-16 1.709611066e-17)
(4 2.588269086e-16 1.013437858e-16)
(4 -3.772582733e-16 -4.400640614e-17)
(4 9.103739073e-16 -5.96890897e-17)
(4 -1.354525e-15 3.286977787e-16)
(4 -6.098684709e-17 4.77693243e-17)
(4 4.023071364e-16 -1.172991415e-16)
(4 5.874204245e-16 4.333166961e-17)
(4 6.039385259e-17 -1.096292751e-16)
(4 1.869431023e-16 1.937927575e-16)
(4 -2.263263214e-16 -5.010629348e-16)
(4 3.328071596e-16 -2.479411383e-16)
(4 -6.346669837e-17 -2.57691774e-17)
(4 1.902279031e-17 -8.631390205e-18)
(4 -2.861028611e-16 -9.589447731e-17)
(4 -3.120260904e-17 -6.936546766e-17)
(4 -1.438667e-16 1.696963201e-16)
(4 1.613702638e-16 -6.582959897e-17)
(4 -1.711719404e-16 -4.074671859e-17)
(4 2.180326639e-16 5.633210124e-17)
(4 -5.060882046e-17 3.016893708e-16)
(4 8.075355257e-17 3.116801403e-17)
(4 -1.246036044e-16 1.10730229e-16)
(4 -5.076369636e-16 -1.031893666e-16)
(4 6.452967067e-16 -2.655697483e-17)
(4 -1.818396946e-16 -2.072122901e-17)
(4 -8.689664149e-17 5.119810957e-17)
(4 -1.574676183e-16 -1.700978e-18)
(4 -3.799688868e-16 2.555312928e-16)
(4 2.772428444e-16 6.897015547e-18)
(4 -2.87050596e-16 -1.098205454e-16)
(4 7.432110281e-16 -1.597603575e-16)
(4 -7.982638193e-16 7.73193724e-17)
(4 5.096142431e-16 2.249507791e-17)
(4 -2.421879218e-16 -7.034535617e-17)
(4 -3.596778374e-18 -1.535722691e-16)
(4 -3.920732002e-17 -8.550957731e-17)
(4 -2.461123999e-16 1.68855605e-16)
(4 -2.327827723e-16 3.233826379e-17)
(4 -2.612318205e-16 1.02659724e-16)
(4 8.320358616e-16 3.759016458e-18)
(4 -7.628052261e-16 5.615330547e-17)
(4 8.273296575e-16 -1.821062664e-16)
(4 -8.454158401e-16 -9.769526593e-17)
(4 2.541397224e-16 9.529988942e-17)
(4 -1.140197129e-17 1.069360015e-16)
(4 -3.232470229e-16 1.880055439e-16)
(4 -6.809385524e-18 2.235868291e-18)
(4 4.331432039e-17 1.185195269e-17)
(4 -1.450083723e-16 6.072397417e-17)
(4 2.246313031e-16 9.407145285e-17)
(4 2.426841738e-17 -1.883950798e-17)
(4 6.248619159e-17 -5.127022231e-17)
(4 -2.570086521e-16 1.834190477e-16)
(4 8.183101409e-18 -1.391477002e-16)
(4 2.856944104e-17 -1.687509469e-16)
(4 2.298045603e-16 2.048600917e-17)
(4 -1.32170362e-16 1.067269763e-16)
(4 -2.27517574e-16 1.934321239e-16)
(4 2.469953821e-15 1.289411637e-15)
(4 2.222498517e-14 1.025548223e-14)
(4 1.710999351e-13 6.930432951e-14)
(4 1.20220334e-12 4.725577903e-13)
(4 7.98056675e-12 3.012831364e-12)
(4 4.961154433e-11 1.791905594e-11)
(4 2.881595099e-10 9.926531477e-11)
(4.000000002 1.559788946e-09 5.106474188e-10)
(4.00000001 7.849667205e-09 2.433612192e-09)
(4.000000049 3.665656799e-08 1.072430256e-08)
(4.000000224 1.586229587e-07 4.364294804e-08)
(4.00000094 6.355380306e-07 1.638989593e-07)
(4.000003665 2.357019544e-06 5.678977035e-07)
(4.000013275 8.093295048e-06 1.815914787e-06)
(4.000044686 2.574516321e-05 5.361573818e-06)
(4.000139927 7.594109156e-05 1.462841647e-05)
(4.000408086 0.0002079562624 3.69150934e-05)
(4.001110055 0.0005293640143 8.624356821e-05)
(4.002820804 0.001254420276 0.0001867105558)
(4.006707811 0.002771300144 0.0003748798075)
(4.014953763 0.005716545596 0.0006985289158)
(4.03131079 0.01102688029 0.001208435953)
(4.061694807 0.01992020086 0.001941015592)
(4.114623849 0.03375193488 0.002893290509)
(4.201214132 0.05371487353 0.003997314641)
(4.334435405 0.08040654062 0.005106176043)
(4.527451509 0.1133655086 0.006004322858)
(4.791143931 0.1507427126 0.006448472)
(5.131267388 0.1892831055 0.006232706491)
(5.545976176 0.2247208594 0.005257905113)
(6.02453253 0.2525508729 0.003578888927)
(6.547777114 0.2689855874 0.001407793167)
(7.090453136 0.2718116123 -0.0009317579955)
(7.624903931 0.2608761555 -0.003085340078)
(8.125235957 0.2380574617 -0.004755171703)
(8.57092371 0.2067520517 -0.005764924663)
)
;

boundaryField
{
    left
    {
        type            dirichlet;
        value           uniform (4 0 0);
    }
    right
    {
        type            dirichlet;
        value           uniform (4 0 0);
    }
    sides
    {
        type            empty;
    }
}


// ************************************************************************* //
