/*--------------------------------*- C++ -*----------------------------------*\
| =========                 |                                                 |
| \\      /  F ield         | foam-extend: Open Source CFD                    |
|  \\    /   O peration     | Version:     4.1                                |
|   \\  /    A nd           | Web:         http://www.foam-extend.org         |
|    \\/     M anipulation  |                                                 |
\*---------------------------------------------------------------------------*/
FoamFile
{
    version     2.0;
    format      ascii;
    class       cellScalarField;
    location    "33.5";
    object      T;
}
// * * * * * * * * * * * * * * * * * * * * * * * * * * * * * * * * * * * * * //

dimensions      [0 0 0 0 1 0 0];

internalField   nonuniform 
100
(
(4 -5.703630593e-17 1.624202108e-17)
(4 -1.760891808e-16 -5.22629717e-17)
(4 -3.752058567e-17 7.774659375e-17)
(4 -1.845215445e-16 1.597212225e-16)
(4 -5.418888459e-17 5.15106198e-17)
(4 -2.674722885e-16 1.552293089e-16)
(4 2.231640886e-16 2.361231432e-16)
(4 -2.52427953e-16 3.836329894e-17)
(4 7.270162924e-16 1.252610425e-16)
(4 -1.477482756e-15 -9.919670549e-17)
(4 3.78137549e-16 -4.783414114e-17)
(4 -4.39690927e-16 5.398016125e-17)
(4 1.359184834e-15 -1.576506007e-16)
(4 -6.459125213e-16 -1.722533814e-16)
(4 6.880466393e-16 2.46393473e-17)
(4 -6.29075509e-16 2.535544543e-16)
(4 2.44328684e-16 -2.53346001e-16)
(4 3.591259578e-18 1.616182957e-17)
(4 1.424185466e-17 -1.149277552e-16)
(4 -1.48108356e-16 9.967584471e-17)
(4 5.317311108e-16 -3.167918715e-17)
(4 -8.66171e-16 1.709201592e-16)
(4 8.719344158e-16 -1.246721801e-16)
(4 -5.994738488e-16 2.927717765e-16)
(4 2.228106723e-16 -3.598811781e-17)
(4 -1.088861949e-16 -6.663854176e-17)
(4 -1.087309393e-17 6.663137137e-17)
(4 1.233525167e-16 -6.176938853e-17)
(4 -3.831010977e-16 1.992254317e-16)
(4 3.212335426e-16 1.75172506e-16)
(4 -3.722529629e-17 -9.880701177e-17)
(4 6.579925993e-18 -1.414488948e-16)
(4 3.290105214e-17 2.778273753e-17)
(4 -3.857614951e-16 -7.230733296e-18)
(4 6.831248757e-16 6.311084702e-17)
(4 -9.834198158e-16 -1.618819954e-16)
(4 5.085715695e-16 1.469885299e-16)
(4 -5.711196355e-16 3.106474896e-16)
(4 5.764711556e-16 -1.249045818e-16)
(4 -1.086895118e-16 8.12428965e-17)
(4 1.643976518e-15 2.377289157e-15)
(4 3.842961323e-14 1.921186594e-14)
(4 3.889389414e-13 1.874209705e-13)
(4 3.658844892e-12 1.699852339e-12)
(4 3.210053363e-11 1.430937224e-11)
(4 2.6090863e-10 1.110805437e-10)
(4.000000002 1.954496087e-09 7.905183618e-10)
(4.000000015 1.341515628e-08 5.122517067e-09)
(4.000000098 8.381463354e-08 2.999541362e-08)
(4.000000578 4.734496607e-07 1.575635847e-07)
(4.000003094 2.403832205e-06 7.381894627e-07)
(4.000014927 1.092492208e-05 3.07327903e-06)
(4.000064756 4.435239981e-05 1.135225398e-05)
(4.000252453 0.0001608092836 3.720923376e-05)
(4.00088537 0.0005213563814 0.0001083490774)
(4.002799304 0.00151477392 0.0002807846049)
(4.008002583 0.003955217985 0.0006488255029)
(4.020756773 0.009310229687 0.001339161787)
(4.049031113 0.01982123247 0.002471713886)
(4.105897806 0.03829094982 0.004080638358)
(4.209984878 0.06733514822 0.006018281333)
(4.383892784 0.1081196918 0.007899237646)
(4.649896018 0.1589884089 0.009150111107)
(5.023409487 0.2147060635 0.009188249659)
(5.506165922 0.2669944201 0.007671571943)
(6.081934638 0.3065084791 0.004695093524)
(6.717133152 0.3256225272 0.0008154420447)
(7.366823177 0.3208608805 -0.003128022477)
(7.984251116 0.2939013512 -0.006312447657)
(8.530581546 0.2507714546 -0.008204453779)
(8.981585383 0.1997175362 -0.008686757283)
(9.329595373 0.1487475076 -0.008008649188)
(9.581066322 0.1037956895 -0.006619859988)
(9.751531766 0.06797909643 -0.004984882202)
(9.860118617 0.04185816928 -0.003454005306)
(9.925225174 0.02427226457 -0.002217480272)
(9.962026988 0.01327571902 -0.001325878057)
(9.981668686 0.006859518331 -0.0007413392143)
(9.991581608 0.003353252435 -0.0003889102819)
(9.996319285 0.001553121977 -0.0001919703468)
(9.998466523 0.0006825314923 -8.938170362e-05)
(9.999390666 0.0002849779276 -3.934179379e-05)
(9.999768862 0.0001132004212 -1.640297484e-05)
(9.999916221 4.28345373e-05 -6.490156281e-06)
(9.999970956 1.545948232e-05 -2.441156118e-06)
(9.99999036 5.328212045e-06 -8.742588978e-07)
(9.999996934 1.755780968e-06 -2.985689952e-07)
(9.999999065 5.538143917e-07 -9.737128483e-08)
(9.999999726 1.673988821e-07 -3.036615187e-08)
(9.999999923 4.854131835e-08 -9.067455497e-09)
(9.999999979 1.351776116e-08 -2.595721971e-09)
(9.999999995 3.618954656e-09 -7.13222406e-10)
(9.999999999 9.323656966e-10 -1.883147207e-10)
(10 2.313875422e-10 -4.783210411e-11)
(10 5.536844712e-11 -1.170065867e-11)
(10 1.278690702e-11 -2.760111178e-12)
(10 2.851392362e-12 -6.276036652e-13)
(10 6.117885019e-13 -1.393334273e-13)
(10 1.259501483e-13 -2.783376262e-14)
(10 2.655698024e-14 -1.234257907e-15)
)
;

boundaryField
{
    left
    {
        type            dirichlet;
        value           uniform (4 0 0);
    }
    right
    {
        type            dirichlet;
        value           uniform (4 0 0);
    }
    sides
    {
        type            empty;
    }
}


// ************************************************************************* //
