/*--------------------------------*- C++ -*----------------------------------*\
| =========                 |                                                 |
| \\      /  F ield         | foam-extend: Open Source CFD                    |
|  \\    /   O peration     | Version:     4.1                                |
|   \\  /    A nd           | Web:         http://www.foam-extend.org         |
|    \\/     M anipulation  |                                                 |
\*---------------------------------------------------------------------------*/
FoamFile
{
    version     2.0;
    format      ascii;
    class       cellScalarField;
    location    "22.9";
    object      T;
}
// * * * * * * * * * * * * * * * * * * * * * * * * * * * * * * * * * * * * * //

dimensions      [0 0 0 0 1 0 0];

internalField   nonuniform 
100
(
(4 -5.703630593e-17 1.624202108e-17)
(4 -1.727819409e-16 -4.042274002e-17)
(4 -1.021053375e-16 -1.391911435e-16)
(4 2.373477513e-16 -2.141340218e-16)
(4 -1.767506957e-16 -2.017013687e-17)
(4 -4.194844659e-16 -1.529996012e-16)
(4 4.477907059e-16 -1.731586064e-16)
(4 -3.573694186e-16 2.495629719e-17)
(4 6.318742142e-16 1.545982343e-16)
(4 -1.342186778e-15 8.891017601e-17)
(4 2.509886934e-16 9.227988809e-17)
(4 7.178650444e-16 -1.611377999e-16)
(4 -9.965234655e-17 -1.120566398e-16)
(4 -2.82405239e-16 -1.089464761e-16)
(4 8.203377861e-16 7.288587936e-17)
(4 -8.854567494e-16 2.824396154e-16)
(4 9.989042524e-16 7.930520046e-17)
(4 -8.653105634e-16 -2.444880563e-16)
(4 9.184133129e-16 -2.843481121e-16)
(4 -5.504696769e-16 6.025497132e-18)
(4 8.113760252e-17 -1.755868475e-16)
(4 4.634133623e-17 5.639307356e-17)
(4 7.997142232e-16 3.423940764e-16)
(4 3.399999401e-15 5.548270028e-16)
(4 3.150806501e-14 1.87983568e-14)
(4 4.509614297e-13 2.572727514e-13)
(4 5.896392433e-12 3.213892037e-12)
(4 7.035136659e-11 3.68207476e-11)
(4.000000001 7.706824812e-10 3.860381347e-10)
(4.000000008 7.689508695e-09 3.652237747e-09)
(4.00000007 6.912352143e-08 3.092888455e-08)
(4.000000584 5.562326081e-07 2.324830101e-07)
(4.000004357 3.95798215e-06 1.521158864e-06)
(4.000028554 2.442533565e-05 8.466648815e-06)
(4.000161886 0.0001284751528 3.945977004e-05)
(4.000786172 0.0005707238435 0.0001530512947)
(4.003261057 0.002138445653 0.000494300228)
(4.011584867 0.00678383769 0.001334177537)
(4.035458598 0.01833605353 0.003022416052)
(4.09423439 0.04253597067 0.005764094466)
(4.219313044 0.08531871769 0.009255316466)
(4.450975193 0.1490266523 0.01244402566)
(4.826853819 0.2282005352 0.01377304306)
(5.364393722 0.3082434724 0.01197162672)
(6.045800139 0.3693891289 0.006936265132)
(6.815495073 0.3948116601 9.347726815e-06)
(7.594017891 0.3782234527 -0.006638601231)
(8.302362329 0.3262501903 -0.01111197956)
(8.884588744 0.2544840228 -0.01262090719)
(9.318655519 0.1802310447 -0.01157759709)
(9.613290202 0.1163353895 -0.009081332333)
(9.796030074 0.06868699526 -0.006259404484)
(9.899947398 0.0372226972 -0.003852416088)
(9.954305274 0.01857517487 -0.002140088502)
(9.980542017 0.00856264975 -0.00108164636)
(9.992261998 0.003657082232 -0.000500523035)
(9.997121126 0.001451311253 -0.0002131635239)
(9.998996124 0.000536641349 -8.39265082e-05)
(9.999671282 0.0001853775575 -3.066916921e-05)
(9.999898729 5.997730742e-05 -1.043924015e-05)
(9.99997059 1.821958346e-05 -3.320571323e-06)
(9.999991933 5.208775787e-06 -9.90006287e-07)
(9.999997906 1.404634383e-06 -2.774326952e-07)
(9.999999485 3.580699359e-07 -7.32668391e-08)
(9.99999988 8.646869304e-08 -1.827910772e-08)
(9.999999973 1.982029257e-08 -4.318245631e-09)
(9.999999994 4.320761262e-09 -9.680933146e-10)
(9.999999999 8.97454843e-10 -2.063883368e-10)
(10 1.779276815e-10 -4.192579065e-11)
(10 3.372580696e-11 -8.129125968e-12)
(10 6.121684016e-12 -1.507673623e-12)
(10 1.062857363e-12 -2.675282285e-13)
(10 1.756370635e-13 -4.498392689e-14)
(10 2.988513485e-14 -7.079153102e-15)
(10 6.673978905e-15 -2.560645897e-15)
(10 -1.462697626e-15 5.453844479e-16)
(10 -3.638960524e-16 -1.509580169e-16)
(10 1.296873822e-16 6.82849067e-18)
(10 4.268336645e-16 -3.609704921e-16)
(10 -3.709365032e-17 -2.847526404e-17)
(10 3.432064155e-16 3.887635493e-16)
(10 -1.545504601e-16 3.891864646e-16)
(10 -2.03404476e-16 4.064669619e-16)
(10 -3.004894188e-16 -5.487442799e-17)
(10 1.089357164e-16 1.508516497e-16)
(10 -5.165307186e-16 1.979086121e-18)
(10 8.435532345e-17 -3.389727949e-16)
(10 1.96978424e-16 5.71324663e-17)
(10 1.768503012e-16 -1.447960539e-16)
(10 1.355037674e-16 -1.134957384e-16)
(10 -3.107567591e-16 -5.544806917e-16)
(10 2.605733988e-16 9.118830494e-17)
(10 5.434573204e-17 -4.489859719e-16)
(10 -2.967306497e-16 -2.285341142e-16)
(10 -2.644758651e-17 1.073282971e-18)
(10 1.293819915e-16 -1.210218603e-17)
(10 4.013325604e-16 -4.43158083e-17)
(10 1.10519384e-16 5.333312049e-17)
(10 -1.277698348e-16 -1.422140001e-16)
(10 -5.911612175e-16 4.298464327e-15)
)
;

boundaryField
{
    left
    {
        type            dirichlet;
        value           uniform (4 0 0);
    }
    right
    {
        type            dirichlet;
        value           uniform (4 0 0);
    }
    sides
    {
        type            empty;
    }
}


// ************************************************************************* //
