/*--------------------------------*- C++ -*----------------------------------*\
| =========                 |                                                 |
| \\      /  F ield         | foam-extend: Open Source CFD                    |
|  \\    /   O peration     | Version:     4.1                                |
|   \\  /    A nd           | Web:         http://www.foam-extend.org         |
|    \\/     M anipulation  |                                                 |
\*---------------------------------------------------------------------------*/
FoamFile
{
    version     2.0;
    format      ascii;
    class       cellScalarField;
    location    "41.5";
    object      T;
}
// * * * * * * * * * * * * * * * * * * * * * * * * * * * * * * * * * * * * * //

dimensions      [0 0 0 0 1 0 0];

internalField   nonuniform 
100
(
(4 -5.703630593e-17 1.624202108e-17)
(4 8.327128095e-17 1.755979421e-16)
(4 1.588706923e-17 6.700369287e-17)
(4 -1.782890713e-16 1.806023379e-17)
(4 -5.8636013e-17 -7.151740379e-17)
(4 -4.496378081e-16 -1.933149732e-16)
(4 6.122502364e-16 -2.109671797e-17)
(4 -3.383056554e-16 1.420943919e-16)
(4 6.959214849e-16 9.598648206e-17)
(4 -1.442084715e-15 5.529568279e-17)
(4 -1.37478234e-18 1.142685824e-16)
(4 2.828433445e-16 -1.979626151e-16)
(4 7.686841225e-16 2.803839016e-16)
(4 -3.543641274e-16 9.733869587e-17)
(4 2.557025654e-16 2.462771711e-16)
(4 -2.617139662e-16 -4.796859265e-17)
(4 5.056050174e-16 -7.979638063e-17)
(4 -5.285416349e-16 1.271561226e-16)
(4 6.053260894e-16 1.981256273e-16)
(4 -8.231938459e-16 3.833325633e-17)
(4 7.294279013e-16 -1.393804111e-16)
(4 -2.486636815e-16 7.967673915e-17)
(4 2.75967303e-16 -2.587504083e-17)
(4 -1.705850255e-16 -4.225380059e-17)
(4 -2.954643502e-18 -3.895263544e-17)
(4 -1.85226135e-16 -1.487056133e-19)
(4 1.790007996e-17 -4.812919626e-17)
(4 2.003159408e-17 5.594427823e-17)
(4 -4.326961414e-16 -2.060924882e-17)
(4 5.63251685e-16 -9.440536498e-17)
(4 -1.230240366e-16 -2.40172373e-17)
(4 -3.090456039e-17 4.18089199e-17)
(4 1.392197659e-16 -8.911815459e-17)
(4 -5.006582394e-16 6.188970014e-17)
(4 4.241868619e-16 1.557432105e-17)
(4 -3.654787061e-16 2.774380176e-16)
(4 8.665381923e-16 1.665083644e-16)
(4 -7.913381979e-16 5.57237648e-17)
(4 5.604321715e-16 -6.420466477e-17)
(4 2.49860403e-17 -8.063940523e-18)
(4 3.342601185e-16 3.685905726e-16)
(4 -8.451950526e-16 -6.165653656e-17)
(4 8.225757951e-16 -6.188032187e-17)
(4 -5.229629442e-16 -2.371913271e-17)
(4 -2.116183398e-16 2.230386113e-16)
(4 4.014621025e-16 -4.841775352e-17)
(4 -8.585691822e-17 -1.468891181e-16)
(4 5.932405094e-16 3.444406896e-16)
(4 -8.449187645e-16 2.300735285e-16)
(4 3.594621682e-16 3.498354431e-17)
(4 -1.012406513e-16 1.514947956e-16)
(4 -3.571399359e-17 -9.952427167e-17)
(4 4.319495699e-16 1.645037034e-16)
(4 3.716938045e-15 1.495199853e-15)
(4 2.771308141e-14 1.378260196e-14)
(4 2.532799508e-13 1.114213154e-13)
(4 2.025768694e-12 8.547387628e-13)
(4 1.504725124e-11 6.092168514e-12)
(4 1.04266e-10 4.03431841e-11)
(4.000000001 6.709876964e-10 2.470796132e-10)
(4.000000005 3.994308805e-09 1.393254559e-09)
(4.000000027 2.190957274e-08 7.203947201e-09)
(4.000000143 1.103609284e-07 3.403880001e-08)
(4.000000691 5.091512063e-07 1.466091876e-07)
(4.000003072 2.147813321e-06 5.747590204e-07)
(4.000012525 8.278351157e-06 2.049754777e-06)
(4.000046861 2.915636856e-05 6.651013512e-06)
(4.000161002 9.39086402e-05 1.96497804e-05)
(4.000508606 0.0002769628898 5.291460536e-05)
(4.001479849 0.0007491984681 0.0001300406613)
(4.003973989 0.001862283759 0.0002920209515)
(4.009871732 0.004262258996 0.0005998932612)
(4.022738903 0.009000699811 0.001128346683)
(4.048691775 0.01757345412 0.001944130355)
(4.097182962 0.03178880607 0.003068035102)
(4.181278064 0.05338260287 0.004429764106)
(4.316904131 0.08338358265 0.00583691344)
(4.520696868 0.1213765813 0.006983897516)
(4.806513878 0.1649495326 0.007516099479)
(5.181308616 0.2096463091 0.007139114954)
(5.641595672 0.2496156267 0.005734606471)
(6.171857098 0.2788718188 0.003431017792)
(6.745771145 0.2927914822 0.0005910553319)
(7.330215923 0.2893210708 -0.002285893134)
(7.891005967 0.2694586501 -0.004708786158)
(8.398715381 0.2368615351 -0.006329312038)
(8.832990672 0.1967732015 -0.007016387107)
(9.184395064 0.1546910478 -0.006852396052)
(9.453722243 0.1152212322 -0.006067087753)
(9.649474002 0.08141247075 -0.00494551857)
(9.784553401 0.05463201794 -0.003746713808)
(9.87315079 0.03485724759 -0.002655103065)
(9.928444704 0.02116927235 -0.001768197154)
(9.961316344 0.01225038837 -0.001110599554)
(9.979950232 0.006762019108 -0.0006598053851)
(9.990032597 0.003563897324 -0.0003716644391)
(9.995244852 0.001795248711 -0.0001989113108)
(9.997821827 0.0008651520281 -0.0001013277131)
(9.999041443 0.0003992419309 -4.921088593e-05)
(9.999594489 0.0001765849164 -2.281904851e-05)
)
;

boundaryField
{
    left
    {
        type            dirichlet;
        value           uniform (4 0 0);
    }
    right
    {
        type            dirichlet;
        value           uniform (4 0 0);
    }
    sides
    {
        type            empty;
    }
}


// ************************************************************************* //
