/*--------------------------------*- C++ -*----------------------------------*\
| =========                 |                                                 |
| \\      /  F ield         | foam-extend: Open Source CFD                    |
|  \\    /   O peration     | Version:     4.1                                |
|   \\  /    A nd           | Web:         http://www.foam-extend.org         |
|    \\/     M anipulation  |                                                 |
\*---------------------------------------------------------------------------*/
FoamFile
{
    version     2.0;
    format      ascii;
    class       cellScalarField;
    location    "48.5";
    object      T;
}
// * * * * * * * * * * * * * * * * * * * * * * * * * * * * * * * * * * * * * //

dimensions      [0 0 0 0 1 0 0];

internalField   nonuniform 
100
(
(4 -5.703630593e-17 1.624202108e-17)
(4 -1.238286368e-17 2.365020003e-17)
(4 7.763791431e-18 -2.161943964e-17)
(4 -1.965227851e-16 -6.623992262e-17)
(4 2.034079968e-16 -7.374614907e-17)
(4 -5.361431893e-16 -7.973872907e-18)
(4 4.175399533e-16 3.771441875e-17)
(4 -3.956206785e-16 -1.252789082e-16)
(4 8.422977928e-16 -1.566825381e-17)
(4 -1.305115061e-15 2.416780646e-16)
(4 3.272706118e-16 -3.055663984e-16)
(4 1.225849529e-16 5.880578576e-17)
(4 8.370864948e-16 -1.181922846e-17)
(4 -5.637237752e-17 -3.842597197e-17)
(4 -4.77280564e-18 -7.752469314e-18)
(4 2.152485989e-16 -1.049392788e-16)
(4 2.72475204e-16 7.86851038e-17)
(4 -2.404967292e-17 -1.325847914e-17)
(4 1.507474964e-17 2.896097665e-17)
(4 -1.452123871e-16 9.735041828e-17)
(4 1.19726514e-16 -6.912073691e-17)
(4 -3.190213223e-16 6.287466602e-17)
(4 2.609951454e-16 -2.650732162e-16)
(4 5.787704102e-17 8.503358914e-17)
(4 -4.10958646e-17 1.742492646e-16)
(4 -2.00964454e-16 7.59641236e-18)
(4 9.164737636e-17 2.148888229e-16)
(4 -1.967717014e-16 -8.026900082e-17)
(4 -4.373840501e-16 -2.283775834e-17)
(4 6.148910034e-16 -1.106241507e-16)
(4 1.31012412e-17 1.310666306e-16)
(4 -1.658444009e-16 -1.525142801e-16)
(4 -7.661024739e-17 -3.674733537e-17)
(4 -3.179699008e-16 3.048094751e-16)
(4 2.683642984e-16 -1.712647079e-16)
(4 -3.914282701e-17 -1.263407588e-16)
(4 9.612079675e-16 -8.149352232e-17)
(4 -1.040136564e-15 2.095904772e-16)
(4 5.230820031e-16 2.410463373e-17)
(4 -1.870789542e-16 -1.075552506e-16)
(4 9.412566042e-17 -6.019571003e-17)
(4 -2.394562124e-16 -9.483115513e-17)
(4 7.880515258e-18 1.100799442e-17)
(4 2.822480099e-17 5.024969989e-17)
(4 -3.875472725e-16 -8.040918705e-17)
(4 9.229040637e-16 -4.309869297e-17)
(4 -9.50285458e-16 2.304625706e-17)
(4 9.340562287e-16 -1.518116946e-16)
(4 -7.209828422e-16 -1.470107105e-16)
(4 3.289270985e-16 7.798907505e-19)
(4 4.367904766e-17 8.642077774e-17)
(4 -1.142365916e-16 2.392985836e-16)
(4 2.701306017e-17 1.001291506e-17)
(4 6.829695143e-17 1.209518055e-16)
(4 -2.250459766e-16 2.17735951e-16)
(4 1.119423762e-16 -4.66662574e-17)
(4 6.12643711e-17 -1.304335031e-16)
(4 2.235244242e-17 -2.825745985e-18)
(4 1.03050178e-17 2.654767878e-16)
(4 2.598819029e-17 -1.421889195e-16)
(4 -1.042731358e-16 -9.408902536e-17)
(4 3.044976282e-17 -9.531552382e-17)
(4 -1.705330703e-17 2.872720318e-16)
(4 -7.926376071e-17 -7.724994836e-17)
(4 1.579869678e-15 4.209947886e-16)
(4 6.292919183e-15 3.678747316e-15)
(4 6.316631373e-14 2.583781185e-14)
(4 4.520848335e-13 1.802670802e-13)
(4 3.072329824e-12 1.181353496e-12)
(4 1.965351078e-11 7.236788642e-12)
(4 1.175826731e-10 4.136616118e-11)
(4.000000001 6.566266712e-10 2.199523315e-10)
(4.000000004 3.414141271e-09 1.085116609e-09)
(4.000000022 1.649372252e-08 4.956518204e-09)
(4.000000102 7.391388639e-08 2.092955902e-08)
(4.000000444 3.069323297e-07 8.162204501e-08)
(4.000001792 1.180449362e-06 2.938557456e-07)
(4.000006721 4.204737502e-06 9.766892967e-07)
(4.00002343 1.387724373e-05 2.998122318e-06)
(4.000075977 4.246947764e-05 8.505574233e-06)
(4.000229412 0.0001206455547 2.231951029e-05)
(4.000645888 0.0003185229166 5.422450997e-05)
(4.001698076 0.0007826283896 0.0001220800721)
(4.004175675 0.001792180733 0.0002549265164)
(4.009620976 0.003830573822 0.0004941218464)
(4.020807577 0.007653371661 0.0008894912714)
(4.042320172 0.01431520293 0.001487474787)
(4.081102498 0.0251037253 0.00231039714)
(4.146738009 0.04133349878 0.003330557148)
(4.251164779 0.06398839825 0.004448442033)
(4.407566316 0.09326739399 0.005487848488)
(4.62836564 0.1281634797 0.006218513841)
(4.922561044 0.166250312 0.006407665616)
(5.29297877 0.203828056 0.005888458783)
(5.7342284 0.2364778418 0.004622064034)
(6.232098182 0.2599239542 0.002728065742)
(6.764784852 0.270968783 0.0004676697629)
(7.305816619 0.2682138502 -0.001817625769)
(7.828001066 0.252341646 -0.003791352949)
(8.307421521 0.2258837449 -0.005201925627)
)
;

boundaryField
{
    left
    {
        type            dirichlet;
        value           uniform (4 0 0);
    }
    right
    {
        type            dirichlet;
        value           uniform (4 0 0);
    }
    sides
    {
        type            empty;
    }
}


// ************************************************************************* //
