/*--------------------------------*- C++ -*----------------------------------*\
| =========                 |                                                 |
| \\      /  F ield         | foam-extend: Open Source CFD                    |
|  \\    /   O peration     | Version:     4.1                                |
|   \\  /    A nd           | Web:         http://www.foam-extend.org         |
|    \\/     M anipulation  |                                                 |
\*---------------------------------------------------------------------------*/
FoamFile
{
    version     2.0;
    format      ascii;
    class       cellScalarField;
    location    "28.2";
    object      T;
}
// * * * * * * * * * * * * * * * * * * * * * * * * * * * * * * * * * * * * * //

dimensions      [0 0 0 0 1 0 0];

internalField   nonuniform 
100
(
(4 -5.703630593e-17 1.624202108e-17)
(4 -1.809273706e-16 -1.264683308e-16)
(4 1.274976641e-16 -2.017270902e-16)
(4 -2.706199696e-17 6.726267249e-17)
(4 -4.579133408e-17 1.930350931e-17)
(4 -3.829392686e-16 1.462506437e-16)
(4 4.138261992e-16 8.938500698e-17)
(4 -4.742549966e-16 2.639198648e-17)
(4 6.894630857e-16 2.152439363e-17)
(4 -1.278781881e-15 -1.005686958e-16)
(4 3.792846499e-17 -5.747986997e-17)
(4 4.515037989e-16 -1.062658851e-16)
(4 5.067898676e-16 -1.42143589e-16)
(4 4.789505734e-17 -1.22632248e-16)
(4 -2.371964135e-16 -4.750752023e-17)
(4 1.248807726e-16 1.53649732e-16)
(4 2.676466299e-17 -1.186088604e-16)
(4 1.914571734e-17 -1.147628786e-16)
(4 -1.348903619e-16 -5.825272569e-16)
(4 8.102584876e-16 8.727487669e-17)
(4 -9.853279947e-16 -3.52473814e-17)
(4 1.027706256e-15 7.989601063e-18)
(4 -8.810776883e-16 -9.560247437e-17)
(4 9.057750864e-16 -1.126495926e-16)
(4 -7.597819079e-16 -2.677859833e-17)
(4 5.967513184e-16 -6.777235476e-17)
(4 -6.612560175e-16 -8.638029776e-17)
(4 2.602527888e-16 -2.668390796e-16)
(4 -4.742778755e-16 -2.295189058e-16)
(4 5.770167158e-16 -2.570312542e-17)
(4 -1.544583042e-16 1.237530775e-16)
(4 6.452758706e-18 3.487841259e-16)
(4 1.081126136e-14 6.971129641e-15)
(4 1.485011558e-13 7.848278045e-14)
(4 1.657247479e-12 8.422699606e-13)
(4 1.72609054e-11 8.455136482e-12)
(4 1.66494171e-10 7.808424706e-11)
(4.000000001 1.475931442e-09 6.589669038e-10)
(4.000000013 1.194445371e-08 5.045838764e-09)
(4.000000095 8.761936435e-08 3.474595152e-08)
(4.000000657 5.772007151e-07 2.126519177e-07)
(4.00000405 3.378036276e-06 1.142855771e-06)
(4.000022197 1.739798097e-05 5.344572525e-06)
(4.000107418 7.838224753e-05 2.164294693e-05)
(4.000457777 0.0003082292925 7.580261159e-05)
(4.001718545 0.001058896018 0.0002299074537)
(4.005698048 0.003187270983 0.0006053238336)
(4.016754157 0.008439717709 0.001387296134)
(4.043904124 0.01974995747 0.00277377995)
(4.103096525 0.04103789647 0.004843518429)
(4.218186988 0.07606908319 0.007378981798)
(4.418627708 0.1263520965 0.009762199484)
(4.732621291 0.1888671872 0.01108429336)
(5.176806902 0.2550784811 0.01050424959)
(5.746369034 0.3124454622 0.007700579074)
(6.410694851 0.3483370348 0.00313616681)
(7.117870768 0.3546514339 -0.002064434263)
(7.80706635 0.3307880523 -0.006579737992)
(8.423825122 0.2834908328 -0.009430050542)
(8.932065191 0.223870829 -0.01029593407)
(9.318758182 0.1633402554 -0.009492623499)
(9.591101487 0.110392575 -0.007692129407)
(9.769085302 0.06927906567 -0.005592146159)
(9.877272008 0.04046688627 -0.003693267043)
(9.938573735 0.02205020465 -0.002234814191)
(9.971023827 0.01123266269 -0.00124683018)
(9.987104658 0.005360654846 -0.000644558413)
(9.994579876 0.002401562035 -0.0003100147849)
(9.9978458 0.001011944049 -0.0001392146376)
(9.999189404 0.0004018126937 -5.854655e-05)
(9.999710851 0.0001506212769 -2.312195664e-05)
(9.999902095 5.339617766e-05 -8.596874597e-06)
(9.999968492 1.793232104e-05 -3.016128763e-06)
(9.999990349 5.714565952e-06 -1.000652122e-06)
(9.999997183 1.730795342e-06 -3.145664432e-07)
(9.999999215 4.989963146e-07 -9.387707404e-08)
(9.999999791 1.371482479e-07 -2.664419205e-08)
(9.999999947 3.598786299e-08 -7.204112734e-09)
(9.999999987 9.028297506e-09 -1.858648199e-09)
(9.999999997 2.168356904e-09 -4.582742547e-10)
(9.999999999 4.992341438e-10 -1.081456233e-10)
(10 1.103291361e-10 -2.446025941e-11)
(10 2.342691247e-11 -5.30937108e-12)
(10 4.785017042e-12 -1.107441037e-12)
(10 9.415975389e-13 -2.222674918e-13)
(10 1.828858737e-13 -4.345700005e-14)
(10 3.180480496e-14 -7.100316807e-15)
(10 7.864053023e-15 -2.141324489e-15)
(10 5.247557777e-16 -4.333565163e-16)
(10 6.719191873e-17 -3.732210471e-16)
(10 4.615721516e-16 3.273962122e-16)
(10 -5.503327084e-16 4.547742188e-17)
(10 1.452469562e-16 -2.147817471e-16)
(10 -4.629458288e-17 2.430113814e-16)
(10 -1.342578686e-16 -1.334168524e-16)
(10 3.017487558e-16 -8.243980112e-16)
(10 5.205364795e-16 -6.654943769e-16)
(10 4.500966658e-16 -4.617918447e-16)
(10 -9.15101747e-17 4.100914486e-16)
(10 -5.244130586e-16 3.501198608e-15)
)
;

boundaryField
{
    left
    {
        type            dirichlet;
        value           uniform (4 0 0);
    }
    right
    {
        type            dirichlet;
        value           uniform (4 0 0);
    }
    sides
    {
        type            empty;
    }
}


// ************************************************************************* //
