/*--------------------------------*- C++ -*----------------------------------*\
| =========                 |                                                 |
| \\      /  F ield         | foam-extend: Open Source CFD                    |
|  \\    /   O peration     | Version:     4.1                                |
|   \\  /    A nd           | Web:         http://www.foam-extend.org         |
|    \\/     M anipulation  |                                                 |
\*---------------------------------------------------------------------------*/
FoamFile
{
    version     2.0;
    format      ascii;
    class       cellScalarField;
    location    "8.1";
    object      T;
}
// * * * * * * * * * * * * * * * * * * * * * * * * * * * * * * * * * * * * * //

dimensions      [0 0 0 0 1 0 0];

internalField   nonuniform 
100
(
(4 -5.703630593e-17 1.624202108e-17)
(4 3.543652167e-15 4.253224058e-16)
(4 -1.009608426e-13 -1.393346905e-14)
(4 3.64129807e-12 1.473311147e-12)
(4 -3.384957751e-11 -1.072041689e-11)
(4.000000001 1.591718657e-09 1.280826409e-09)
(4.00000002 1.739355589e-08 5.842343132e-09)
(4.000000324 4.35719827e-07 4.040941789e-07)
(4.000008249 9.992263732e-06 5.097934081e-06)
(4.000104308 0.0001090759222 6.280473346e-05)
(4.001322385 0.001493138958 0.0008123037315)
(4.013968998 0.01405196988 0.005372610307)
(4.091470851 0.07310602121 0.01850348006)
(4.377349303 0.2272608597 0.0356257091)
(5.058605625 0.4582123434 0.03752392298)
(6.170959484 0.6368009068 0.01363551994)
(7.47303096 0.6385858228 -0.01837945317)
(8.605666244 0.4791874633 -0.03411268016)
(9.360027194 0.2773708655 -0.02979915724)
(9.754785891 0.1271605467 -0.01763095283)
(9.920882828 0.04727067366 -0.007831831215)
(9.978262219 0.01455407611 -0.002753392578)
(9.994851111 0.00378314715 -0.0007933278038)
(9.998935497 0.0008446939669 -0.0001923224612)
(9.999805599 0.0001645310219 -4.006538787e-05)
(9.999968288 2.834591345e-05 -7.299412959e-06)
(9.999995332 4.372595119e-06 -1.180395049e-06)
(9.999999374 6.105002539e-07 -1.715897056e-07)
(9.999999923 7.788701954e-08 -2.266799809e-08)
(9.999999991 9.156262168e-09 -2.747170361e-09)
(9.999999999 9.99200377e-10 -3.07936917e-10)
(10 1.018824673e-10 -3.21540873e-11)
(10 9.761189067e-12 -3.147384453e-12)
(10 8.847476246e-13 -2.89845169e-13)
(10 7.692812165e-14 -2.624919127e-14)
(10 3.24438622e-15 -2.049145915e-15)
(10 9.549665816e-16 -1.237830829e-16)
(10 -9.339286425e-17 -3.447058583e-16)
(10 -6.479467616e-18 -1.617688007e-17)
(10 2.851040151e-16 1.624357787e-16)
(10 -1.552574533e-16 5.117876532e-17)
(10 -2.807308348e-16 -1.157005627e-16)
(10 1.249245982e-16 -5.922594822e-16)
(10 -1.591855498e-16 7.699508771e-16)
(10 -7.803957415e-16 -2.590576667e-16)
(10 1.683218725e-15 -4.83480039e-16)
(10 -1.772499146e-15 3.850768631e-16)
(10 1.643798803e-15 -8.30977732e-17)
(10 -6.421048717e-16 7.30055361e-16)
(10 -3.414593509e-16 1.165367094e-16)
(10 -1.776407312e-16 7.341969186e-16)
(10 -3.961177421e-16 -4.581657748e-16)
(10 8.833242144e-16 1.365428021e-16)
(10 -5.357286514e-16 3.227601652e-17)
(10 2.944398759e-16 -2.930441557e-16)
(10 2.166613698e-16 2.933753452e-16)
(10 2.300619472e-16 2.922942421e-16)
(10 -1.809382438e-16 -2.777463091e-16)
(10 1.566476101e-16 6.157013831e-17)
(10 -3.119240593e-16 2.37900396e-16)
(10 4.593990553e-16 3.832336805e-16)
(10 -3.817954541e-16 -3.411569185e-16)
(10 -3.764792383e-17 1.252183377e-16)
(10 -1.557991601e-16 6.354682185e-16)
(10 -6.271847204e-16 2.798971549e-16)
(10 3.013673664e-17 -1.418887296e-16)
(10 3.376524336e-16 -6.385584558e-17)
(10 -1.71184421e-16 2.263353132e-16)
(10 -2.523298773e-16 -1.508225036e-16)
(10 -2.922187995e-16 -7.778029021e-17)
(10 1.808607958e-16 3.070162787e-16)
(10 -2.493189259e-16 3.164087687e-16)
(10 -1.918092485e-16 5.745622757e-16)
(10 -1.639458028e-16 1.420049572e-16)
(10 -1.300682109e-16 2.757501344e-16)
(10 -2.409990997e-16 1.553484204e-17)
(10 -3.093905255e-16 6.489192761e-17)
(10 3.124138406e-16 -3.661027567e-16)
(10 3.185463172e-17 4.968406569e-17)
(10 -1.456091117e-16 -3.763257675e-16)
(10 4.130560516e-17 4.553089121e-16)
(10 -1.080810088e-16 -2.660973724e-18)
(10 4.231710706e-16 5.910967819e-16)
(10 -2.706746476e-16 1.292976294e-16)
(10 2.353702228e-16 1.995407413e-16)
(10 -2.666489959e-16 -2.68807183e-17)
(10 1.364853921e-16 1.749757891e-17)
(10 -2.188385902e-16 5.564619917e-16)
(10 -1.000862169e-15 5.078880463e-16)
(10 1.354184939e-16 -7.673887637e-17)
(10 4.236895964e-18 -2.400961834e-18)
(10 1.325615644e-19 -7.511991314e-20)
(10 4.147509994e-21 -2.350308642e-21)
(10 1.297649075e-22 -7.353510517e-23)
(10 4.060009799e-24 -2.300724081e-24)
(10 1.270272517e-25 -7.198373192e-26)
(10 3.974355599e-27 -2.252185607e-27)
(10 1.243473524e-28 -7.046508805e-29)
(10 3.890508449e-30 -2.204671151e-30)
(10 -1.229754124e-15 4.185908355e-15)
)
;

boundaryField
{
    left
    {
        type            dirichlet;
        value           uniform (4 0 0);
    }
    right
    {
        type            dirichlet;
        value           uniform (4 0 0);
    }
    sides
    {
        type            empty;
    }
}


// ************************************************************************* //
