/*--------------------------------*- C++ -*----------------------------------*\
| =========                 |                                                 |
| \\      /  F ield         | foam-extend: Open Source CFD                    |
|  \\    /   O peration     | Version:     4.1                                |
|   \\  /    A nd           | Web:         http://www.foam-extend.org         |
|    \\/     M anipulation  |                                                 |
\*---------------------------------------------------------------------------*/
FoamFile
{
    version     2.0;
    format      ascii;
    class       cellScalarField;
    location    "28.3";
    object      T;
}
// * * * * * * * * * * * * * * * * * * * * * * * * * * * * * * * * * * * * * //

dimensions      [0 0 0 0 1 0 0];

internalField   nonuniform 
100
(
(4 -5.703630593e-17 1.624202108e-17)
(4 -7.339479423e-17 1.152092427e-16)
(4 -9.137994205e-17 -7.653874788e-17)
(4 -4.036828507e-17 8.204150286e-17)
(4 -6.915845339e-17 1.328011532e-17)
(4 -3.294912038e-16 2.48622924e-16)
(4 4.186860872e-16 1.983537789e-16)
(4 -4.957756261e-16 7.972969568e-17)
(4 7.411318838e-16 8.696987805e-17)
(4 -1.400279163e-15 -1.84908536e-16)
(4 1.245623851e-16 -1.036984128e-16)
(4 4.294171152e-16 -1.746414964e-16)
(4 4.691197603e-16 -3.507675808e-17)
(4 -4.336920858e-18 4.014620344e-17)
(4 -1.289330006e-16 4.079398716e-17)
(4 1.659715378e-16 1.033865767e-16)
(4 -2.723725611e-17 3.475491284e-17)
(4 -6.354163263e-17 5.158649147e-17)
(4 -1.148903655e-16 -1.226045251e-16)
(4 4.387129896e-16 3.288350622e-16)
(4 -9.265425183e-16 -3.494060153e-17)
(4 9.922425806e-16 9.183816526e-18)
(4 -7.697802916e-16 -8.667051102e-17)
(4 8.595444764e-16 8.263312356e-17)
(4 -9.142721636e-16 -7.59184647e-17)
(4 7.733980118e-16 -3.010608912e-16)
(4 -6.784072099e-16 -1.769502711e-16)
(4 3.887959136e-16 -1.345836672e-16)
(4 -3.583266875e-16 -1.898410331e-16)
(4 7.431833017e-16 -1.020802349e-16)
(4 -2.873759846e-16 1.530370901e-16)
(4 7.710863468e-18 2.384221015e-17)
(4 6.644419347e-15 4.441361498e-15)
(4 9.973289531e-14 5.303344425e-14)
(4 1.128244998e-12 5.745757617e-13)
(4 1.184122942e-11 5.829457497e-12)
(4 1.153762899e-10 5.442703112e-11)
(4.000000001 1.034377292e-09 4.64963333e-10)
(4.000000009 8.476030232e-09 3.608847953e-09)
(4.000000068 6.304480025e-08 2.52345194e-08)
(4.000000477 4.21879658e-07 1.571734485e-07)
(4.000002989 2.513043138e-06 8.61503667e-07)
(4.000016672 1.319622527e-05 4.115832897e-06)
(4.000082224 6.068668779e-05 1.704518217e-05)
(4.000357334 0.0002437519804 6.10882661e-05)
(4.001368295 0.0008554908093 0.0001896387115)
(4.004627014 0.002630476149 0.000511105075)
(4.013871105 0.007113572386 0.001199179447)
(4.037042392 0.01699500272 0.002455123732)
(4.088590778 0.03603856536 0.004391912319)
(4.190824759 0.06814660117 0.006861039502)
(4.372370212 0.1154249831 0.009324685073)
(4.66224026 0.1758685476 0.0109162309)
(5.080046891 0.2420246703 0.01075353364)
(5.625719073 0.3019683519 0.008387476502)
(6.273771163 0.3428014844 0.004120694726)
(6.97596797 0.3552725946 -0.001033234029)
(7.672348727 0.337204858 -0.00575813807)
(8.306317539 0.293994595 -0.008978773657)
(8.837629472 0.236119005 -0.01023652023)
(9.248645437 0.1751621974 -0.009731953411)
(9.54288944 0.1203329458 -0.008086471379)
(9.738305123 0.07674157738 -0.006009888564)
(9.858984326 0.04554085732 -0.004049961823)
(9.928439457 0.02520445328 -0.002497298415)
(9.965774406 0.0130377505 -0.001418436623)
(9.984557721 0.006316644003 -0.0007459578915)
(9.99342007 0.002872138411 -0.0003647695817)
(9.997349144 0.001228022669 -0.0001664485568)
(9.998989029 0.0004946614081 -7.109813574e-05)
(9.999634549 0.0001880624736 -2.850798371e-05)
(9.999874622 6.760131369e-05 -1.075736711e-05)
(9.999959123 2.301489951e-05 -3.829030956e-06)
(9.999987319 7.433317525e-06 -1.288412693e-06)
(9.999996251 2.281245803e-06 -4.106612928e-07)
(9.999998943 6.66272032e-07 -1.242233127e-07)
(9.999999715 1.854702615e-07 -3.572696053e-08)
(9.999999927 4.928023139e-08 -9.786019505e-09)
(9.999999982 1.251581721e-08 -2.557059942e-09)
(9.999999996 3.042469581e-09 -6.383766614e-10)
(9.999999999 7.088398686e-10 -1.524957658e-10)
(10 1.584830475e-10 -3.490523885e-11)
(10 3.404195964e-11 -7.66670235e-12)
(10 7.033192736e-12 -1.617991265e-12)
(10 1.396850601e-12 -3.275538236e-13)
(10 2.725635737e-13 -6.478012372e-14)
(10 4.899104562e-14 -1.20038055e-14)
(10 1.085476153e-14 -3.108280434e-15)
(10 2.383286775e-15 -1.910913868e-15)
(10 2.473066423e-16 -5.603629544e-16)
(10 1.376310348e-16 2.808055967e-16)
(10 -1.977452492e-16 1.511331937e-16)
(10 1.25611558e-16 -1.947743547e-16)
(10 -1.321650933e-16 3.460018016e-16)
(10 -1.820401173e-16 -2.259311476e-16)
(10 3.160723758e-16 -3.473977707e-16)
(10 -8.027286203e-17 -2.643559352e-16)
(10 -3.220999035e-17 -9.772061409e-17)
(10 -1.631327325e-16 5.357399221e-16)
(10 -2.727309527e-16 3.644981884e-15)
)
;

boundaryField
{
    left
    {
        type            dirichlet;
        value           uniform (4 0 0);
    }
    right
    {
        type            dirichlet;
        value           uniform (4 0 0);
    }
    sides
    {
        type            empty;
    }
}


// ************************************************************************* //
