/*--------------------------------*- C++ -*----------------------------------*\
| =========                 |                                                 |
| \\      /  F ield         | foam-extend: Open Source CFD                    |
|  \\    /   O peration     | Version:     4.1                                |
|   \\  /    A nd           | Web:         http://www.foam-extend.org         |
|    \\/     M anipulation  |                                                 |
\*---------------------------------------------------------------------------*/
FoamFile
{
    version     2.0;
    format      ascii;
    class       cellScalarField;
    location    "0.2";
    object      T;
}
// * * * * * * * * * * * * * * * * * * * * * * * * * * * * * * * * * * * * * //

dimensions      [0 0 0 0 1 0 0];

internalField   nonuniform 
100
(
(7.651967825 3.134875036 -0.8941396151)
(9.949123328 0.06244552754 -0.01314642685)
(9.998930739 0.001148919719 -9.052094759e-05)
(9.999978516 1.805698172e-05 3.894643116e-06)
(9.999999599 1.755289845e-07 2.565423621e-07)
(9.999999993 -2.746214408e-09 1.052716107e-08)
(10 -2.530939427e-10 3.694596873e-10)
(10 -1.109434899e-11 1.198178186e-11)
(10 -4.015500011e-13 3.710050621e-13)
(10 -1.30814494e-14 1.102819379e-14)
(10 -1.702339699e-16 1.901860015e-16)
(10 -5.531303941e-17 3.316026906e-17)
(10 -2.70249398e-18 1.563185613e-18)
(10 -1.016624808e-19 5.805034421e-20)
(10 -3.422478498e-21 1.941322406e-21)
(10 -1.083131607e-22 6.118954075e-23)
(10 -3.295275156e-24 1.856527808e-24)
(10 -9.754642087e-26 5.484888117e-26)
(10 -2.830033724e-27 1.588929732e-27)
(10 -8.08493313e-29 4.534058604e-29)
(10 -2.281745406e-30 1.278423393e-30)
(10 -6.376269507e-32 3.569796667e-32)
(10 -1.767328314e-33 9.888214497e-34)
(10 -4.865011426e-35 2.720510531e-35)
(10 -1.331393713e-36 7.441698874e-37)
(10 -3.625220632e-38 2.025469208e-38)
(10 -9.827649134e-40 5.488934936e-40)
(10 -2.653890418e-41 1.481789463e-41)
(10 -7.142099927e-43 3.986661845e-43)
(10 -1.916191735e-44 1.069337884e-44)
(10 -5.126937339e-46 2.860468657e-46)
(10 -1.368356129e-47 7.632919519e-48)
(10 -3.643865118e-49 2.032235872e-49)
(10 -9.683539121e-51 5.39974318e-51)
(10 -2.568562978e-52 1.432063981e-52)
(10 -6.801379402e-54 3.791470931e-54)
(10 -1.798096765e-55 1.002229127e-55)
(10 -4.746684599e-57 2.645402455e-57)
(10 -1.25133985e-58 6.973130741e-59)
(10 -3.294649527e-60 1.835761531e-60)
(10 -8.664220048e-62 4.827186131e-62)
(10 -2.275986225e-63 1.267927609e-63)
(10 -5.972554175e-65 3.326960612e-65)
(10 -1.565771871e-66 8.721296072e-67)
(10 -4.101096012e-68 2.284123145e-68)
(10 -1.073241377e-69 5.977036344e-70)
(10 -2.806350572e-71 1.562791512e-71)
(10 -7.332511964e-73 4.083044522e-73)
(10 -1.914466357e-74 1.065989056e-74)
(10 -4.995088367e-76 2.781142232e-76)
(10 -1.302429504e-77 7.251210502e-78)
(10 -3.393867683e-79 1.889420444e-79)
(10 -8.838493001e-81 4.920286766e-81)
(10 -2.30046835e-82 1.280583619e-82)
(10 -5.984395443e-84 3.331136118e-84)
(10 -1.555968442e-85 8.660723317e-86)
(10 -4.043594278e-87 2.250624535e-87)
(10 -1.050339809e-88 5.845856595e-89)
(10 -2.72706909e-90 1.517742306e-90)
(10 -7.077413725e-92 3.938770895e-92)
(10 -1.836000242e-93 1.021747858e-93)
(10 -4.760994944e-95 2.649440557e-95)
(10 -1.234116778e-96 6.867501018e-97)
(10 -3.197824865e-98 1.77944141e-98)
(10 -8.283215341e-100 4.609088099e-100)
(10 -2.144839186e-101 1.193433715e-101)
(10 -5.551973304e-103 3.089149248e-103)
(10 -1.436686177e-104 7.993588939e-105)
(10 -3.716577245e-106 2.067815747e-106)
(10 -9.611599617e-108 5.347533356e-108)
(10 -2.484984924e-109 1.382518991e-109)
(10 -6.422905492e-111 3.573293908e-111)
(10 -1.659674416e-112 9.233158538e-113)
(10 -4.287474807e-114 2.385170732e-114)
(10 -1.107314844e-115 6.159987145e-116)
(10 -2.859136578e-117 1.590503619e-117)
(10 -7.380676079e-119 4.105700369e-119)
(10 -1.904837507e-120 1.059596814e-120)
(10 -4.914996463e-122 2.73399534e-122)
(10 -1.267928569e-123 7.052797818e-124)
(10 -3.270207881e-125 1.819006786e-125)
(10 -8.432716659e-127 4.690498427e-127)
(10 -2.174070886e-128 1.209255084e-128)
(10 -5.6039765e-130 3.11697602e-130)
(10 -1.444234103e-131 8.032817052e-132)
(10 -3.721343434e-133 2.069775966e-133)
(10 -9.587047248e-135 5.332144853e-135)
(10 -2.469419966e-136 1.37342731e-136)
(10 -6.359631455e-138 3.537011625e-138)
(10 -1.637561836e-139 9.107437889e-140)
(10 -4.215936146e-141 2.344696612e-141)
(10 -1.085232073e-142 6.035448085e-143)
(10 -2.793091459e-144 1.553339768e-144)
(10 -7.187588962e-146 3.997229447e-146)
(10 -1.849346935e-147 1.028463557e-147)
(10 -4.757645958e-149 2.64580256e-149)
(10 -1.223787056e-150 6.805594732e-151)
(10 -3.147465524e-152 1.750315115e-152)
(10 -8.093918705e-154 4.501002412e-154)
(10 1.439048057e-16 3.211832791e-15)
)
;

boundaryField
{
    left
    {
        type            dirichlet;
        value           uniform (4 0 0);
    }
    right
    {
        type            dirichlet;
        value           uniform (4 0 0);
    }
    sides
    {
        type            empty;
    }
}


// ************************************************************************* //
