/*--------------------------------*- C++ -*----------------------------------*\
| =========                 |                                                 |
| \\      /  F ield         | foam-extend: Open Source CFD                    |
|  \\    /   O peration     | Version:     4.1                                |
|   \\  /    A nd           | Web:         http://www.foam-extend.org         |
|    \\/     M anipulation  |                                                 |
\*---------------------------------------------------------------------------*/
FoamFile
{
    version     2.0;
    format      ascii;
    class       cellScalarField;
    location    "46.9";
    object      T;
}
// * * * * * * * * * * * * * * * * * * * * * * * * * * * * * * * * * * * * * //

dimensions      [0 0 0 0 1 0 0];

internalField   nonuniform 
100
(
(4 -5.703630593e-17 1.624202108e-17)
(4 -4.356900546e-17 1.073299765e-16)
(4 -6.448082216e-17 2.454409666e-16)
(4 -8.159345762e-17 9.024280121e-17)
(4 3.167031102e-16 -7.894741032e-17)
(4 -4.93044944e-16 -6.33259772e-17)
(4 2.90276773e-16 -5.449819571e-18)
(4 -4.380457507e-16 -1.546910645e-17)
(4 8.624507522e-16 4.075932994e-17)
(4 -1.267951125e-15 1.736582863e-16)
(4 4.398260488e-16 -2.016028844e-17)
(4 -3.794239332e-16 1.263839668e-16)
(4 1.001788761e-15 -4.670751905e-17)
(4 -4.785966533e-16 3.289750519e-16)
(4 -6.48761497e-17 2.858165899e-16)
(4 -2.01317091e-17 6.175130441e-17)
(4 7.529483214e-18 3.644779681e-17)
(4 -7.368816523e-17 2.322824691e-16)
(4 -1.549745028e-16 -5.694854161e-17)
(4 9.573011166e-17 2.8294496e-16)
(4 8.700410082e-18 -5.526048483e-17)
(4 -6.900992406e-17 -1.32278313e-16)
(4 7.14899843e-17 -1.727135211e-16)
(4 -1.099718598e-16 -2.180417301e-17)
(4 4.248205076e-17 4.274250165e-17)
(4 4.561586327e-17 -5.906302032e-17)
(4 7.264417314e-17 7.78031794e-18)
(4 -1.444479404e-16 -8.001384882e-17)
(4 -3.537853604e-16 -1.300931514e-16)
(4 4.927971542e-16 -1.17301594e-17)
(4 -8.895643828e-17 8.824059032e-17)
(4 7.098416655e-18 -3.191248255e-17)
(4 -2.06004829e-16 -2.488562183e-17)
(4 -4.693160973e-16 1.079063849e-16)
(4 3.696655984e-16 2.941962413e-17)
(4 -4.5217117e-16 3.508655498e-16)
(4 9.397283146e-16 2.966037642e-17)
(4 -1.096304045e-15 -3.756012693e-17)
(4 5.82408033e-16 -2.081295641e-16)
(4 9.380086664e-17 -1.033167761e-17)
(4 3.193676594e-18 4.480112445e-17)
(4 2.468274379e-17 3.817169749e-17)
(4 -1.909467291e-16 -4.017175716e-17)
(4 2.279926419e-16 2.246302067e-16)
(4 -6.877818225e-16 1.715124179e-16)
(4 8.644478328e-16 -4.544817608e-17)
(4 -7.156604032e-16 -1.558243289e-17)
(4 5.82532788e-16 1.875392074e-16)
(4 -9.218708891e-16 -1.081889427e-16)
(4 4.127200104e-16 6.126471971e-17)
(4 -1.338691373e-16 6.469584666e-17)
(4 5.904498553e-17 -2.081083088e-16)
(4 9.931750024e-18 2.044036477e-16)
(4 3.245208172e-17 -3.27837759e-17)
(4 -3.00589391e-17 1.018117704e-16)
(4 -6.360389232e-17 9.422475295e-17)
(4 -2.537997862e-16 8.818175232e-17)
(4 2.366520398e-17 -1.751283085e-18)
(4 -1.742493965e-16 1.317227706e-16)
(4 -7.338667092e-17 1.694448899e-17)
(4 9.6414512e-17 1.048743509e-16)
(4 3.761388074e-16 3.186695165e-16)
(4 3.721371522e-15 1.24890138e-15)
(4 3.021190058e-14 1.434548433e-14)
(4 2.458565132e-13 1.00028937e-13)
(4 1.752701488e-12 6.947716709e-13)
(4 1.176192014e-11 4.470838901e-12)
(4 7.385497316e-11 2.683744478e-11)
(4.000000001 4.325960023e-10 1.497900346e-10)
(4.000000003 2.357284123e-09 7.748036468e-10)
(4.000000015 1.191895004e-08 3.704753778e-09)
(4.000000075 5.580354739e-08 1.63421014e-08)
(4.000000341 2.415692304e-07 6.641126689e-08)
(4.00000143 9.66070592e-07 2.484507917e-07)
(4.000005561 3.56824178e-06 8.555142417e-07)
(4.000020052 1.217573297e-05 2.712213496e-06)
(4.000067061 3.840905234e-05 7.921349888e-06)
(4.000208243 0.0001121280497 2.133146037e-05)
(4.000601227 0.0003033090117 5.301631732e-05)
(4.001616419 0.0007613174666 0.000121731353)
(4.004053817 0.001775903962 0.0002584728071)
(4.009500958 0.003855979224 0.0005079339524)
(4.020849774 0.007805654141 0.0009243748303)
(4.04292732 0.01475502474 0.001558366247)
(4.083091891 0.02608641179 0.002433362127)
(4.151528788 0.04320224145 0.003516476741)
(4.260909335 0.06712313633 0.004694468433)
(4.425128141 0.09798272442 0.005769850244)
(4.657054612 0.1345721465 0.006489009168)
(4.965596824 0.1741349099 0.006602810842)
(5.352754986 0.2125777416 0.00594418596)
(5.811557036 0.2451362081 0.004494786427)
(6.325672033 0.2673573909 0.002412035387)
(6.871065766 0.2761156318 1.31346417e-06)
(7.419437147 0.2703369767 -0.002359891218)
(7.942600971 0.2512005853 -0.004319182792)
(8.416697745 0.2217716616 -0.005633401631)
(8.825220413 0.186215753 -0.00621289801)
(9.160282208 0.1488650114 -0.006117081173)
(9.422112568 0.1134129194 -0.005511228476)
)
;

boundaryField
{
    left
    {
        type            dirichlet;
        value           uniform (4 0 0);
    }
    right
    {
        type            dirichlet;
        value           uniform (4 0 0);
    }
    sides
    {
        type            empty;
    }
}


// ************************************************************************* //
