/*--------------------------------*- C++ -*----------------------------------*\
| =========                 |                                                 |
| \\      /  F ield         | foam-extend: Open Source CFD                    |
|  \\    /   O peration     | Version:     4.1                                |
|   \\  /    A nd           | Web:         http://www.foam-extend.org         |
|    \\/     M anipulation  |                                                 |
\*---------------------------------------------------------------------------*/
FoamFile
{
    version     2.0;
    format      ascii;
    class       cellScalarField;
    location    "1.1";
    object      T;
}
// * * * * * * * * * * * * * * * * * * * * * * * * * * * * * * * * * * * * * //

dimensions      [0 0 0 0 1 0 0];

internalField   nonuniform 
100
(
(4.00511245 0.01899926117 0.0703457001)
(5.003676396 1.223920199 0.245570658)
(8.091929139 1.426921913 -0.2177741303)
(9.723211878 0.3007493002 -0.08872230075)
(9.977509716 0.02787970494 -0.009637592825)
(9.998633472 0.001818978157 -0.0006806741743)
(9.999930256 9.718135015e-05 -3.819371537e-05)
(9.999996832 4.558296858e-06 -1.852815605e-06)
(9.999999868 1.950343133e-07 -8.125481878e-08)
(9.999999995 7.792977869e-09 -3.308747261e-09)
(10 2.95342031e-10 -1.273050763e-10)
(10 1.073239517e-11 -4.684407658e-12)
(10 3.775966643e-13 -1.663558664e-13)
(10 1.195669269e-14 -6.201170841e-15)
(10 -1.66888687e-16 -8.33646271e-16)
(10 1.499155192e-15 -5.189728529e-16)
(10 -2.908061673e-16 1.878497027e-16)
(10 -1.920932107e-16 5.415491227e-16)
(10 -1.000010072e-15 5.075478059e-16)
(10 1.353752291e-16 -7.670568689e-17)
(10 4.231133226e-18 -2.397319406e-18)
(10 1.321872745e-19 -7.489375629e-20)
(10 4.128517468e-21 -2.339066022e-21)
(10 1.289208649e-22 -7.304148355e-23)
(10 4.025583057e-24 -2.280766925e-24)
(10 1.257130378e-25 -7.122813407e-26)
(10 3.92733646e-27 -2.225420704e-27)
(10 1.227993909e-28 -6.959718021e-29)
(10 3.846159123e-30 -2.180528123e-30)
(10 1.208144506e-31 -6.852842165e-32)
(10 3.81231996e-33 -2.163994232e-33)
(10 1.210954838e-34 -6.880495735e-35)
(10 3.880867018e-36 -2.207782687e-36)
(10 1.257691224e-37 -7.165264978e-38)
(10 4.129340243e-39 -2.356300676e-39)
(10 1.375129112e-40 -7.859564444e-41)
(10 4.645381225e-42 -2.659136883e-42)
(10 1.590396888e-43 -9.115903377e-44)
(10 5.507826142e-45 -3.160275036e-45)
(10 1.924653589e-46 -1.105112347e-46)
(10 6.767172925e-48 -3.887131539e-48)
(10 2.387508267e-49 -1.371533987e-49)
(10 8.431008495e-51 -4.842530183e-51)
(10 2.973661767e-52 -1.707375306e-52)
(10 1.045787429e-53 -6.001505162e-54)
(10 3.66244393e-55 -2.100489053e-55)
(10 1.276034205e-56 -7.31329519e-57)
(10 4.420095139e-58 -2.531421995e-58)
(10 1.52157604e-59 -8.707606232e-60)
(10 5.20404488e-61 -2.975878883e-61)
(10 1.768174436e-62 -1.010346401e-62)
(10 5.968163931e-64 -3.407707273e-64)
(10 2.001309767e-65 -1.141878661e-65)
(10 6.667983382e-67 -3.801837677e-67)
(10 2.207726968e-68 -1.257905761e-68)
(10 7.265090807e-70 -4.13674014e-70)
(10 2.376632304e-71 -1.352398239e-71)
(10 7.730223748e-73 -4.39613475e-73)
(10 2.50044013e-74 -1.421158304e-74)
(10 8.044892688e-76 -4.569869094e-76)
(10 2.575059887e-77 -1.461969892e-77)
(10 8.201620347e-79 -4.654017706e-79)
(10 2.599781204e-80 -1.474523523e-80)
(10 8.203054289e-82 -4.650352363e-82)
(10 2.576854849e-83 -1.460171972e-83)
(10 8.060293459e-85 -4.565377249e-85)
(10 2.510881464e-86 -1.421580228e-86)
(10 7.790780606e-88 -4.409127709e-88)
(10 2.40811472e-89 -1.362329737e-89)
(10 7.416073018e-91 -4.193907886e-91)
(10 2.27576759e-92 -1.286526555e-92)
(10 6.95973562e-94 -3.933103341e-94)
(10 2.12138664e-95 -1.198449464e-95)
(10 6.445522211e-97 -3.640160367e-97)
(10 1.952334593e-98 -1.102260216e-98)
(10 5.895935972e-100 -3.327781713e-100)
(10 1.775399522e-101 -1.001785724e-101)
(10 5.331197744e-103 -3.007353333e-103)
(10 1.596531616e-104 -9.003723746e-105)
(10 4.768603799e-106 -2.688590781e-106)
(10 1.420696283e-107 -8.008057902e-108)
(10 4.222224092e-109 -2.379376845e-109)
(10 1.251824989e-110 -7.052853971e-111)
(10 3.702875694e-112 -2.085753161e-112)
(10 1.092842017e-113 -6.154413873e-114)
(10 3.218301127e-115 -1.812026004e-115)
(10 9.457451771e-117 -5.323816613e-117)
(10 2.773484602e-118 -1.560948454e-118)
(10 8.117204488e-120 -4.567574857e-120)
(10 2.371047468e-121 -1.333945984e-121)
(10 6.912736739e-123 -3.888383969e-123)
(10 2.011675193e-124 -1.131358757e-124)
(10 5.843660551e-126 -3.285889488e-126)
(10 1.69453976e-127 -9.526804933e-128)
(10 4.905438284e-129 -2.757419403e-129)
(10 1.417692383e-130 -7.967799651e-131)
(10 4.090557441e-132 -2.298646014e-132)
(10 1.178410974e-133 -6.620965462e-134)
(10 3.38954738e-135 -1.904157521e-135)
(10 -1.965886012e-15 4.206018418e-15)
)
;

boundaryField
{
    left
    {
        type            dirichlet;
        value           uniform (4 0 0);
    }
    right
    {
        type            dirichlet;
        value           uniform (4 0 0);
    }
    sides
    {
        type            empty;
    }
}


// ************************************************************************* //
