/*--------------------------------*- C++ -*----------------------------------*\
| =========                 |                                                 |
| \\      /  F ield         | foam-extend: Open Source CFD                    |
|  \\    /   O peration     | Version:     4.1                                |
|   \\  /    A nd           | Web:         http://www.foam-extend.org         |
|    \\/     M anipulation  |                                                 |
\*---------------------------------------------------------------------------*/
FoamFile
{
    version     2.0;
    format      ascii;
    class       cellScalarField;
    location    "32.3";
    object      T;
}
// * * * * * * * * * * * * * * * * * * * * * * * * * * * * * * * * * * * * * //

dimensions      [0 0 0 0 1 0 0];

internalField   nonuniform 
100
(
(4 -5.703630593e-17 1.624202108e-17)
(4 -2.685080683e-16 1.606996455e-16)
(4 -6.240660971e-17 -9.509776393e-17)
(4 2.1190527e-17 -1.660736259e-18)
(4 1.127784469e-16 1.371558519e-16)
(4 -6.075833725e-16 -3.86341877e-17)
(4 5.165555073e-16 -1.222989453e-16)
(4 -4.903727604e-16 8.977209403e-17)
(4 1.074706705e-15 2.031924093e-17)
(4 -1.397636305e-15 2.127789817e-16)
(4 3.215492926e-16 -8.029770081e-17)
(4 1.84334023e-17 3.543160694e-17)
(4 8.36082627e-16 -2.405266933e-17)
(4 2.881064526e-17 -3.679837967e-16)
(4 7.262490373e-16 1.802703737e-16)
(4 -7.337555655e-16 9.707209189e-17)
(4 6.391988401e-16 1.818113374e-16)
(4 -8.795226636e-16 -1.089057573e-16)
(4 8.833038909e-16 3.618795057e-17)
(4 -5.493593785e-16 -8.627943871e-17)
(4 3.747822882e-16 -6.150180735e-18)
(4 -2.397793453e-16 1.783928039e-16)
(4 -4.229133897e-17 -2.57907112e-17)
(4 -2.784173532e-17 1.831247462e-17)
(4 5.31594747e-17 5.346747992e-17)
(4 -1.669313734e-16 1.635644617e-17)
(4 3.448798861e-17 1.030852762e-16)
(4 -2.693042404e-16 5.985809327e-17)
(4 -3.638975712e-16 2.248972619e-16)
(4 4.614589262e-16 -6.037374706e-17)
(4 2.185421471e-16 2.384473967e-16)
(4 -7.758600556e-17 -3.083683677e-17)
(4 -9.146118668e-17 1.026310258e-16)
(4 -4.635130831e-16 -3.13434098e-17)
(4 1.008534841e-15 -1.600770823e-16)
(4 -8.963221855e-16 -1.810924708e-17)
(4 5.24872701e-16 1.422845341e-16)
(4 -5.444536257e-16 2.651623482e-16)
(4 1.155314967e-15 1.689447936e-15)
(4 3.404480748e-14 1.705227416e-14)
(4 3.544498319e-13 1.739910351e-13)
(4 3.442951947e-12 1.628511693e-12)
(4 3.122545212e-11 1.418409893e-11)
(4 2.622567099e-10 1.137930344e-10)
(4.000000002 2.028122349e-09 8.361722539e-10)
(4.000000016 1.435541048e-08 5.588093971e-09)
(4.000000106 9.235872951e-08 3.368615185e-08)
(4.000000646 5.360867628e-07 1.816636939e-07)
(4.000003543 2.788341398e-06 8.704933295e-07)
(4.000017465 1.29324425e-05 3.690100051e-06)
(4.000077098 5.334896893e-05 1.381153586e-05)
(4.000304625 0.0001956629979 4.564285326e-05)
(4.001078369 0.0006388175701 0.0001333448039)
(4.003428036 0.001861080387 0.0003450488935)
(4.009817005 0.004852874854 0.0007924669552)
(4.025420854 0.01136458393 0.001618300238)
(4.059765448 0.02398602515 0.002941793287)
(4.128122007 0.04578669805 0.004760461932)
(4.251558982 0.07932031484 0.006845033312)
(4.454447237 0.1251193927 0.008701917612)
(4.758928989 0.1802709391 0.009673072433)
(5.17737791 0.2379500895 0.009175315955)
(5.705484786 0.2885604195 0.006981265313)
(6.319190119 0.3223641156 0.003386593827)
(6.977544296 0.3326018679 -0.0008489650034)
(7.631081211 0.3177056386 -0.00477328339)
(8.232796533 0.2816120466 -0.007589178514)
(8.74776002 0.2321460705 -0.008905685584)
(9.158283941 0.1783490814 -0.0087919603)
(9.463741722 0.1279549256 -0.007649127494)
(9.676288072 0.08589377627 -0.005998757285)
(9.814852832 0.0540498673 -0.004296884845)
(9.899639207 0.03194006667 -0.002835626343)
(9.948417176 0.01775570209 -0.00173477787)
(9.974845569 0.009300962803 -0.0009885618043)
(9.988352877 0.004598429182 -0.0005267355654)
(9.994875128 0.002149136462 -0.0002632714927)
(9.997855127 0.0009509373374 -0.0001237771598)
(9.999145349 0.0003989459448 -5.487395834e-05)
(9.999675455 0.0001589178159 -2.299000413e-05)
(9.99988243 6.019103164e-05 -9.120824683e-06)
(9.999959328 2.170595252e-05 -3.432895256e-06)
(9.99998655 7.462503149e-06 -1.227928468e-06)
(9.999995744 2.449084149e-06 -4.181004932e-07)
(9.99999871 7.682028386e-07 -1.357229672e-07)
(9.999999625 2.30582176e-07 -4.206559404e-08)
(9.999999895 6.630759281e-08 -1.246544141e-08)
(9.999999972 1.828876615e-08 -3.536501758e-09)
(9.999999993 4.843632436e-09 -9.617923939e-10)
(9.999999998 1.233081422e-09 -2.510489931e-10)
(10 3.020676596e-10 -6.296874502e-11)
(10 7.127744508e-11 -1.519282505e-11)
(10 1.621492417e-11 -3.529903202e-12)
(10 3.56084659e-12 -7.90937333e-13)
(10 7.538166104e-13 -1.712969447e-13)
(10 1.47730444e-13 -3.530566588e-14)
(10 3.451174313e-14 -6.339541376e-15)
(10 1.222501592e-14 -1.487622801e-15)
(10 3.563080207e-16 -5.953172934e-16)
(10 1.417367668e-16 2.838956115e-15)
)
;

boundaryField
{
    left
    {
        type            dirichlet;
        value           uniform (4 0 0);
    }
    right
    {
        type            dirichlet;
        value           uniform (4 0 0);
    }
    sides
    {
        type            empty;
    }
}


// ************************************************************************* //
