/*--------------------------------*- C++ -*----------------------------------*\
| =========                 |                                                 |
| \\      /  F ield         | foam-extend: Open Source CFD                    |
|  \\    /   O peration     | Version:     4.1                                |
|   \\  /    A nd           | Web:         http://www.foam-extend.org         |
|    \\/     M anipulation  |                                                 |
\*---------------------------------------------------------------------------*/
FoamFile
{
    version     2.0;
    format      ascii;
    class       cellScalarField;
    location    "16.6";
    object      T;
}
// * * * * * * * * * * * * * * * * * * * * * * * * * * * * * * * * * * * * * //

dimensions      [0 0 0 0 1 0 0];

internalField   nonuniform 
100
(
(4 -5.703630593e-17 1.624202108e-17)
(4 -9.663476396e-17 1.999484943e-17)
(4 -1.598005886e-16 3.43411469e-16)
(4 4.762221654e-17 7.76387689e-17)
(4 -8.244879863e-17 6.925245366e-17)
(4 -3.933569979e-16 9.268269594e-17)
(4 4.010076214e-16 7.518665461e-17)
(4 -5.608256884e-16 2.640922071e-17)
(4 9.491028101e-16 -9.66713102e-17)
(4 -1.531512437e-15 5.657193331e-17)
(4 4.238002983e-16 -6.640708744e-17)
(4 1.42771709e-15 2.028382371e-16)
(4 8.544760511e-16 -3.112454253e-16)
(4 1.394906116e-16 6.380741646e-16)
(4 1.18365505e-14 9.27826048e-15)
(4 2.464672077e-13 1.513877532e-13)
(4 4.274634531e-12 2.758404149e-12)
(4 7.187781792e-11 4.240216559e-11)
(4.000000001 1.009216239e-09 5.716363075e-10)
(4.000000012 1.317688051e-08 7.215170864e-09)
(4.000000144 1.538079398e-07 7.812692403e-08)
(4.00000151 1.549987329e-06 7.359684329e-07)
(4.000013947 1.376566765e-05 6.065881001e-06)
(4.000112169 0.000104729382 4.104879125e-05)
(4.000753486 0.0006455449546 0.0002159237095)
(4.004093329 0.003128090154 0.0008680499041)
(4.017833605 0.01188797032 0.002678085892)
(4.062778673 0.03582443508 0.006400874078)
(4.181158734 0.08689465458 0.01192881308)
(4.43574521 0.1722194954 0.0172868477)
(4.888783225 0.2827869122 0.01902405239)
(5.564002822 0.3894979744 0.01456059188)
(6.41612089 0.4550019082 0.004655239203)
(7.335619175 0.455273857 -0.006629326903)
(8.191554702 0.3936900862 -0.01468419975)
(8.884456139 0.2966092632 -0.01727110735)
(9.375884752 0.1961576402 -0.01521246024)
(9.683346119 0.1146623789 -0.01094317152)
(9.854129625 0.05962611919 -0.006679807385)
(9.938860372 0.02775136647 -0.003536731177)
(9.976621298 0.01162640585 -0.001648498661)
(9.991819287 0.004408240456 -0.0006839718051)
(9.997371776 0.001520425666 -0.0002548696436)
(9.999222125 0.0004793485012 -8.59381713e-05)
(9.999787174 0.000138778213 -2.639227246e-05)
(9.999945988 3.705688694e-05 -7.425259005e-06)
(9.999987243 9.164084894e-06 -1.923834403e-06)
(9.999997186 2.107080878e-06 -4.612357915e-07)
(9.999999419 4.521190016e-07 -1.027750042e-07)
(9.999999887 9.084956599e-08 -2.137103238e-08)
(9.999999979 1.715242733e-08 -4.162676045e-09)
(9.999999996 3.052206957e-09 -7.621648664e-10)
(9.999999999 5.134110604e-10 -1.31603425e-10)
(10 8.186032393e-11 -2.149661868e-11)
(10 1.240584057e-11 -3.330108419e-12)
(10 1.790059335e-12 -4.907373751e-13)
(10 2.47016656e-13 -6.887903322e-14)
(10 2.722756411e-14 -8.489397815e-15)
(10 2.687602245e-15 -1.685613191e-15)
(10 -5.431501716e-16 -7.979119965e-17)
(10 -1.489618184e-16 -2.563768642e-16)
(10 3.283013797e-16 1.870228957e-16)
(10 -4.364573775e-16 3.420336841e-16)
(10 -9.45649705e-17 -1.607926771e-16)
(10 -4.115171671e-16 1.576586274e-16)
(10 1.804808463e-16 2.866283454e-17)
(10 1.344852023e-16 1.432237645e-16)
(10 -1.409709377e-18 -7.364532289e-17)
(10 3.772590755e-16 -8.042124445e-17)
(10 -3.130392173e-16 -2.647075914e-16)
(10 -3.084119248e-17 -8.145242383e-17)
(10 -4.505570485e-16 4.303637986e-17)
(10 2.033185137e-16 -5.252462784e-16)
(10 -1.512018797e-16 -7.634615321e-17)
(10 -2.195527522e-16 5.585357204e-16)
(10 -1.133441765e-16 2.19495385e-16)
(10 3.024150267e-17 5.048534538e-16)
(10 -2.783108234e-16 5.876904901e-18)
(10 2.738839564e-16 3.28847498e-16)
(10 -4.867399656e-16 -5.705762072e-18)
(10 -1.355953458e-16 -2.954385375e-16)
(10 1.503702902e-16 -7.124626323e-16)
(10 6.095394428e-16 2.134030752e-16)
(10 6.275376595e-17 -5.377527757e-16)
(10 2.619416036e-16 -7.626977572e-17)
(10 -1.81308847e-16 -4.572865738e-16)
(10 3.858553243e-16 2.463399657e-16)
(10 1.279011225e-16 3.931354947e-16)
(10 -5.475478676e-16 4.568371873e-16)
(10 -9.051047881e-17 -1.958614237e-16)
(10 2.876987811e-16 -2.498015346e-16)
(10 -9.222506939e-17 2.92795417e-17)
(10 -6.924392719e-16 -7.895943568e-17)
(10 4.070325435e-16 -4.055388538e-16)
(10 -8.768914854e-17 1.074987012e-16)
(10 1.926633206e-16 -1.822833793e-16)
(10 1.290743211e-16 -7.228385243e-16)
(10 -7.118250421e-17 -3.158619965e-16)
(10 -2.290073763e-16 -1.733963692e-16)
(10 -1.439645925e-15 4.138002061e-15)
)
;

boundaryField
{
    left
    {
        type            dirichlet;
        value           uniform (4 0 0);
    }
    right
    {
        type            dirichlet;
        value           uniform (4 0 0);
    }
    sides
    {
        type            empty;
    }
}


// ************************************************************************* //
