/*--------------------------------*- C++ -*----------------------------------*\
| =========                 |                                                 |
| \\      /  F ield         | foam-extend: Open Source CFD                    |
|  \\    /   O peration     | Version:     4.1                                |
|   \\  /    A nd           | Web:         http://www.foam-extend.org         |
|    \\/     M anipulation  |                                                 |
\*---------------------------------------------------------------------------*/
FoamFile
{
    version     2.0;
    format      ascii;
    class       cellScalarField;
    location    "47.5";
    object      T;
}
// * * * * * * * * * * * * * * * * * * * * * * * * * * * * * * * * * * * * * //

dimensions      [0 0 0 0 1 0 0];

internalField   nonuniform 
100
(
(4 -5.703630593e-17 1.624202108e-17)
(4 -1.341427462e-16 1.465910945e-16)
(4 1.743038278e-16 -1.212088768e-16)
(4 -7.060180677e-17 -7.224005433e-17)
(4 -1.052649672e-17 -8.573303285e-17)
(4 -2.901308442e-16 4.623923713e-17)
(4 4.440536776e-16 1.086372729e-16)
(4 -3.908740957e-16 -2.100151899e-17)
(4 8.003841044e-16 3.118085225e-17)
(4 -1.240354578e-15 -2.525319541e-16)
(4 2.854094774e-16 3.946219646e-17)
(4 -3.672129172e-16 -3.449917511e-17)
(4 9.901932811e-16 1.395407844e-16)
(4 -2.659229121e-16 -2.083290199e-16)
(4 2.774480045e-16 -1.542473012e-16)
(4 2.088158653e-17 -1.99682629e-17)
(4 6.76669783e-17 -9.83880647e-17)
(4 3.042287409e-17 1.282715842e-16)
(4 -2.267487634e-16 1.063241265e-17)
(4 -6.820563109e-17 1.058220807e-16)
(4 1.067152845e-16 -1.368650216e-16)
(4 -1.72109818e-16 -1.605701752e-16)
(4 5.949429156e-18 -3.074135263e-17)
(4 -1.247378566e-16 3.291884768e-17)
(4 2.846333058e-17 -5.534446163e-18)
(4 3.887557328e-17 -1.063569181e-16)
(4 5.819806833e-17 1.887277294e-17)
(4 -1.275358194e-16 2.057208945e-16)
(4 -5.507416227e-16 1.481931424e-16)
(4 4.394591681e-16 9.729026975e-17)
(4 -1.99892835e-16 6.028480216e-17)
(4 2.116712006e-16 -1.891856119e-16)
(4 -9.669917876e-17 4.72957931e-18)
(4 -4.35828852e-16 1.841191973e-16)
(4 4.890984294e-16 5.134606872e-17)
(4 -4.962818911e-16 4.721395204e-17)
(4 7.943259496e-16 1.189001606e-16)
(4 -9.512512254e-16 1.768972619e-16)
(4 4.935324046e-16 -7.998632415e-17)
(4 -1.03867819e-16 1.794587599e-17)
(4 1.072737622e-16 -2.284763925e-17)
(4 -2.093818922e-16 -6.86047007e-17)
(4 7.89521745e-17 2.133545326e-16)
(4 -1.453605963e-16 2.621534625e-17)
(4 -1.033035533e-16 -1.503776978e-16)
(4 7.92339186e-16 1.092973871e-16)
(4 -8.013037259e-16 -3.239416373e-16)
(4 9.985901429e-16 -1.763451052e-16)
(4 -9.780219164e-16 -1.753158568e-16)
(4 7.522159959e-16 -5.838619721e-17)
(4 -5.191851065e-18 1.200194506e-16)
(4 -8.63757482e-17 4.543827181e-17)
(4 -4.676180961e-17 8.578754801e-19)
(4 1.011729263e-16 -8.672185254e-17)
(4 -2.303317956e-16 9.138294598e-17)
(4 -1.658140844e-16 -2.201945449e-17)
(4 7.848714069e-17 1.835621614e-16)
(4 -3.846041062e-18 -3.521680736e-17)
(4 -1.360830166e-16 -7.513439333e-17)
(4 1.415144107e-16 2.334039886e-16)
(4 2.505158337e-17 1.34473296e-16)
(4 7.631684e-18 3.371658718e-17)
(4 2.257425861e-16 3.445676776e-16)
(4 3.168957255e-15 1.972598546e-15)
(4 3.096033403e-14 1.429027242e-14)
(4 2.427741366e-13 9.8334133e-14)
(4 1.708557736e-12 6.727310628e-13)
(4 1.135095383e-11 4.287169621e-12)
(4 7.057880295e-11 2.54838889e-11)
(4 4.095605203e-10 1.409315432e-10)
(4.000000003 2.21237222e-09 7.228417879e-10)
(4.000000014 1.109736444e-08 3.430093763e-09)
(4.00000007 5.158837746e-08 1.503030005e-08)
(4.000000314 2.219482619e-07 6.073930837e-08)
(4.000001311 8.830357419e-07 2.262122329e-07)
(4.000005077 3.24815965e-06 7.763221854e-07)
(4.000018242 1.104970145e-05 2.455678093e-06)
(4.000060846 3.478689092e-05 7.164217166e-06)
(4.000188627 0.0001014533611 1.929267931e-05)
(4.000544179 0.0002744329905 4.800139657e-05)
(4.001463202 0.0006894884533 0.0001104533563)
(4.003672975 0.001611327236 0.0002352747288)
(4.008623009 0.003508133417 0.0004643008092)
(4.018968843 0.007126617285 0.0008494192632)
(4.039174872 0.01352958579 0.001441075515)
(4.076107609 0.0240408611 0.002267012168)
(4.139378492 0.04004401972 0.003304597703)
(4.241118313 0.06261650147 0.004456342359)
(4.39489446 0.09205057096 0.005542488674)
(4.613668727 0.1273956168 0.00632283755)
(4.907023041 0.1662098966 0.006550352975)
(5.278249297 0.2046907334 0.006044320423)
(5.722141302 0.238244984 0.004758038627)
(6.224290574 0.2623979814 0.002813075314)
(6.762327759 0.2737899238 0.0004825359057)
(7.308973683 0.2709485699 -0.001874253942)
(7.836190052 0.2545920395 -0.003903353253)
(8.319382532 0.2273799975 -0.005341828643)
(8.740637742 0.1932216335 -0.006069514659)
(9.090338155 0.1563825657 -0.006114569208)
)
;

boundaryField
{
    left
    {
        type            dirichlet;
        value           uniform (4 0 0);
    }
    right
    {
        type            dirichlet;
        value           uniform (4 0 0);
    }
    sides
    {
        type            empty;
    }
}


// ************************************************************************* //
