/*--------------------------------*- C++ -*----------------------------------*\
| =========                 |                                                 |
| \\      /  F ield         | foam-extend: Open Source CFD                    |
|  \\    /   O peration     | Version:     4.1                                |
|   \\  /    A nd           | Web:         http://www.foam-extend.org         |
|    \\/     M anipulation  |                                                 |
\*---------------------------------------------------------------------------*/
FoamFile
{
    version     2.0;
    format      ascii;
    class       cellScalarField;
    location    "45.3";
    object      T;
}
// * * * * * * * * * * * * * * * * * * * * * * * * * * * * * * * * * * * * * //

dimensions      [0 0 0 0 1 0 0];

internalField   nonuniform 
100
(
(4 -5.703630593e-17 1.624202108e-17)
(4 -1.009342333e-16 1.551840715e-17)
(4 4.03526316e-17 3.066050631e-16)
(4 -1.127533552e-16 -6.086056956e-17)
(4 -2.613795015e-17 -1.149025675e-16)
(4 -4.439394435e-16 -1.374805723e-17)
(4 5.093827068e-16 6.885857346e-17)
(4 -3.326047518e-16 1.165898169e-16)
(4 8.860537924e-16 8.316683249e-18)
(4 -1.527640134e-15 -1.547166588e-16)
(4 3.23588798e-16 -7.046267041e-17)
(4 3.736776713e-16 1.418943465e-16)
(4 3.574210566e-16 -5.123016479e-17)
(4 1.15477366e-16 2.040060345e-16)
(4 -2.044143187e-16 4.043073019e-17)
(4 -4.546298112e-17 -8.994059158e-17)
(4 6.778503084e-17 8.574904923e-17)
(4 -1.675859135e-16 -4.701180729e-17)
(4 5.147772149e-16 -1.121265953e-16)
(4 -2.991419102e-17 1.68477695e-16)
(4 3.280071114e-17 -9.972810186e-17)
(4 5.821355532e-17 -2.831837526e-17)
(4 -6.916823392e-17 1.770556757e-16)
(4 6.114026689e-17 -4.767514608e-17)
(4 -4.134318509e-16 -1.118853549e-16)
(4 3.403685661e-17 -3.216402893e-16)
(4 -5.079174062e-17 3.20826389e-16)
(4 -3.451814549e-17 6.397363553e-17)
(4 -5.676412865e-16 1.932127779e-17)
(4 5.095459625e-16 -7.896659217e-17)
(4 -8.76603181e-17 4.681910039e-17)
(4 -1.677321869e-17 -1.249728443e-16)
(4 6.290177099e-18 -8.600893643e-17)
(4 -5.480651153e-16 5.258003222e-17)
(4 4.313585035e-16 1.171714323e-16)
(4 -5.015851276e-16 1.371447384e-17)
(4 1.035421679e-15 6.833632489e-17)
(4 -1.166860912e-15 3.779287836e-16)
(4 6.20825676e-16 -1.867483655e-16)
(4 -1.229735263e-16 -4.597813235e-17)
(4 -1.376980403e-16 2.11564827e-16)
(4 -1.07456083e-17 -1.320122266e-16)
(4 1.634816687e-16 1.336903444e-16)
(4 -2.218867051e-16 9.860723362e-17)
(4 -3.494468126e-16 1.763754709e-16)
(4 7.711022424e-16 1.337557907e-16)
(4 -8.844810032e-16 2.665382853e-16)
(4 8.780260131e-16 1.262967187e-16)
(4 -8.09700554e-16 -5.367272137e-19)
(4 1.830185806e-16 1.260076231e-16)
(4 2.360051909e-17 1.840180771e-16)
(4 5.593335663e-17 -4.908487659e-17)
(4 -2.426883698e-16 -5.711367463e-17)
(4 -1.07704078e-16 -1.830544059e-16)
(4 2.381869326e-16 -2.531520388e-16)
(4 -6.587949338e-17 -5.450543855e-17)
(4 -6.112397585e-17 1.303389809e-16)
(4 -1.626261858e-16 -1.233890145e-16)
(4 1.317034313e-16 2.304595664e-16)
(4 2.601462763e-15 6.853518149e-16)
(4 1.32779098e-14 6.810795843e-15)
(4 1.274539594e-13 5.487842338e-14)
(4 9.624031895e-13 3.93227481e-13)
(4 6.792374646e-12 2.664335938e-12)
(4 4.483007718e-11 1.683905049e-11)
(4 2.760370995e-10 9.887426347e-11)
(4.000000002 1.580130101e-09 5.37627203e-10)
(4.000000011 8.383721288e-09 2.698549952e-09)
(4.000000054 4.112196032e-08 1.247140832e-08)
(4.000000256 1.860997913e-07 5.29688555e-08)
(4.000001119 7.760652973e-07 2.065136596e-07)
(4.000004525 2.980431343e-06 7.38750313e-07)
(4.000016916 1.054168377e-05 2.424997734e-06)
(4.000058484 3.435896566e-05 7.308392823e-06)
(4.000187164 0.0001032990048 2.023908348e-05)
(4.0005552 0.0002868369689 5.15531732e-05)
(4.001529023 0.0007367222247 0.0001209152122)
(4.003916545 0.001753097106 0.0002614079055)
(4.009348966 0.003871486353 0.0005213938778)
(4.020839526 0.007948196479 0.0009601166269)
(4.043471385 0.01519596608 0.001632860131)
(4.085048561 0.02710176744 0.002564394682)
(4.156409163 0.04516499688 0.003715894245)
(4.271020434 0.07044461048 0.004958380092)
(4.443540136 0.1029958882 0.006070178185)
(4.687292543 0.1413776245 0.006771713741)
(5.011029762 0.1824608218 0.006796795497)
(5.415776 0.221719334 0.005980516535)
(5.892768035 0.2540254931 0.004330279108)
(6.423345174 0.274766921 0.002047680885)
(6.981103691 0.2809431036 -0.0005130249375)
(7.535903669 0.2718775046 -0.00293751556)
(8.05870127 0.2493131556 -0.004860995509)
(8.525936015 0.2168867889 -0.006055174429)
(8.922417211 0.1791925174 -0.006465316362)
(9.242205462 0.1407580652 -0.006192556158)
(9.487623947 0.1052317845 -0.00543750003)
(9.667013044 0.07495162474 -0.004431323534)
(9.792026133 0.0509100276 -0.003378198022)
(9.87516431 0.03300879423 -0.002422249363)
)
;

boundaryField
{
    left
    {
        type            dirichlet;
        value           uniform (4 0 0);
    }
    right
    {
        type            dirichlet;
        value           uniform (4 0 0);
    }
    sides
    {
        type            empty;
    }
}


// ************************************************************************* //
