/*--------------------------------*- C++ -*----------------------------------*\
| =========                 |                                                 |
| \\      /  F ield         | foam-extend: Open Source CFD                    |
|  \\    /   O peration     | Version:     4.1                                |
|   \\  /    A nd           | Web:         http://www.foam-extend.org         |
|    \\/     M anipulation  |                                                 |
\*---------------------------------------------------------------------------*/
FoamFile
{
    version     2.0;
    format      ascii;
    class       cellScalarField;
    location    "7.6";
    object      T;
}
// * * * * * * * * * * * * * * * * * * * * * * * * * * * * * * * * * * * * * //

dimensions      [0 0 0 0 1 0 0];

internalField   nonuniform 
100
(
(4 2.365141887e-16 4.452773594e-16)
(4 -1.114495828e-14 -2.364842813e-14)
(4 5.749832424e-13 1.077354918e-12)
(4 1.635336196e-12 -1.758227538e-11)
(4 2.354593644e-10 6.338315283e-10)
(4.000000012 1.379210529e-08 2.562078285e-09)
(4.000000121 1.238071151e-07 1.671815614e-07)
(4.000004292 5.818884771e-06 3.35786204e-06)
(4.000063337 6.544276835e-05 3.468561084e-05)
(4.00079625 0.0009059782562 0.0005480053645)
(4.009788382 0.01048581685 0.004488144771)
(4.074289396 0.06351670787 0.01767377647)
(4.338601346 0.216828491 0.03687554545)
(5.010321323 0.4608632024 0.04057567329)
(6.145039913 0.6554590249 0.01499961107)
(7.487372271 0.6575669553 -0.02007856842)
(8.645481761 0.4848679869 -0.03647106176)
(9.398944268 0.2718841244 -0.03074233647)
(9.77938257 0.119399567 -0.01736044268)
(9.93232362 0.04215244133 -0.007299089354)
(9.982423519 0.01224689116 -0.00241396919)
(9.996081213 0.002990624325 -0.0006515367713)
(9.999239539 0.0006254790282 -0.0001475651102)
(9.999869868 0.0001139315119 -2.867966459e-05)
(9.999980125 1.834269685e-05 -4.872353851e-06)
(9.999997261 2.644193436e-06 -7.34891886e-07)
(9.999999656 3.451842884e-07 -9.971232752e-08)
(9.99999996 4.121263356e-08 -1.230832712e-08)
(9.999999996 4.53921638e-09 -1.395617269e-09)
(10 4.647088895e-10 -1.465770864e-10)
(10 4.451400195e-11 -1.43631778e-11)
(10 4.010330338e-12 -1.32212579e-12)
(10 3.430327038e-13 -1.144766622e-13)
(10 2.987418399e-14 -1.044156156e-14)
(10 -1.013001723e-15 -5.458698241e-16)
(10 1.668236924e-15 -7.933288692e-16)
(10 2.328317161e-16 -3.704870148e-16)
(10 6.731126226e-16 -3.00387016e-16)
(10 1.722771114e-16 1.253251291e-16)
(10 3.438374793e-16 -1.656065238e-17)
(10 -5.388029619e-16 -3.240489977e-16)
(10 1.347377533e-15 -8.581598357e-17)
(10 -1.152298057e-15 -4.036423525e-16)
(10 1.124834293e-15 -5.121808602e-16)
(10 -1.711866468e-15 1.804798875e-16)
(10 8.830162122e-16 -1.739553859e-16)
(10 -1.18411847e-16 2.257500684e-16)
(10 -4.762848161e-16 3.113567528e-16)
(10 -5.166087494e-16 5.169087038e-16)
(10 -2.666621196e-16 2.760623227e-16)
(10 -2.782057986e-16 3.776415782e-16)
(10 -2.366221596e-16 -1.650536011e-16)
(10 4.860846954e-16 2.305575023e-17)
(10 3.840861481e-16 -6.106256776e-16)
(10 -7.736656009e-17 6.204294066e-16)
(10 -2.585221898e-16 2.639182497e-16)
(10 3.099325775e-16 2.205638851e-16)
(10 -2.253601945e-16 -2.27149069e-16)
(10 -5.845416747e-17 1.269389205e-16)
(10 -4.113289311e-16 3.10369746e-16)
(10 -2.804513882e-16 1.823053899e-16)
(10 -2.177170248e-17 -7.571648838e-17)
(10 2.115558616e-16 -8.349992145e-17)
(10 -6.780030101e-17 1.549248937e-16)
(10 -1.820881838e-16 -6.651417345e-17)
(10 -2.315712357e-16 1.288297897e-17)
(10 -3.604858548e-17 7.797505717e-16)
(10 -1.959022461e-16 2.966755624e-16)
(10 -4.527813795e-16 2.84229793e-16)
(10 8.517485773e-18 3.109506195e-17)
(10 -5.821685624e-17 2.011315598e-16)
(10 -1.57599631e-16 4.256786583e-17)
(10 -7.511947905e-17 -4.617334172e-16)
(10 2.315652255e-16 -3.373756552e-16)
(10 1.914212538e-16 -5.530711089e-16)
(10 -3.754423464e-17 -3.116279267e-16)
(10 4.619326547e-17 3.20197965e-16)
(10 -4.965320512e-17 -5.651813039e-18)
(10 3.232626165e-16 3.50258352e-16)
(10 -4.601928857e-16 -7.640301957e-17)
(10 2.618813494e-16 2.949202433e-17)
(10 -1.365865064e-16 -1.744219838e-17)
(10 2.188364463e-16 -5.564608176e-16)
(10 1.000862123e-15 -5.078880214e-16)
(10 -1.354184949e-16 7.67388769e-17)
(10 -4.236895985e-18 2.400961845e-18)
(10 -1.325615648e-19 7.511991338e-20)
(10 -4.147510002e-21 2.350308647e-21)
(10 -1.297649077e-22 7.353510527e-23)
(10 -4.060009803e-24 2.300724083e-24)
(10 -1.270272518e-25 7.198373197e-26)
(10 -3.974355601e-27 2.252185608e-27)
(10 -1.243473524e-28 7.046508807e-29)
(10 -3.890508449e-30 2.204671151e-30)
(10 -1.217239909e-31 6.897848307e-32)
(10 -3.808430225e-33 2.158159109e-33)
(10 -1.191559747e-34 6.752324105e-35)
(10 -3.728083609e-36 2.112628333e-36)
(10 -1.16642136e-37 6.609870033e-38)
(10 -1.22603365e-15 3.582627594e-15)
)
;

boundaryField
{
    left
    {
        type            dirichlet;
        value           uniform (4 0 0);
    }
    right
    {
        type            dirichlet;
        value           uniform (4 0 0);
    }
    sides
    {
        type            empty;
    }
}


// ************************************************************************* //
