/*--------------------------------*- C++ -*----------------------------------*\
| =========                 |                                                 |
| \\      /  F ield         | foam-extend: Open Source CFD                    |
|  \\    /   O peration     | Version:     4.1                                |
|   \\  /    A nd           | Web:         http://www.foam-extend.org         |
|    \\/     M anipulation  |                                                 |
\*---------------------------------------------------------------------------*/
FoamFile
{
    version     2.0;
    format      ascii;
    class       cellScalarField;
    location    "32.6";
    object      T;
}
// * * * * * * * * * * * * * * * * * * * * * * * * * * * * * * * * * * * * * //

dimensions      [0 0 0 0 1 0 0];

internalField   nonuniform 
100
(
(4 -5.703630593e-17 1.624202108e-17)
(4 -1.181745296e-17 1.85320533e-16)
(4 3.904185781e-17 -1.488621151e-16)
(4 1.990240274e-16 -1.331498213e-16)
(4 -5.603361066e-17 -1.396938691e-16)
(4 -6.218694222e-16 -1.209391769e-16)
(4 4.548935037e-16 -6.774240765e-17)
(4 -5.184694372e-16 3.100950093e-16)
(4 9.747446465e-16 9.788510561e-17)
(4 -1.205897778e-15 2.88249035e-16)
(4 2.142958147e-16 -1.007146094e-16)
(4 -3.411489174e-17 -6.049956498e-17)
(4 8.408737184e-16 -5.885154048e-17)
(4 -3.66303978e-16 2.662340732e-17)
(4 2.63781955e-16 1.725560924e-16)
(4 -2.395852958e-16 -1.125160867e-16)
(4 4.854059368e-16 2.386181209e-16)
(4 -6.952959396e-16 -2.535265208e-16)
(4 9.340786438e-16 -1.97482747e-17)
(4 -5.330315923e-16 -2.731269846e-16)
(4 4.996008215e-16 8.033514204e-18)
(4 -1.368407591e-16 8.65113257e-17)
(4 2.730424245e-16 -1.524030591e-16)
(4 -2.100003281e-16 2.443354023e-17)
(4 3.070583094e-17 1.410849513e-16)
(4 -1.171961877e-16 2.650525238e-16)
(4 -2.06737063e-16 -9.386905989e-17)
(4 5.11643249e-17 -4.465616176e-17)
(4 -1.303488303e-16 4.159541944e-17)
(4 2.97974558e-16 7.326162815e-17)
(4 6.775462853e-17 1.886171878e-16)
(4 -1.431495798e-16 2.33228765e-17)
(4 -1.024758523e-16 2.643196686e-16)
(4 -3.537578208e-16 -1.963786182e-16)
(4 9.118162785e-16 -1.564397436e-16)
(4 -8.463419724e-16 -5.305340496e-17)
(4 4.760534178e-16 -3.257361412e-17)
(4 -2.266037913e-16 3.382858622e-17)
(4 2.848845485e-16 1.03678791e-16)
(4 1.0121649e-14 5.720721167e-15)
(4 1.136769034e-13 5.689179434e-14)
(4 1.136342362e-12 5.451352595e-13)
(4 1.059463522e-11 4.892269413e-12)
(4 9.176656017e-11 4.056974622e-11)
(4.000000001 7.340165986e-10 3.091814742e-10)
(4.000000006 5.39180813e-09 2.151409478e-09)
(4.000000041 3.614020709e-08 1.356528919e-08)
(4.000000259 2.194576729e-07 7.687045055e-08)
(4.000001487 1.1987841e-06 3.885864646e-07)
(4.00000769 5.857046061e-06 1.74287061e-06)
(4.0000357 2.550425159e-05 6.915119432e-06)
(4.000148502 9.884650132e-05 2.425101738e-05)
(4.000553644 0.0003411544982 7.522530095e-05)
(4.001853098 0.001050481857 0.0002067312507)
(4.005583669 0.002893679585 0.0005043425501)
(4.015197728 0.00715355329 0.001094379454)
(4.037509921 0.01592514855 0.002115393385)
(4.084296259 0.0320360648 0.003644956733)
(4.173231262 0.05843472956 0.005594655479)
(4.326978034 0.09696490942 0.007626901054)
(4.569455627 0.1468404411 0.009170047683)
(4.919371825 0.2035519504 0.009577946428)
(5.382730015 0.2590292772 0.008395249126)
(5.947280996 0.3034229941 0.00560201786)
(6.581790684 0.3280169211 0.001692847579)
(7.241242219 0.3280638218 -0.00247374261)
(7.876495888 0.3042632031 -0.005988469608)
(8.44494895 0.262262919 -0.008208884314)
(8.918477042 0.2105449297 -0.008933129294)
(9.286421189 0.1577457314 -0.008375840276)
(9.553628525 0.1105156191 -0.006999273334)
(9.735329603 0.07253673847 -0.005306843122)
(9.851231703 0.04468330877 -0.003690990287)
(9.920702756 0.02587867793 -0.002372591141)
(9.959897111 0.0141149334 -0.001417333058)
(9.980744641 0.007262095224 -0.0007902475793)
(9.991215424 0.00353000425 -0.0004126954034)
(9.996188881 0.001623608732 -0.0002024747829)
(9.99842623 0.0007076575401 -9.356637033e-05)
(9.999380844 0.0002927011216 -4.082111333e-05)
(9.999767698 0.0001150511721 -1.684921803e-05)
(9.999916798 4.303401738e-05 -6.592393354e-06)
(9.999971524 1.533766427e-05 -2.449361301e-06)
(9.999990677 5.215422715e-06 -8.656386406e-07)
(9.999997078 1.694118922e-06 -2.914604716e-07)
(9.999999122 5.263185257e-07 -9.36333529e-08)
(9.999999747 1.565725739e-07 -2.874127614e-08)
(9.99999993 4.465218924e-08 -8.441007025e-09)
(9.999999981 1.222120697e-08 -2.374969416e-09)
(9.999999995 3.213659556e-09 -6.409684398e-10)
(9.999999999 8.127553092e-10 -1.661292553e-10)
(10 1.978935715e-10 -4.139881384e-11)
(10 4.643828697e-11 -9.930620346e-12)
(10 1.050833858e-11 -2.29462812e-12)
(10 2.298026286e-12 -5.114445087e-13)
(10 4.814392319e-13 -1.115404896e-13)
(10 9.401252159e-14 -2.039276779e-14)
(10 2.591464632e-14 -4.448167297e-15)
(10 9.272632542e-15 -2.920286501e-15)
(10 1.026250896e-15 2.810366585e-15)
)
;

boundaryField
{
    left
    {
        type            dirichlet;
        value           uniform (4 0 0);
    }
    right
    {
        type            dirichlet;
        value           uniform (4 0 0);
    }
    sides
    {
        type            empty;
    }
}


// ************************************************************************* //
