/*--------------------------------*- C++ -*----------------------------------*\
| =========                 |                                                 |
| \\      /  F ield         | foam-extend: Open Source CFD                    |
|  \\    /   O peration     | Version:     4.1                                |
|   \\  /    A nd           | Web:         http://www.foam-extend.org         |
|    \\/     M anipulation  |                                                 |
\*---------------------------------------------------------------------------*/
FoamFile
{
    version     2.0;
    format      ascii;
    class       cellScalarField;
    location    "32.8";
    object      T;
}
// * * * * * * * * * * * * * * * * * * * * * * * * * * * * * * * * * * * * * //

dimensions      [0 0 0 0 1 0 0];

internalField   nonuniform 
100
(
(4 -5.703630593e-17 1.624202108e-17)
(4 -8.649440167e-17 -1.027173623e-16)
(4 1.170409404e-16 -7.719810099e-17)
(4 1.205734389e-16 2.027813742e-17)
(4 -2.294534481e-16 -6.056822091e-17)
(4 -5.398429313e-16 7.671087077e-17)
(4 4.410656159e-16 -7.663972134e-17)
(4 -3.557113596e-16 1.344092828e-16)
(4 7.372840511e-16 1.066759784e-16)
(4 -1.110131586e-15 -8.544558173e-17)
(4 2.777308587e-16 -1.052951581e-16)
(4 -2.325598856e-16 -3.494925596e-17)
(4 8.819257955e-16 -3.239435256e-17)
(4 -5.712690885e-16 3.151601795e-16)
(4 2.281418364e-16 1.251506031e-16)
(4 -2.30878786e-16 1.133682231e-16)
(4 8.622212184e-17 2.609787848e-16)
(4 -4.774872029e-16 -4.239254573e-16)
(4 1.036262902e-15 -6.434984616e-17)
(4 -7.075774414e-16 -3.287087964e-17)
(4 6.009370335e-16 -1.825811257e-16)
(4 -5.495049799e-16 1.745761481e-17)
(4 9.485975576e-17 -2.864607946e-17)
(4 -7.018937217e-17 1.445138636e-16)
(4 -9.511857485e-17 -1.17230116e-16)
(4 9.571886703e-17 -1.279519916e-16)
(4 -9.606831112e-17 1.377799333e-17)
(4 3.517884464e-17 -1.753544333e-17)
(4 -4.637293772e-16 2.291501317e-16)
(4 1.744793743e-16 -1.339353692e-16)
(4 1.995395785e-16 -8.935474603e-17)
(4 -1.625152426e-17 4.362386267e-17)
(4 -1.127825635e-16 -1.120099423e-16)
(4 -4.161359497e-16 1.818295496e-16)
(4 6.478698663e-16 1.899529661e-16)
(4 -8.957506857e-16 -5.630886782e-17)
(4 5.364421174e-16 -4.339989503e-17)
(4 -4.980742567e-16 -1.185317864e-16)
(4 4.927053945e-16 -3.945477885e-17)
(4 3.398245317e-15 3.146677618e-15)
(4 5.326316567e-14 2.681138337e-14)
(4 5.393564755e-13 2.6160803e-13)
(4 5.123180404e-12 2.389604149e-12)
(4 4.525218545e-11 2.024462403e-11)
(4 3.698809978e-10 1.57922987e-10)
(4.000000003 2.782268249e-09 1.127558787e-09)
(4.000000021 1.914326791e-08 7.315966403e-09)
(4.000000139 1.196489077e-07 4.27910809e-08)
(4.000000824 6.744989319e-07 2.238944332e-07)
(4.000004397 3.408532551e-06 1.04167762e-06)
(4.000021093 1.53759637e-05 4.293698653e-06)
(4.000090758 6.17938585e-05 1.565730642e-05)
(4.000350152 0.0002212427719 5.052560497e-05)
(4.001212792 0.0007067204349 0.0001444805418)
(4.003780246 0.002019022115 0.0003668063604)
(4.010637453 0.005174415916 0.0008284306999)
(4.027122859 0.01193567998 0.001667249843)
(4.062913418 0.02486457498 0.002993047371)
(4.133313997 0.04693937471 0.004792345269)
(4.259183981 0.08056599407 0.006830555342)
(4.464376488 0.1261262285 0.008622039372)
(4.770287066 0.1806412165 0.009531473789)
(5.188562347 0.2373779426 0.009004501592)
(5.714514133 0.2869901707 0.006833102063)
(6.324288425 0.3200572367 0.003310203115)
(6.97772026 0.3300628404 -0.0008297925788)
(7.626439558 0.3154976184 -0.004669965533)
(8.22444987 0.2801560747 -0.007440568484)
(8.737408382 0.2315999572 -0.008758705615)
(9.147672859 0.1786080457 -0.0086823892)
(9.454224353 0.1287479781 -0.007591750924)
(9.668620481 0.0869111724 -0.005988812953)
(9.809221898 0.05504203632 -0.004318511023)
(9.895833999 0.03276094281 -0.002871185635)
(9.946035214 0.0183566834 -0.001770923481)
(9.973457457 0.009698763731 -0.001018114407)
(9.987596778 0.004839588676 -0.0005476431987)
(9.994488909 0.002284202646 -0.0002764901619)
(9.997669595 0.001021266301 -0.0001313800347)
(9.999061321 0.0004331583052 -5.889721657e-05)
(9.999639497 0.0001745277924 -2.496426512e-05)
(9.99986786 6.689330731e-05 -1.002449177e-05)
(9.999953728 2.442160458e-05 -3.820505341e-06)
(9.999984505 8.503479125e-06 -1.38431718e-06)
(9.999995033 2.827432269e-06 -4.776426929e-07)
(9.999998474 8.988521124e-07 -1.571742022e-07)
(9.99999955 2.735254535e-07 -4.939629455e-08)
(9.999999873 7.976634936e-08 -1.484695346e-08)
(9.999999965 2.23171936e-08 -4.273449885e-09)
(9.999999991 5.996936626e-09 -1.179406677e-09)
(9.999999998 1.549343249e-09 -3.12471355e-10)
(9.999999999 3.852497934e-10 -7.956715613e-11)
(10 9.229136315e-11 -1.949471755e-11)
(10 2.131657146e-11 -4.600385038e-12)
(10 4.753182357e-12 -1.046457589e-12)
(10 1.02267268e-12 -2.313164997e-13)
(10 2.088834641e-13 -4.920700638e-14)
(10 4.311913617e-14 -6.91596479e-15)
(10 1.328957154e-14 -1.739024e-15)
(10 3.603337365e-15 1.802391011e-15)
)
;

boundaryField
{
    left
    {
        type            dirichlet;
        value           uniform (4 0 0);
    }
    right
    {
        type            dirichlet;
        value           uniform (4 0 0);
    }
    sides
    {
        type            empty;
    }
}


// ************************************************************************* //
