/*--------------------------------*- C++ -*----------------------------------*\
| =========                 |                                                 |
| \\      /  F ield         | foam-extend: Open Source CFD                    |
|  \\    /   O peration     | Version:     4.1                                |
|   \\  /    A nd           | Web:         http://www.foam-extend.org         |
|    \\/     M anipulation  |                                                 |
\*---------------------------------------------------------------------------*/
FoamFile
{
    version     2.0;
    format      ascii;
    class       cellScalarField;
    location    "45.8";
    object      T;
}
// * * * * * * * * * * * * * * * * * * * * * * * * * * * * * * * * * * * * * //

dimensions      [0 0 0 0 1 0 0];

internalField   nonuniform 
100
(
(4 -5.703630593e-17 1.624202108e-17)
(4 -1.40271522e-16 -2.864092587e-17)
(4 8.33423212e-17 -1.245486779e-16)
(4 -1.33151262e-16 -4.491341175e-17)
(4 -9.447355503e-17 -1.272345843e-16)
(4 -3.165968171e-16 1.575986396e-16)
(4 3.558282265e-16 7.884806845e-17)
(4 -3.742751803e-16 -6.714665925e-17)
(4 7.049544401e-16 -8.052980949e-18)
(4 -1.367036214e-15 1.641587322e-16)
(4 -5.569442003e-17 -3.220712706e-17)
(4 3.922075815e-16 2.189284491e-18)
(4 3.502345887e-16 -1.923769058e-17)
(4 -1.363366227e-16 2.303303897e-17)
(4 -3.902771089e-17 -5.343778961e-17)
(4 -1.000432677e-16 -1.823016399e-17)
(4 -1.698076845e-16 -6.066474814e-17)
(4 1.064953862e-16 9.745549362e-17)
(4 -1.457950032e-17 -6.535218177e-17)
(4 -9.998927425e-17 1.011603287e-16)
(4 2.916201085e-16 2.241085876e-16)
(4 -5.494655412e-16 2.409127342e-16)
(4 1.488383243e-16 -1.248187566e-16)
(4 3.112111377e-17 -1.370153226e-16)
(4 6.498891e-17 2.586554838e-16)
(4 6.235996816e-17 1.143890521e-16)
(4 6.152881942e-17 -1.653063947e-16)
(4 -5.227084998e-17 1.82411633e-16)
(4 -4.829544927e-16 1.796363555e-16)
(4 4.481416517e-16 3.629095642e-17)
(4 -2.089968122e-16 2.201639439e-16)
(4 8.50326159e-18 9.140307248e-17)
(4 -6.337899359e-17 -1.378354778e-17)
(4 -5.786482028e-16 3.140599092e-16)
(4 5.711210259e-16 -1.241962952e-16)
(4 -4.871582561e-16 6.90416577e-17)
(4 9.630987117e-16 -8.374285837e-17)
(4 -8.859292846e-16 -5.972205221e-17)
(4 5.518910644e-16 -1.401168253e-16)
(4 1.482211718e-16 -1.741565354e-16)
(4 -7.015860755e-17 3.043311069e-16)
(4 -4.180323835e-17 8.366093464e-17)
(4 -1.750514545e-16 -8.616035418e-18)
(4 -9.392331767e-17 -1.704786252e-19)
(4 -3.635465307e-16 2.347223337e-16)
(4 8.494352694e-16 -3.231448096e-17)
(4 -9.653923486e-16 -2.741214721e-16)
(4 9.287779476e-16 -2.5765895e-17)
(4 -1.08675886e-15 -7.799706897e-17)
(4 5.842579555e-16 -2.061765538e-16)
(4 1.261264259e-16 -5.342310729e-17)
(4 2.442195564e-19 -2.902683938e-17)
(4 4.819924608e-18 1.602706743e-16)
(4 -3.693884619e-17 2.527751149e-16)
(4 -3.613968669e-17 1.691472094e-16)
(4 -4.164681811e-17 -1.432224696e-16)
(4 8.724750953e-17 5.317749549e-17)
(4 -2.078791596e-16 5.92678198e-17)
(4 2.467057665e-17 8.57305339e-17)
(4 2.553776901e-16 2.256671261e-16)
(4 2.329294248e-15 1.01199574e-15)
(4 1.992545269e-14 9.688560688e-15)
(4 1.78838663e-13 7.515474834e-14)
(4 1.319053605e-12 5.324477554e-13)
(4 9.117472995e-12 3.532524171e-12)
(4 5.899226209e-11 2.1865633e-11)
(4 3.559384678e-10 1.257495015e-10)
(4.000000002 1.996573438e-09 6.696999653e-10)
(4.000000013 1.038195243e-08 3.293142287e-09)
(4.000000066 4.99251979e-08 1.491684962e-08)
(4.000000308 2.216352949e-07 6.213805277e-08)
(4.000001323 9.07325074e-07 2.378118976e-07)
(4.000005259 3.423780852e-06 8.359146188e-07)
(4.00001934 1.191070876e-05 2.699146975e-06)
(4.000065839 3.822414296e-05 8.010912797e-06)
(4.000207693 0.0001132788878 2.187250001e-05)
(4.00060795 0.000310407659 5.499347928e-05)
(4.001653935 0.0007876449211 0.0001274608101)
(4.004189399 0.001853688396 0.0002726040773)
(4.009899244 0.004052967063 0.0005384666137)
(4.021864863 0.008246556647 0.0009829676796)
(4.045237225 0.01564111235 0.001658865015)
(4.087859263 0.02770006521 0.002587613718)
(4.160541086 0.04587961379 0.003727501555)
(4.276620987 0.07118253522 0.004948846272)
(4.45051663 0.1036119901 0.006032927881)
(4.69523206 0.1417019258 0.006706944136)
(5.019194446 0.1823454279 0.006713536778)
(5.423199736 0.221090336 0.005895412608)
(5.898443906 0.2529190236 0.004262979677)
(6.42645364 0.2733321525 0.002014470888)
(6.981208855 0.2794077991 -0.0005046955887)
(7.533052292 0.2704876512 -0.00289126528)
(8.053394154 0.2482689857 -0.004789700334)
(8.518987799 0.2162977765 -0.005976158878)
(8.914757251 0.1790643259 -0.006394759495)
(9.23468466 0.1410105952 -0.006141301519)
(9.480878908 0.1057364015 -0.005409458638)
(9.661410021 0.07557165086 -0.004424370118)
(9.787677708 0.05153166807 -0.003386551329)
)
;

boundaryField
{
    left
    {
        type            dirichlet;
        value           uniform (4 0 0);
    }
    right
    {
        type            dirichlet;
        value           uniform (4 0 0);
    }
    sides
    {
        type            empty;
    }
}


// ************************************************************************* //
