/*--------------------------------*- C++ -*----------------------------------*\
| =========                 |                                                 |
| \\      /  F ield         | foam-extend: Open Source CFD                    |
|  \\    /   O peration     | Version:     4.1                                |
|   \\  /    A nd           | Web:         http://www.foam-extend.org         |
|    \\/     M anipulation  |                                                 |
\*---------------------------------------------------------------------------*/
FoamFile
{
    version     2.0;
    format      ascii;
    class       cellScalarField;
    location    "40.6";
    object      T;
}
// * * * * * * * * * * * * * * * * * * * * * * * * * * * * * * * * * * * * * //

dimensions      [0 0 0 0 1 0 0];

internalField   nonuniform 
100
(
(4 -5.703630593e-17 1.624202108e-17)
(4 -1.046480077e-16 3.324820143e-16)
(4 -1.316425726e-16 2.543969472e-17)
(4 -2.096029072e-16 -1.342959216e-16)
(4 -1.09362129e-16 2.129406973e-16)
(4 -2.004955989e-16 1.400104e-16)
(4 1.487689464e-16 2.040264553e-16)
(4 -4.57428552e-16 5.640162381e-17)
(4 8.873501203e-16 1.342279096e-16)
(4 -1.433131267e-15 -7.114436841e-17)
(4 3.669238683e-16 1.702708368e-16)
(4 -5.193390896e-16 -1.460905957e-16)
(4 1.392549432e-15 -1.79184529e-16)
(4 -3.267165103e-16 -1.3743306e-16)
(4 2.367821823e-16 5.939231975e-17)
(4 -7.008329449e-16 1.424108324e-19)
(4 5.774604959e-16 -7.419608325e-17)
(4 -1.932933856e-16 8.835259207e-17)
(4 -7.402413917e-17 -1.364138196e-16)
(4 -3.212479664e-17 3.253917356e-17)
(4 -1.369024287e-16 -1.269178969e-16)
(4 1.770420021e-16 -2.111185453e-16)
(4 -1.435357894e-16 -7.569895013e-18)
(4 8.94247959e-17 2.255727777e-16)
(4 -1.493130052e-16 1.030419694e-16)
(4 2.366202729e-16 -5.272843522e-17)
(4 5.721509947e-17 1.015091576e-16)
(4 -1.851630164e-16 1.202904736e-16)
(4 -2.555797052e-16 2.604706933e-16)
(4 5.623552415e-17 -1.048617813e-16)
(4 4.53737002e-16 1.104885627e-16)
(4 7.585092255e-17 -9.710662248e-17)
(4 -7.535360362e-18 3.670903132e-17)
(4 -4.898193467e-16 -7.636797623e-17)
(4 7.492191778e-16 2.108723093e-16)
(4 -9.022411553e-16 5.483325667e-18)
(4 1.373019127e-15 6.524592765e-17)
(4 -1.111929375e-15 -5.883979423e-17)
(4 1.020985294e-15 -1.614073524e-17)
(4 -7.166553837e-16 -1.455785009e-17)
(4 7.164873343e-16 1.868121098e-16)
(4 -9.30818578e-16 -9.955205581e-18)
(4 6.69291086e-16 -3.865567248e-17)
(4 -4.323211318e-16 1.858452812e-16)
(4 -6.244740756e-16 -7.417519006e-17)
(4 8.670947274e-16 9.333924389e-17)
(4 -8.525032882e-16 1.431935288e-16)
(4 8.826369305e-16 4.638932653e-17)
(4 -9.62386191e-16 2.454178119e-16)
(4 4.736137529e-16 -2.436031604e-17)
(4 -1.417367172e-16 3.098792359e-16)
(4 1.203860318e-15 6.405333002e-16)
(4 8.363101994e-15 3.787862202e-15)
(4 8.514486525e-14 3.917847217e-14)
(4 7.222720954e-13 3.149587671e-13)
(4 5.663056087e-12 2.368937907e-12)
(4 4.141712166e-11 1.658897799e-11)
(4 2.817340065e-10 1.07616167e-10)
(4.000000002 1.774838385e-09 6.436031071e-10)
(4.000000012 1.031142669e-08 3.532048531e-09)
(4.000000069 5.502926865e-08 1.7713951e-08)
(4.000000354 2.688675383e-07 8.092151544e-08)
(4.00000166 1.199799891e-06 3.3597801e-07)
(4.000007136 4.883267433e-06 1.266357048e-06)
(4.000028098 1.812076231e-05 4.332111679e-06)
(4.000101349 6.133407585e-05 1.345697554e-05)
(4.00033524 0.0001895666899 3.799391861e-05)
(4.001018532 0.0005358378678 9.761852336e-05)
(4.002848017 0.00138779609 0.0002285467085)
(4.007345948 0.003300113947 0.0004881887317)
(4.017521175 0.007220621607 0.0009524113334)
(4.038745458 0.01456825098 0.00169816294)
(4.079651995 0.0271623133 0.002767577204)
(4.152652337 0.04690013841 0.004119653478)
(4.273520148 0.07514941395 0.005589292989)
(4.459559541 0.1119663365 0.006882154734)
(4.726265917 0.1554154448 0.007627381775)
(5.083038441 0.2013481982 0.007485697417)
(5.529150219 0.2439036084 0.006277775988)
(6.051456375 0.2767226499 0.004076989986)
(6.624967567 0.2945348977 0.001218231472)
(7.216492029 0.2945615183 -0.001789516642)
(7.790437319 0.2772157063 -0.004413804618)
(8.315080337 0.2458629111 -0.006250699126)
(8.767518074 0.2057829596 -0.007119662637)
(9.136105011 0.1627621561 -0.007073917228)
(9.420140167 0.1218124213 -0.00633791085)
(9.627441286 0.08637174789 -0.005209708914)
(9.77091015 0.05809307204 -0.003969870162)
(9.865175714 0.03710767639 -0.002823878013)
(9.924044582 0.02253663361 -0.001884472215)
(9.95902614 0.01302821799 -0.001184301383)
(9.978826987 0.007176671787 -0.0007030504028)
(9.989514515 0.003771047494 -0.000395239497)
(9.995020887 0.001892119458 -0.0002108737399)
(9.997731598 0.0009074405081 -0.0001069780973)
(9.999007902 0.0004163853647 -5.169055833e-05)
(9.999583199 0.0001829762587 -2.382522363e-05)
(9.999831685 7.70762293e-05 -1.049018879e-05)
(9.999934623 3.115068227e-05 -4.417914429e-06)
)
;

boundaryField
{
    left
    {
        type            dirichlet;
        value           uniform (4 0 0);
    }
    right
    {
        type            dirichlet;
        value           uniform (4 0 0);
    }
    sides
    {
        type            empty;
    }
}


// ************************************************************************* //
