/*--------------------------------*- C++ -*----------------------------------*\
| =========                 |                                                 |
| \\      /  F ield         | foam-extend: Open Source CFD                    |
|  \\    /   O peration     | Version:     4.1                                |
|   \\  /    A nd           | Web:         http://www.foam-extend.org         |
|    \\/     M anipulation  |                                                 |
\*---------------------------------------------------------------------------*/
FoamFile
{
    version     2.0;
    format      ascii;
    class       cellScalarField;
    location    "2.2";
    object      T;
}
// * * * * * * * * * * * * * * * * * * * * * * * * * * * * * * * * * * * * * //

dimensions      [0 0 0 0 1 0 0];

internalField   nonuniform 
100
(
(4.000149253 0.0002789959169 4.745020186e-05)
(4.000129087 -0.002005600519 0.002247962381)
(4.089344751 0.1490427771 0.08814422318)
(5.090456053 0.9165434748 0.1266945928)
(7.381513711 1.20557584 -0.07413432328)
(9.204433026 0.5752244724 -0.103077165)
(9.854167101 0.1339021647 -0.03354261374)
(9.981706925 0.01924814315 -0.005667305876)
(9.998248035 0.00200925622 -0.0006503120094)
(9.99986204 0.0001678865707 -5.784752518e-05)
(9.99999062 1.192206142e-05 -4.296379586e-06)
(9.999999431 7.480254877e-07 -2.788905316e-07)
(9.999999968 4.258042419e-08 -1.630734211e-08)
(9.999999998 2.240792512e-09 -8.771268069e-10)
(10 1.105324328e-10 -4.406232086e-11)
(10 5.16459873e-12 -2.090895682e-12)
(10 2.31231021e-13 -9.389023591e-14)
(10 9.052752672e-15 -4.199189195e-15)
(10 -2.438765142e-17 -2.886975893e-16)
(10 1.067503652e-15 7.633582881e-16)
(10 -1.399532034e-15 1.27256493e-16)
(10 1.71026529e-15 -4.861225184e-17)
(10 -1.237409881e-16 1.57647645e-16)
(10 -1.848655718e-16 -2.209955807e-17)
(10 3.687262484e-16 3.227679031e-16)
(10 -4.578598571e-16 -7.776865248e-17)
(10 2.619771372e-16 2.943641934e-17)
(10 -1.365827814e-16 -1.744431796e-17)
(10 2.188365709e-16 -5.564608852e-16)
(10 1.000862126e-15 -5.078880226e-16)
(10 -1.354184949e-16 7.673887694e-17)
(10 -4.236895993e-18 2.40096185e-18)
(10 -1.325615653e-19 7.511991364e-20)
(10 -4.147510017e-21 2.350308654e-21)
(10 -1.297649076e-22 7.353510513e-23)
(10 -4.060009755e-24 2.30072405e-24)
(10 -1.270272475e-25 7.198372922e-26)
(10 -3.974355321e-27 2.252185436e-27)
(10 -1.243473369e-28 7.046507872e-29)
(10 -3.890507671e-30 2.204670685e-30)
(10 -1.217239538e-31 6.89784609e-32)
(10 -3.808428492e-33 2.158158072e-33)
(10 -1.191558933e-34 6.752319222e-35)
(10 -3.728079704e-36 2.11262598e-36)
(10 -1.166419435e-37 6.609858396e-38)
(10 -3.649422394e-39 2.068052267e-39)
(10 -1.141808421e-40 6.470391717e-41)
(10 -3.572415199e-42 2.024413354e-42)
(10 -1.117712222e-43 6.333841225e-44)
(10 -3.49701274e-45 1.981683367e-45)
(10 -1.094115801e-46 6.20012129e-47)
(10 -3.423165737e-48 1.939834325e-48)
(10 -1.071003406e-49 6.069142947e-50)
(10 -3.350826157e-51 1.898839342e-51)
(10 -1.048361622e-52 5.940832396e-53)
(10 -3.279963046e-54 1.858682117e-54)
(10 -1.026186962e-55 5.815176124e-56)
(10 -3.21059694e-57 1.81937723e-57)
(10 -1.004500759e-58 5.692308241e-59)
(10 -3.142861827e-60 1.781006329e-60)
(10 -9.833740899e-62 5.572655454e-62)
(10 -3.077102357e-63 1.743774441e-63)
(10 -9.629645868e-65 5.457149534e-65)
(10 -3.014009329e-66 1.708087921e-66)
(10 -9.435649426e-68 5.347505438e-68)
(10 -2.954788548e-69 1.67465093e-69)
(10 -9.256599948e-71 5.246546317e-71)
(10 -2.901347845e-72 1.644571515e-72)
(10 -9.099858922e-74 5.158537648e-74)
(10 -2.856476679e-75 1.619462495e-75)
(10 -8.97581837e-77 5.089475842e-77)
(10 -2.823984721e-78 1.601517957e-78)
(10 -8.898230509e-80 5.047266826e-80)
(10 -2.808762671e-81 1.593544583e-81)
(10 -8.884236037e-83 5.041730625e-83)
(10 -2.816731934e-84 1.598929118e-84)
(10 -8.953998775e-86 5.084380745e-86)
(10 -2.854659777e-87 1.621529179e-87)
(10 -9.129895769e-89 5.18795111e-89)
(10 -2.929832301e-90 1.665483601e-90)
(10 -9.435267716e-92 5.365675164e-92)
(10 -3.049596437e-93 1.734949287e-93)
(10 -9.892796025e-95 5.630356559e-95)
(10 -3.220801327e-96 1.833782296e-96)
(10 -1.052262986e-97 5.993302848e-98)
(10 -3.449185678e-99 1.965189971e-99)
(10 -1.134042998e-100 6.46321767e-101)
(10 -3.738768358e-102 2.131386763e-102)
(10 -1.235551926e-103 7.045159266e-104)
(10 -4.091303126e-105 2.333288208e-105)
(10 -1.356932881e-106 7.739671961e-107)
(10 -4.505854291e-108 2.570275004e-108)
(10 -1.49743046e-109 8.542182919e-110)
(10 -4.978539197e-111 2.840052754e-111)
(10 -1.655339589e-112 9.442731303e-113)
(10 -5.502467286e-114 3.138623682e-114)
(10 -1.828018982e-115 1.042606456e-115)
(10 -6.067886382e-117 3.460375778e-117)
(10 -2.011969482e-118 1.14721014e-118)
(10 -5.581053942e-16 3.316225288e-15)
)
;

boundaryField
{
    left
    {
        type            dirichlet;
        value           uniform (4 0 0);
    }
    right
    {
        type            dirichlet;
        value           uniform (4 0 0);
    }
    sides
    {
        type            empty;
    }
}


// ************************************************************************* //
