/*--------------------------------*- C++ -*----------------------------------*\
| =========                 |                                                 |
| \\      /  F ield         | foam-extend: Open Source CFD                    |
|  \\    /   O peration     | Version:     4.1                                |
|   \\  /    A nd           | Web:         http://www.foam-extend.org         |
|    \\/     M anipulation  |                                                 |
\*---------------------------------------------------------------------------*/
FoamFile
{
    version     2.0;
    format      ascii;
    class       cellScalarField;
    location    "37.3";
    object      T;
}
// * * * * * * * * * * * * * * * * * * * * * * * * * * * * * * * * * * * * * //

dimensions      [0 0 0 0 1 0 0];

internalField   nonuniform 
100
(
(4 -5.703630593e-17 1.624202108e-17)
(4 -5.781365833e-17 2.126372578e-16)
(4 -5.438105712e-17 3.543966731e-16)
(4 -1.87042004e-16 9.652433833e-17)
(4 -1.619239488e-16 1.341039405e-16)
(4 -5.970539403e-16 2.881285453e-16)
(4 3.618712857e-16 -3.191536672e-17)
(4 -5.362416386e-16 8.152008646e-17)
(4 9.980128239e-16 -2.216661834e-16)
(4 -1.360601543e-15 -1.146711112e-16)
(4 4.235765628e-16 1.341488301e-16)
(4 -6.028094666e-16 1.608443165e-16)
(4 1.344914436e-15 -1.535138034e-16)
(4 -5.916071363e-16 -1.50108889e-17)
(4 3.106602186e-16 8.483024426e-17)
(4 -2.139764999e-16 6.15141499e-17)
(4 3.717480081e-16 9.285897228e-17)
(4 -2.970771128e-16 -2.244080436e-16)
(4 6.467020594e-16 6.293852421e-17)
(4 -7.607851188e-16 -2.062902532e-16)
(4 8.747698554e-16 -5.495143706e-17)
(4 -6.511855988e-16 1.235752991e-16)
(4 4.675711408e-16 -1.019711616e-16)
(4 4.685930529e-17 -1.865326711e-16)
(4 7.375730796e-17 -8.491619116e-17)
(4 -9.466904327e-17 -1.096350371e-17)
(4 1.930392701e-16 2.122134543e-16)
(4 -4.992585962e-16 -3.802877742e-16)
(4 4.427063678e-16 3.712290634e-17)
(4 -2.821726065e-16 -9.763333916e-17)
(4 7.897567665e-16 -1.296636984e-16)
(4 -9.141430007e-16 -1.400859929e-16)
(4 8.228001393e-16 1.478286523e-17)
(4 -1.398785454e-15 1.869584155e-16)
(4 1.488170766e-15 -2.337695597e-16)
(4 -1.076057556e-15 -2.057571446e-17)
(4 5.506736481e-16 -3.351018256e-17)
(4 -2.260409241e-16 1.66683497e-16)
(4 1.670223031e-16 1.656440795e-16)
(4 5.941453688e-17 1.011874982e-16)
(4 -1.949606665e-16 -7.474447597e-17)
(4 -1.192294197e-16 1.487518721e-17)
(4 -2.52200183e-16 2.388760739e-16)
(4 -1.1665597e-16 -8.781782153e-17)
(4 -2.160683503e-16 -2.467122417e-17)
(4 7.669132727e-16 9.45096668e-17)
(4 -1.65774493e-16 1.551951404e-15)
(4 2.453956989e-14 1.155362693e-14)
(4 2.2817279e-13 1.055860742e-13)
(4 2.000039913e-12 8.909884377e-13)
(4 1.630239613e-11 6.974754253e-12)
(4 1.236771155e-10 5.058649827e-11)
(4.000000001 8.686546028e-10 3.38046603e-10)
(4.000000006 5.620308143e-09 2.069744563e-09)
(4.00000004 3.332502668e-08 1.154425943e-08)
(4.000000225 1.801860143e-07 5.83535151e-08)
(4.00000116 8.847315381e-07 2.662334037e-07)
(4.000005448 3.933576182e-06 1.093520096e-06)
(4.000023261 1.581255817e-05 4.038765328e-06)
(4.000090238 5.745999426e-05 1.341286073e-05)
(4.000318285 0.000188902313 4.008648423e-05)
(4.001022329 0.0005627348091 0.0001079566064)
(4.002996767 0.001522193058 0.0002623866401)
(4.008037646 0.003747757221 0.0005764133572)
(4.019781991 0.008420027068 0.001145998814)
(4.044813815 0.01730711678 0.002063736626)
(4.093745062 0.03263091528 0.003366608795)
(4.181684826 0.05657545881 0.004970030856)
(4.327343895 0.09042495221 0.006621053349)
(4.550216265 0.1335479563 0.007912481635)
(4.865946436 0.182667046 0.008381722519)
(5.280950056 0.2318995864 0.007674200434)
(5.788126232 0.2738154442 0.005704699519)
(6.365548922 0.3012977352 0.00273443433)
(6.979137498 0.3095551967 -0.0006853066157)
(7.588807888 0.2974910811 -0.003885892664)
(8.156223395 0.2678922302 -0.006294233117)
(8.651695789 0.2264243014 -0.007593584035)
(9.058275776 0.1799124043 -0.007773751547)
(9.372291316 0.1346005328 -0.007070554124)
(9.600894005 0.09495732351 -0.005841707677)
(9.75798846 0.06326045217 -0.004440469314)
(9.86003385 0.03985324455 -0.003131183411)
(9.922776588 0.02377435768 -0.002060209509)
(9.959339243 0.01344732101 -0.001270416439)
(9.979558542 0.00722097649 -0.0007367601046)
(9.990182412 0.003685740411 -0.0004029959057)
(9.995492566 0.001790369882 -0.0002084175365)
(9.998020379 0.0008286219228 -0.0001021309604)
(9.999167707 0.0003658126607 -4.751163161e-05)
(9.999664775 0.0001542161811 -2.101909575e-05)
(9.999870552 6.214956243e-05 -8.857075912e-06)
(9.999952039 2.396842055e-05 -3.560162832e-06)
(9.999982937 8.854804302e-06 -1.366948782e-06)
(9.999994166 3.136828871e-06 -5.019986566e-07)
(9.999998082 1.066592526e-06 -1.765452897e-07)
(9.999999393 3.484298846e-07 -5.952816201e-08)
(9.999999815 1.094573018e-07 -1.926585449e-08)
(9.999999946 3.309635458e-08 -5.991282669e-09)
(9.999999985 9.640635828e-09 -1.792106143e-09)
)
;

boundaryField
{
    left
    {
        type            dirichlet;
        value           uniform (4 0 0);
    }
    right
    {
        type            dirichlet;
        value           uniform (4 0 0);
    }
    sides
    {
        type            empty;
    }
}


// ************************************************************************* //
