/*--------------------------------*- C++ -*----------------------------------*\
| =========                 |                                                 |
| \\      /  F ield         | foam-extend: Open Source CFD                    |
|  \\    /   O peration     | Version:     4.1                                |
|   \\  /    A nd           | Web:         http://www.foam-extend.org         |
|    \\/     M anipulation  |                                                 |
\*---------------------------------------------------------------------------*/
FoamFile
{
    version     2.0;
    format      ascii;
    class       cellScalarField;
    location    "20.3";
    object      T;
}
// * * * * * * * * * * * * * * * * * * * * * * * * * * * * * * * * * * * * * //

dimensions      [0 0 0 0 1 0 0];

internalField   nonuniform 
100
(
(4 -5.703630593e-17 1.624202108e-17)
(4 2.018005297e-18 -1.055946226e-18)
(4 -1.708033195e-16 -6.084453698e-18)
(4 -1.047683522e-16 -9.537418498e-17)
(4 1.441975652e-16 -7.698022046e-17)
(4 -3.195527294e-16 1.821595582e-16)
(4 2.868360292e-16 8.760078631e-17)
(4 -4.643497289e-16 3.490858924e-16)
(4 7.973160302e-16 -5.296353002e-18)
(4 -1.438341754e-15 -2.845428302e-17)
(4 8.21025352e-17 -1.814955157e-16)
(4 1.056137003e-15 9.625283869e-17)
(4 -2.482816083e-16 -9.543684178e-17)
(4 -1.526909504e-16 9.725853332e-17)
(4 3.587125872e-16 1.376528131e-16)
(4 -3.937084226e-17 -7.672266577e-17)
(4 2.583495171e-17 -1.987134143e-17)
(4 1.436481812e-15 4.597762887e-16)
(4 3.293703285e-16 -3.495839904e-16)
(4 2.289456242e-15 1.442219547e-15)
(4 3.439921572e-14 2.252224731e-14)
(4 5.636825422e-13 3.34875088e-13)
(4 8.171511042e-12 4.659145265e-12)
(4 1.067602811e-10 5.818412246e-11)
(4.000000001 1.273543521e-09 6.668162559e-10)
(4.000000013 1.38305755e-08 6.854339276e-09)
(4.000000132 1.340331143e-07 6.239277785e-08)
(4.000001183 1.154483594e-06 5.019894114e-07)
(4.000009391 8.747182227e-06 3.486331193e-06)
(4.000064866 5.674400599e-05 2.019195158e-05)
(4.00038121 0.0003071579737 9.533009358e-05)
(4.001879707 0.001370273428 0.0003642305753)
(4.007753408 0.005035750971 0.001128593429)
(4.026878556 0.01534094385 0.002851700775)
(4.079001535 0.03909251372 0.005905814413)
(4.198963101 0.08413972264 0.01004374015)
(4.43421699 0.1544060439 0.01396150669)
(4.830692333 0.2437221882 0.01556998287)
(5.409474234 0.3335722709 0.01316274214)
(6.146682009 0.3987886731 0.006736707903)
(6.971463294 0.419252582 -0.001690122668)
(7.786972223 0.3900082811 -0.009162215599)
(8.503653285 0.3228629623 -0.01344448016)
(9.066413398 0.23911963 -0.0140139392)
(9.463206693 0.1592285073 -0.01186192977)
(9.715591516 0.09577695262 -0.008562930061)
(9.861044209 0.05226950393 -0.00540538897)
(9.937312275 0.02598934821 -0.003030212962)
(9.973841541 0.01182020634 -0.001524923616)
(9.989883298 0.004936048143 -0.0006945840121)
(9.996365744 0.00189944196 -0.0002882693215)
(9.998784533 0.0006758705942 -0.0001096273919)
(9.999620642 0.0002231133831 -3.839064817e-05)
(9.999889243 6.854635006e-05 -1.243444551e-05)
(9.999969679 1.965861652e-05 -3.739843028e-06)
(9.999992198 5.278228462e-06 -1.048322555e-06)
(9.999998109 1.330430497e-06 -2.748027619e-07)
(9.999999567 3.156562339e-07 -6.7577242e-08)
(9.999999906 7.06729209e-08 -1.563554262e-08)
(9.999999981 1.496776947e-08 -3.413182836e-09)
(9.999999996 3.005575902e-09 -7.048057158e-10)
(9.999999999 5.734822809e-10 -1.380085044e-10)
(10 1.041982034e-10 -2.568663939e-11)
(10 1.806020277e-11 -4.553027356e-12)
(10 2.993143772e-12 -7.707422442e-13)
(10 4.678988587e-13 -1.240935547e-13)
(10 7.142061619e-14 -1.91476889e-14)
(10 1.360238905e-14 -3.823545483e-15)
(10 1.206694908e-15 -1.15020242e-15)
(10 2.233590353e-16 -4.149860983e-16)
(10 2.309041002e-16 6.103750408e-17)
(10 -2.280035144e-16 1.747766815e-16)
(10 -2.542008198e-16 1.991581822e-16)
(10 -4.65218276e-16 1.385505936e-16)
(10 6.075787897e-17 6.584034233e-17)
(10 8.519423784e-17 5.616801624e-16)
(10 -2.151491345e-16 -2.198663712e-16)
(10 1.860221733e-16 -3.752822042e-16)
(10 2.591816793e-16 2.073184752e-16)
(10 2.913226875e-16 -8.360729061e-17)
(10 -1.38581779e-16 -7.196393941e-16)
(10 8.753225956e-17 -2.634199364e-16)
(10 3.467438178e-16 3.778661424e-17)
(10 -2.383760107e-16 5.235658989e-16)
(10 -5.038072115e-16 1.066485426e-16)
(10 9.840128112e-17 -1.64681026e-16)
(10 -1.367198296e-16 -2.982491229e-16)
(10 9.286739553e-17 4.167711976e-16)
(10 -2.970199853e-16 -3.456006151e-16)
(10 -1.799220362e-16 1.590710692e-16)
(10 2.638728321e-16 4.664157751e-16)
(10 -1.34097701e-16 3.040650002e-16)
(10 5.204825988e-17 6.60683921e-18)
(10 3.895491022e-16 3.265842462e-16)
(10 6.410367126e-17 7.112087777e-16)
(10 -1.542197313e-17 2.432765807e-17)
(10 -1.833015878e-16 -1.884799972e-16)
(10 -1.783922109e-16 3.018964696e-16)
(10 3.16707055e-16 -2.812572785e-16)
(10 -7.223305469e-16 2.572526709e-15)
)
;

boundaryField
{
    left
    {
        type            dirichlet;
        value           uniform (4 0 0);
    }
    right
    {
        type            dirichlet;
        value           uniform (4 0 0);
    }
    sides
    {
        type            empty;
    }
}


// ************************************************************************* //
