/*--------------------------------*- C++ -*----------------------------------*\
| =========                 |                                                 |
| \\      /  F ield         | foam-extend: Open Source CFD                    |
|  \\    /   O peration     | Version:     4.1                                |
|   \\  /    A nd           | Web:         http://www.foam-extend.org         |
|    \\/     M anipulation  |                                                 |
\*---------------------------------------------------------------------------*/
FoamFile
{
    version     2.0;
    format      ascii;
    class       cellScalarField;
    location    "43.2";
    object      T;
}
// * * * * * * * * * * * * * * * * * * * * * * * * * * * * * * * * * * * * * //

dimensions      [0 0 0 0 1 0 0];

internalField   nonuniform 
100
(
(4 -5.703630593e-17 1.624202108e-17)
(4 1.534945126e-19 8.093136166e-17)
(4 -3.004203461e-17 -1.136062506e-16)
(4 -1.728236551e-16 -1.35010741e-16)
(4 2.926257529e-17 -4.738501139e-18)
(4 -4.803699895e-16 1.798382753e-16)
(4 2.243495659e-16 1.375765177e-16)
(4 -3.163345966e-16 1.565155833e-16)
(4 7.557538136e-16 -8.304600581e-17)
(4 -1.400108308e-15 1.261973322e-16)
(4 -5.542376026e-17 -5.508745177e-17)
(4 4.981219614e-16 -8.947629706e-17)
(4 7.778218697e-16 -4.464913516e-18)
(4 -4.22118792e-16 1.943455041e-16)
(4 7.479628826e-17 1.271298997e-16)
(4 4.643338362e-17 2.377417301e-17)
(4 -1.139629651e-16 7.487273695e-17)
(4 1.942652205e-16 -1.750174736e-16)
(4 -1.303315154e-16 1.75702633e-16)
(4 -1.417295153e-16 -9.116964095e-17)
(4 7.384082949e-17 1.511667643e-16)
(4 -1.744528253e-16 -6.410114772e-17)
(4 1.740964368e-17 -7.664356144e-17)
(4 2.678378088e-17 1.143245243e-16)
(4 -1.03820448e-16 -5.52752618e-17)
(4 -6.793678337e-18 -9.936135514e-17)
(4 2.537506101e-16 3.050985799e-16)
(4 -8.656591059e-16 8.213789386e-17)
(4 2.590290621e-16 -2.933368138e-16)
(4 8.427383761e-17 5.33247301e-17)
(4 3.884283114e-16 -2.081695479e-16)
(4 8.0117073e-18 -1.047987321e-16)
(4 -2.690628651e-17 5.093458781e-18)
(4 -4.621633863e-16 -2.038772317e-16)
(4 3.411084297e-16 5.486296043e-17)
(4 -4.053747111e-16 1.303120571e-16)
(4 8.708004722e-16 -7.834553563e-17)
(4 -9.392943434e-16 1.208866659e-16)
(4 6.472418243e-16 -8.425884725e-17)
(4 -2.965180073e-16 -5.064458357e-17)
(4 6.902237731e-17 -8.731818061e-17)
(4 1.051994341e-16 -1.001733813e-16)
(4 -1.744057146e-17 -1.043192507e-16)
(4 -9.152986031e-17 4.670876351e-17)
(4 -4.249523002e-16 1.632490285e-16)
(4 8.748343298e-16 6.166751776e-17)
(4 -7.031495411e-16 2.010505464e-16)
(4 6.218421668e-16 -9.718375439e-18)
(4 -8.058371794e-16 -1.637144137e-17)
(4 3.608289226e-16 7.55142168e-17)
(4 5.111000278e-17 2.185643077e-16)
(4 -3.845524921e-16 -1.381655239e-16)
(4 9.081287055e-16 1.187334974e-16)
(4 -1.013366094e-15 -8.194722299e-17)
(4 8.934033666e-16 -7.346112584e-17)
(4 -3.395735868e-16 5.168169941e-16)
(4 5.066763386e-15 1.867543225e-15)
(4 4.265737453e-14 2.03092934e-14)
(4 3.620898266e-13 1.537215516e-13)
(4 2.747976571e-12 1.128144104e-12)
(4 1.9512464e-11 7.680890818e-12)
(4 1.292741388e-10 4.860620434e-11)
(4.000000001 7.96032714e-10 2.847213827e-10)
(4.000000006 4.539552084e-09 1.537814083e-09)
(4.00000003 2.389468877e-08 7.631986603e-09)
(4.000000153 1.157656031e-07 3.470766472e-08)
(4.000000714 5.151773083e-07 1.443568367e-07)
(4.00000307 2.103311366e-06 5.485494423e-07)
(4.000012149 7.87479752e-06 1.903852584e-06)
(4.000044275 2.704497539e-05 6.037069103e-06)
(4.000148697 8.527273557e-05 1.750330123e-05)
(4.000460832 0.0002471476729 4.644721802e-05)
(4.001320055 0.0006594754287 0.0001129398443)
(4.003501708 0.001622899525 0.0002519338882)
(4.008620201 0.003690102356 0.0005161011665)
(4.019736676 0.007767191949 0.0009717440888)
(4.042127201 0.0151634382 0.001682456892)
(4.084029199 0.02750807193 0.002678479431)
(4.157019893 0.0464574747 0.003917615704)
(4.275578537 0.07317561681 0.00525359655)
(4.455457541 0.1076837371 0.006433525261)
(4.710806199 0.1482989782 0.007140694479)
(5.050503254 0.1914411491 0.007080815923)
(5.474662728 0.2320171162 0.006085673951)
(5.972508916 0.264390201 0.004192141245)
(6.522575716 0.2836872589 0.001658318053)
(7.095494086 0.2870177495 -0.001096611311)
(7.65875335 0.2741798045 -0.00360842559)
(8.182140459 0.2476182308 -0.005494939802)
(8.642374116 0.2116866513 -0.006546856689)
(9.025814589 0.1715114428 -0.006754594907)
(9.328846517 0.1318528538 -0.006272408629)
(9.556272698 0.09628859662 -0.00534448462)
(9.718539645 0.06686921177 -0.004225790561)
(9.828723806 0.04420859264 -0.003123420361)
(9.900001989 0.0278526332 -0.002169324909)
(9.943974266 0.0167394996 -0.001421282079)
(9.969868977 0.009606411817 -0.0008811076115)
(9.984439224 0.005269110287 -0.0005181570896)
(9.992279839 0.002764872622 -0.000289667642)
)
;

boundaryField
{
    left
    {
        type            dirichlet;
        value           uniform (4 0 0);
    }
    right
    {
        type            dirichlet;
        value           uniform (4 0 0);
    }
    sides
    {
        type            empty;
    }
}


// ************************************************************************* //
