/*--------------------------------*- C++ -*----------------------------------*\
| =========                 |                                                 |
| \\      /  F ield         | foam-extend: Open Source CFD                    |
|  \\    /   O peration     | Version:     4.1                                |
|   \\  /    A nd           | Web:         http://www.foam-extend.org         |
|    \\/     M anipulation  |                                                 |
\*---------------------------------------------------------------------------*/
FoamFile
{
    version     2.0;
    format      ascii;
    class       cellScalarField;
    location    "18.5";
    object      T;
}
// * * * * * * * * * * * * * * * * * * * * * * * * * * * * * * * * * * * * * //

dimensions      [0 0 0 0 1 0 0];

internalField   nonuniform 
100
(
(4 -5.703630593e-17 1.624202108e-17)
(4 -2.603138334e-16 1.968063172e-16)
(4 3.817733322e-17 -3.308883009e-17)
(4 2.425493435e-18 2.718391463e-16)
(4 -2.549443535e-16 -3.40361653e-17)
(4 -4.298280544e-16 -2.669543318e-16)
(4 5.261174755e-16 1.197629568e-16)
(4 -2.391872245e-16 1.139773404e-16)
(4 5.884774391e-16 1.856865726e-16)
(4 -1.392016307e-15 -3.251970118e-16)
(4 -5.305897463e-17 -1.730616609e-16)
(4 1.284612926e-15 1.373565803e-16)
(4 -7.243750673e-16 -1.347785567e-16)
(4 7.930140268e-16 4.241468588e-16)
(4 1.81360752e-15 -6.691140724e-16)
(4 9.659596431e-17 -3.088169101e-17)
(4 2.89307881e-16 6.764603496e-16)
(4 1.943538928e-14 1.181412918e-14)
(4 3.148287617e-13 1.940532482e-13)
(4 5.095473751e-12 3.072137508e-12)
(4 7.429645653e-11 4.207488632e-11)
(4.000000001 9.635903123e-10 5.268431768e-10)
(4.000000011 1.149718484e-08 5.986589251e-09)
(4.000000117 1.220944011e-07 5.947733821e-08)
(4.000001138 1.141702176e-06 5.207171038e-07)
(4.000009791 9.412729062e-06 3.95893167e-06)
(4.000073327 6.646848803e-05 2.495064993e-05)
(4.000463803 0.0003870745373 0.0001257415497)
(4.002423998 0.00182140239 0.0005005257201)
(4.010404898 0.006910216122 0.001577111556)
(4.036871792 0.02129909489 0.003961065989)
(4.109037299 0.05394077088 0.007978113177)
(4.272597696 0.1135904366 0.01290112404)
(4.584096982 0.2011728434 0.01659499539)
(5.087678249 0.3027757217 0.01641141714)
(5.785175888 0.3909201998 0.01107554754)
(6.619889402 0.4366862316 0.001992851434)
(7.489624128 0.4253282126 -0.007383704257)
(8.284210354 0.3637665497 -0.01369628672)
(8.924843811 0.2749746973 -0.01553239067)
(9.383405813 0.1848231903 -0.01367943262)
(9.676453579 0.1110866549 -0.01003749296)
(9.844532788 0.06002152833 -0.00633976139)
(9.931484714 0.02929944363 -0.003513258555)
(9.972248545 0.01298287016 -0.001730489935)
(9.989644208 0.005245525077 -0.0007650135219)
(9.996430378 0.001940738494 -0.000305910037)
(9.99886028 0.0006601910416 -0.0001113750022)
(9.999661988 0.0002072901918 -3.712986765e-05)
(9.999906621 6.029728875e-05 -1.139199411e-05)
(9.999975903 1.630628205e-05 -3.231505703e-06)
(9.999994175 4.11344996e-06 -8.510544551e-07)
(9.999998678 9.710416687e-07 -2.088978233e-07)
(9.999999717 2.151636286e-07 -4.796120496e-08)
(9.999999943 4.488003904e-08 -1.033414985e-08)
(9.999999989 8.836538538e-09 -2.096243253e-09)
(9.999999998 1.646595061e-09 -4.01474956e-10)
(10 2.91099339e-10 -7.279716319e-11)
(10 4.894248445e-11 -1.252989296e-11)
(10 7.841084022e-12 -2.051226376e-12)
(10 1.19901182e-12 -3.20926363e-13)
(10 1.693238717e-13 -4.708862725e-14)
(10 2.521003609e-14 -6.913971914e-15)
(10 4.225043475e-15 -1.681389847e-15)
(10 -2.220852299e-16 -3.552681366e-16)
(10 2.387938388e-16 -6.25927913e-16)
(10 -2.324248766e-16 1.634560941e-17)
(10 1.496610501e-16 -2.116299915e-16)
(10 3.873986414e-16 -4.717327042e-16)
(10 4.017897921e-16 -3.070792032e-16)
(10 -1.770140747e-16 4.373959389e-16)
(10 -9.128782938e-17 -5.213404395e-17)
(10 3.180378934e-17 -9.091285415e-17)
(10 -3.474551815e-16 2.101547958e-16)
(10 8.497427938e-18 -1.318303366e-16)
(10 4.129006593e-16 -1.920191723e-16)
(10 -2.262878091e-16 6.621430111e-16)
(10 -7.71902754e-17 3.475695328e-16)
(10 2.821713327e-16 -2.223068123e-16)
(10 -4.667392092e-16 -7.651236367e-17)
(10 -4.215905327e-16 2.477746739e-17)
(10 -1.286089474e-16 1.169734333e-16)
(10 1.249238304e-16 -6.323249305e-16)
(10 -3.411411742e-16 -2.363677335e-17)
(10 4.582042814e-16 -3.411257977e-16)
(10 2.954172036e-16 3.268685009e-16)
(10 -5.446372608e-16 5.236078431e-16)
(10 -6.356210939e-17 -1.88942749e-16)
(10 7.121643695e-17 1.446340767e-16)
(10 2.266239083e-16 -2.994504042e-16)
(10 2.711944821e-16 2.738125587e-16)
(10 2.844560681e-16 -2.796035825e-17)
(10 -3.583167502e-17 1.502704014e-16)
(10 -2.038816121e-16 2.98337597e-16)
(10 -6.46793906e-17 -2.684753973e-16)
(10 3.726827421e-16 -2.471289145e-16)
(10 -1.202559296e-16 2.561169445e-16)
(10 -2.351244424e-16 -7.392070546e-17)
(10 5.841493472e-16 -6.048357644e-16)
(10 -8.549528814e-16 2.955656346e-15)
)
;

boundaryField
{
    left
    {
        type            dirichlet;
        value           uniform (4 0 0);
    }
    right
    {
        type            dirichlet;
        value           uniform (4 0 0);
    }
    sides
    {
        type            empty;
    }
}


// ************************************************************************* //
