/*--------------------------------*- C++ -*----------------------------------*\
| =========                 |                                                 |
| \\      /  F ield         | foam-extend: Open Source CFD                    |
|  \\    /   O peration     | Version:     4.1                                |
|   \\  /    A nd           | Web:         http://www.foam-extend.org         |
|    \\/     M anipulation  |                                                 |
\*---------------------------------------------------------------------------*/
FoamFile
{
    version     2.0;
    format      ascii;
    class       cellScalarField;
    location    "33.4";
    object      T;
}
// * * * * * * * * * * * * * * * * * * * * * * * * * * * * * * * * * * * * * //

dimensions      [0 0 0 0 1 0 0];

internalField   nonuniform 
100
(
(4 -5.703630593e-17 1.624202108e-17)
(4 -8.476661637e-17 -1.529511763e-16)
(4 -1.669298623e-17 5.658718981e-17)
(4 -1.091943233e-16 1.339022094e-16)
(4 -2.198147064e-16 -2.281142001e-17)
(4 -3.712771417e-16 3.143728129e-16)
(4 3.797661398e-16 6.462791363e-17)
(4 -3.407339251e-16 -1.450550688e-17)
(4 7.006022434e-16 3.507863917e-17)
(4 -1.320270946e-15 -3.387876577e-17)
(4 2.976114444e-16 -1.530552834e-17)
(4 -3.743393189e-16 5.820769796e-17)
(4 1.066919985e-15 3.078286311e-18)
(4 -4.587754216e-16 -2.380520069e-16)
(4 6.782577585e-16 -1.490268861e-16)
(4 -5.392543159e-16 1.55385037e-16)
(4 2.349162643e-17 -1.077822378e-16)
(4 5.655194956e-17 -1.445311968e-16)
(4 2.386617117e-17 -1.001501863e-16)
(4 -2.694601455e-16 1.555058484e-17)
(4 6.589843307e-16 -1.829146244e-17)
(4 -7.614811402e-16 1.79808548e-16)
(4 7.59036503e-16 -2.517062452e-16)
(4 -5.100700417e-16 1.728118251e-16)
(4 1.217252649e-16 7.543127351e-17)
(4 -7.77968606e-17 -3.051743705e-17)
(4 -1.49292142e-17 5.788408455e-17)
(4 7.728596116e-17 -5.933512705e-17)
(4 -4.081192919e-16 1.078484214e-16)
(4 3.417372429e-16 9.14679556e-17)
(4 -7.017341802e-19 2.440358869e-16)
(4 -4.252902535e-17 -1.789264833e-16)
(4 1.184118933e-16 4.689154958e-17)
(4 -5.287846757e-16 2.744968902e-16)
(4 8.225280629e-16 -2.040464485e-17)
(4 -1.040477495e-15 -1.08194384e-16)
(4 5.268478536e-16 1.05150945e-16)
(4 -7.066821708e-16 1.398317015e-16)
(4 3.97542375e-16 -7.374513157e-17)
(4 -3.027739716e-17 4.087604011e-17)
(4 3.816933726e-15 3.061937263e-15)
(4 5.596248894e-14 2.808372953e-14)
(4 5.639399749e-13 2.704345797e-13)
(4 5.259754114e-12 2.431734166e-12)
(4 4.570378572e-11 2.025615573e-11)
(4 3.675750951e-10 1.554637546e-10)
(4.000000003 2.721865658e-09 1.092606402e-09)
(4.000000021 1.844615868e-08 6.982547725e-09)
(4.000000133 1.136467601e-07 4.026602965e-08)
(4.000000777 6.322505586e-07 2.080225905e-07)
(4.000004099 3.158094461e-06 9.574646277e-07)
(4.000019465 1.410894517e-05 3.913131949e-06)
(4.000083063 5.627672609e-05 1.41828848e-05)
(4.000318455 0.0002004249875 4.560152815e-05)
(4.001098291 0.0006382405234 0.0001302403289)
(4.003415261 0.001821572383 0.0003310230429)
(4.009604936 0.004673011293 0.0007501543298)
(4.02451668 0.01080977689 0.001518240025)
(4.057014692 0.02262203131 0.002747143599)
(4.121286873 0.04296965441 0.004444074088)
(4.23699866 0.07431791613 0.006416897487)
(4.427207465 0.1173983633 0.00823326052)
(4.713520583 0.1698809383 0.009296117727)
(5.109263339 0.2258176821 0.009045384565)
(5.612871545 0.2764767421 0.007210845895)
(6.204395898 0.3125689881 0.003984432191)
(6.847219734 0.3270883439 3.298350411e-06)
(7.495020159 0.3175493621 -0.003864870183)
(8.101707913 0.2866376445 -0.0068311651)
(8.630843251 0.2410667393 -0.008438835864)
(9.061478906 0.1892739017 -0.008654214362)
(9.389138987 0.1390032962 -0.007785595243)
(9.622647907 0.09566193249 -0.006303318296)
(9.778788531 0.06180185679 -0.004659247199)
(9.876917978 0.03754508506 -0.003173542226)
(9.93497661 0.02148369948 -0.00200483233)
(9.967366362 0.01159740573 -0.001180445354)
(9.984430693 0.005915311973 -0.0006503403788)
(9.992933425 0.002855011973 -0.0003363300742)
(9.996946182 0.001305811926 -0.0001637276226)
(9.998742371 0.0005667692214 -7.520799277e-05)
(9.999505991 0.0002337641167 -3.266902987e-05)
(9.999814734 9.174275418e-05 -1.344614621e-05)
(9.999933602 3.430429341e-05 -5.253395696e-06)
(9.999977237 1.223638388e-05 -1.951637612e-06)
(9.999992528 4.168847384e-06 -6.905022579e-07)
(9.999997649 1.35816739e-06 -2.330176882e-07)
(9.999999291 4.236110435e-07 -7.51082739e-08)
(9.999999794 1.266329553e-07 -2.315524404e-08)
(9.999999943 3.632180697e-08 -6.836515313e-09)
(9.999999985 1.000673075e-08 -1.935449143e-09)
(9.999999996 2.650767617e-09 -5.260235169e-10)
(9.999999999 6.758419334e-10 -1.374036575e-10)
(10 1.660101374e-10 -3.45341071e-11)
(10 3.932375124e-11 -8.360080472e-12)
(10 8.990567381e-12 -1.950838224e-12)
(10 1.986219448e-12 -4.404255564e-13)
(10 4.190643462e-13 -9.666796488e-14)
(10 8.687467123e-14 -1.903128159e-14)
(10 1.993639321e-14 1.075570565e-15)
)
;

boundaryField
{
    left
    {
        type            dirichlet;
        value           uniform (4 0 0);
    }
    right
    {
        type            dirichlet;
        value           uniform (4 0 0);
    }
    sides
    {
        type            empty;
    }
}


// ************************************************************************* //
