/*--------------------------------*- C++ -*----------------------------------*\
| =========                 |                                                 |
| \\      /  F ield         | foam-extend: Open Source CFD                    |
|  \\    /   O peration     | Version:     4.1                                |
|   \\  /    A nd           | Web:         http://www.foam-extend.org         |
|    \\/     M anipulation  |                                                 |
\*---------------------------------------------------------------------------*/
FoamFile
{
    version     2.0;
    format      ascii;
    class       cellScalarField;
    location    "7.2";
    object      T;
}
// * * * * * * * * * * * * * * * * * * * * * * * * * * * * * * * * * * * * * //

dimensions      [0 0 0 0 1 0 0];

internalField   nonuniform 
100
(
(4 3.409117612e-15 -2.810719414e-16)
(4 -1.863125922e-13 2.26973165e-14)
(4 8.821979678e-12 1.172061137e-12)
(4 -1.404142452e-10 1.017171368e-11)
(4.000000003 5.677868835e-09 3.089499928e-09)
(4.000000042 2.057758769e-08 1.275090471e-08)
(4.000001062 1.635622607e-06 1.399186812e-06)
(4.000025636 2.896586021e-05 1.330560999e-05)
(4.000305473 0.0003272714355 0.0002130595109)
(4.004287465 0.004944354147 0.002543775037)
(4.04177483 0.03984548557 0.01322004814)
(4.231697443 0.1665801539 0.03388754909)
(4.795194023 0.4085431239 0.04477973802)
(5.860729665 0.6430741044 0.0237342507)
(7.227652249 0.6921411016 -0.01501489827)
(8.474957812 0.5343599164 -0.03746049367)
(9.315939198 0.3076362279 -0.03405503254)
(9.748675233 0.136521464 -0.01980351563)
(9.923528293 0.04808495292 -0.008382092409)
(9.980453768 0.01379725997 -0.002750622285)
(9.995738498 0.003301280298 -0.0007292322553)
(9.999195417 0.000672483571 -0.0001610645536)
(9.99986656 0.00011877575 -3.036949834e-05)
(9.999980303 1.848267981e-05 -4.987358589e-06)
(9.999997382 2.569421266e-06 -7.253354433e-07)
(9.999999683 3.22982859e-07 -9.473974138e-08)
(9.999999965 3.709691341e-08 -1.124627852e-08)
(9.999999996 3.928672831e-09 -1.225645138e-09)
(10 3.86653057e-10 -1.23697571e-10)
(10 3.560929413e-11 -1.1649144e-11)
(10 3.084419286e-12 -1.029464961e-12)
(10 2.52262754e-13 -8.51478067e-14)
(10 2.287336347e-14 -7.911340315e-15)
(10 4.185291514e-17 -1.619591914e-17)
(10 -4.540442558e-16 2.409206644e-16)
(10 3.05341434e-16 3.274503747e-16)
(10 -5.103838684e-16 3.546078003e-16)
(10 2.959989134e-16 1.929774423e-16)
(10 -1.523008601e-16 -9.95715372e-16)
(10 1.88714777e-15 2.063766594e-16)
(10 -1.054364777e-15 4.497480476e-16)
(10 1.089594496e-15 3.5749205e-16)
(10 -1.581790649e-15 2.187105685e-16)
(10 3.741939805e-16 -5.500543674e-16)
(10 -3.371779226e-16 -2.715499529e-17)
(10 1.940882696e-16 7.005218012e-17)
(10 -5.562589971e-17 3.535889307e-17)
(10 -3.095909353e-16 3.654398623e-16)
(10 -3.641979064e-17 1.91611048e-16)
(10 -2.705278164e-16 3.423497636e-16)
(10 -1.462236251e-16 6.803626037e-16)
(10 -2.785574409e-16 2.689482569e-16)
(10 3.12601396e-16 2.188495846e-16)
(10 -2.251682034e-16 -2.272611184e-16)
(10 -5.84463307e-17 1.269345081e-16)
(10 -4.113286974e-16 3.103696178e-16)
(10 -2.804513831e-16 1.823053872e-16)
(10 -2.177170247e-17 -7.571648846e-17)
(10 2.115558617e-16 -8.349992143e-17)
(10 -6.780030106e-17 1.549248937e-16)
(10 -1.820881838e-16 -6.651417345e-17)
(10 -2.315712357e-16 1.288297897e-17)
(10 -3.604858548e-17 7.797505717e-16)
(10 -1.959022461e-16 2.966755624e-16)
(10 -4.527813795e-16 2.84229793e-16)
(10 8.517485773e-18 3.109506195e-17)
(10 -5.821685624e-17 2.011315598e-16)
(10 -1.57599631e-16 4.256786583e-17)
(10 -7.511947905e-17 -4.617334172e-16)
(10 2.315652255e-16 -3.373756552e-16)
(10 1.914212538e-16 -5.530711089e-16)
(10 -3.754423464e-17 -3.116279267e-16)
(10 4.619326547e-17 3.20197965e-16)
(10 -4.965320512e-17 -5.651813039e-18)
(10 3.232626165e-16 3.50258352e-16)
(10 -4.601928857e-16 -7.640301957e-17)
(10 2.618813494e-16 2.949202433e-17)
(10 -1.365865064e-16 -1.744219838e-17)
(10 2.188364463e-16 -5.564608176e-16)
(10 1.000862123e-15 -5.078880214e-16)
(10 -1.354184949e-16 7.67388769e-17)
(10 -4.236895985e-18 2.400961845e-18)
(10 -1.325615648e-19 7.511991338e-20)
(10 -4.147510002e-21 2.350308647e-21)
(10 -1.297649077e-22 7.353510527e-23)
(10 -4.060009803e-24 2.300724083e-24)
(10 -1.270272518e-25 7.198373197e-26)
(10 -3.974355601e-27 2.252185608e-27)
(10 -1.243473524e-28 7.046508807e-29)
(10 -3.890508449e-30 2.204671151e-30)
(10 -1.217239909e-31 6.897848307e-32)
(10 -3.808430225e-33 2.158159109e-33)
(10 -1.191559747e-34 6.752324105e-35)
(10 -3.728083609e-36 2.112628333e-36)
(10 -1.16642136e-37 6.609870033e-38)
(10 -3.649432069e-39 2.068058123e-39)
(10 -1.141813318e-40 6.470421321e-41)
(10 -3.572439844e-42 2.024428212e-42)
(10 -1.117724433e-43 6.333914564e-44)
(10 -7.663593137e-16 4.449851454e-15)
)
;

boundaryField
{
    left
    {
        type            dirichlet;
        value           uniform (4 0 0);
    }
    right
    {
        type            dirichlet;
        value           uniform (4 0 0);
    }
    sides
    {
        type            empty;
    }
}


// ************************************************************************* //
