/*--------------------------------*- C++ -*----------------------------------*\
| =========                 |                                                 |
| \\      /  F ield         | foam-extend: Open Source CFD                    |
|  \\    /   O peration     | Version:     4.1                                |
|   \\  /    A nd           | Web:         http://www.foam-extend.org         |
|    \\/     M anipulation  |                                                 |
\*---------------------------------------------------------------------------*/
FoamFile
{
    version     2.0;
    format      ascii;
    class       cellScalarField;
    location    "21.1";
    object      T;
}
// * * * * * * * * * * * * * * * * * * * * * * * * * * * * * * * * * * * * * //

dimensions      [0 0 0 0 1 0 0];

internalField   nonuniform 
100
(
(4 -5.703630593e-17 1.624202108e-17)
(4 3.325606827e-17 4.784434222e-17)
(4 -3.61262173e-17 3.489842646e-16)
(4 -2.377659616e-16 6.130817222e-17)
(4 1.579462001e-16 -2.717278315e-17)
(4 -6.492811451e-16 4.189062493e-17)
(4 4.464929965e-16 -1.106032722e-16)
(4 -3.530483815e-16 -1.208762591e-16)
(4 8.853532352e-16 7.026211357e-17)
(4 -1.469824659e-15 1.785999785e-16)
(4 8.223197842e-18 -2.997772524e-17)
(4 9.430564825e-16 1.122465415e-16)
(4 -5.191888785e-16 -1.049332386e-16)
(4 5.154753983e-16 -1.462319336e-16)
(4 4.098307499e-16 -1.369272004e-17)
(4 -7.546446735e-16 2.638683102e-16)
(4 3.218358141e-16 3.603864001e-17)
(4 5.854709873e-17 -1.017266666e-16)
(4 4.797484763e-16 3.166350553e-16)
(4 2.964451462e-15 -5.010124046e-16)
(4 4.732458687e-16 -1.923048994e-16)
(4 1.608526113e-14 1.173318768e-14)
(4 2.873029878e-13 1.697088325e-13)
(4 4.098686239e-12 2.326912644e-12)
(4 5.314829958e-11 2.886093274e-11)
(4.000000001 6.291813221e-10 3.282108038e-10)
(4.000000006 6.802734249e-09 3.370274161e-09)
(4.000000065 6.602999919e-08 3.079339848e-08)
(4.000000585 5.715641639e-07 2.495420401e-07)
(4.00000468 4.375759424e-06 1.761384868e-06)
(4.000032841 2.89733873e-05 1.050463267e-05)
(4.000197983 0.0001619265944 5.17098132e-05)
(4.001010435 0.0007531640857 0.000208081243)
(4.004343802 0.00290722659 0.0006845371224)
(4.015771171 0.009353086563 0.001849275695)
(4.048706148 0.02527277604 0.004123422595)
(4.129141898 0.05786248244 0.007613128037)
(4.29699488 0.1132447596 0.01162607108)
(4.598713698 0.1910502911 0.01454222268)
(5.069430815 0.2799942924 0.01446221104)
(5.711301275 0.3590137894 0.01041897476)
(6.481265553 0.4053842139 0.00324955738)
(7.298631666 0.4055294573 -0.00467990514)
(8.070740928 0.3613981474 -0.010768561)
(8.723091513 0.2883993063 -0.01352041271)
(9.218428587 0.2070790872 -0.01302532663)
(9.557966336 0.1343918357 -0.01047559791)
(9.768965982 0.07916866589 -0.007291862096)
(9.888316252 0.04250387196 -0.004481719368)
(9.949999666 0.02087670567 -0.002463913623)
(9.979234102 0.009415399343 -0.001223055456)
(9.991984107 0.003912661343 -0.0005521717898)
(9.997118145 0.00150317653 -0.0002280945549)
(9.999032951 0.0005355967098 -8.665545648e-05)
(9.999696444 0.0001775350289 -3.041418285e-05)
(9.999910667 5.49062106e-05 -9.901788084e-06)
(9.999975298 1.588804708e-05 -3.001300458e-06)
(9.999993568 4.313213131e-06 -8.498412017e-07)
(9.999998419 1.101370658e-06 -2.255103376e-07)
(9.999999633 2.651806172e-07 -5.624348976e-08)
(9.999999919 6.034668735e-08 -1.322062653e-08)
(9.999999983 1.300922985e-08 -2.936507279e-09)
(9.999999997 2.662421013e-09 -6.178331162e-10)
(9.999999999 5.183573207e-10 -1.234152137e-10)
(10 9.619602054e-11 -2.345629706e-11)
(10 1.705231537e-11 -4.25238167e-12)
(10 2.886236361e-12 -7.361946111e-13)
(10 4.648343556e-13 -1.206811005e-13)
(10 7.282568741e-14 -1.847694461e-14)
(10 1.23693334e-14 -3.252374742e-15)
(10 8.410643349e-16 -7.09887914e-16)
(10 -1.22850099e-17 -4.1715664e-16)
(10 3.209972116e-16 -7.732570708e-16)
(10 4.518281633e-16 -1.933490578e-16)
(10 4.281708117e-18 -2.132348243e-16)
(10 2.987222469e-16 -9.734699221e-17)
(10 1.567153347e-16 -6.962569804e-16)
(10 1.133952558e-16 9.561101398e-17)
(10 -3.604622227e-16 -4.118196859e-16)
(10 2.014639913e-17 6.720312586e-17)
(10 5.971655096e-17 -3.239737574e-17)
(10 2.739096674e-16 -1.377689356e-16)
(10 -3.779863596e-16 6.289940735e-17)
(10 -1.37713226e-16 7.951969662e-17)
(10 6.150149036e-17 5.947151603e-17)
(10 3.714163658e-16 -2.346993159e-17)
(10 -1.151825909e-16 4.536026769e-16)
(10 3.378138935e-16 2.744894808e-16)
(10 3.049751084e-16 7.553212474e-16)
(10 -4.027993491e-16 5.179491258e-16)
(10 -8.294877336e-16 -1.131125641e-16)
(10 1.709576302e-16 2.043453852e-16)
(10 -1.297057075e-16 1.485946474e-16)
(10 -1.491157124e-16 -3.348983802e-16)
(10 1.159363497e-16 -6.309289923e-16)
(10 6.445510656e-16 -3.580252535e-16)
(10 1.503821482e-16 -8.429519553e-17)
(10 -2.844586187e-17 -5.321787371e-17)
(10 -2.214539113e-16 -2.964254824e-16)
(10 2.346578021e-16 3.149405193e-15)
)
;

boundaryField
{
    left
    {
        type            dirichlet;
        value           uniform (4 0 0);
    }
    right
    {
        type            dirichlet;
        value           uniform (4 0 0);
    }
    sides
    {
        type            empty;
    }
}


// ************************************************************************* //
