/*--------------------------------*- C++ -*----------------------------------*\
| =========                 |                                                 |
| \\      /  F ield         | foam-extend: Open Source CFD                    |
|  \\    /   O peration     | Version:     4.1                                |
|   \\  /    A nd           | Web:         http://www.foam-extend.org         |
|    \\/     M anipulation  |                                                 |
\*---------------------------------------------------------------------------*/
FoamFile
{
    version     2.0;
    format      ascii;
    class       cellScalarField;
    location    "49.4";
    object      T;
}
// * * * * * * * * * * * * * * * * * * * * * * * * * * * * * * * * * * * * * //

dimensions      [0 0 0 0 1 0 0];

internalField   nonuniform 
100
(
(4 -5.703630593e-17 1.624202108e-17)
(4 -2.224234655e-16 9.480417287e-17)
(4 1.603454093e-16 8.016781543e-17)
(4 -8.491440193e-17 2.658977871e-16)
(4 -1.511755801e-16 1.588967449e-16)
(4 -5.001842296e-16 3.151805646e-17)
(4 4.5406437e-16 3.957471297e-18)
(4 -4.54926738e-16 -4.048439195e-17)
(4 9.66189086e-16 -1.004171128e-16)
(4 -1.293668929e-15 5.815937183e-17)
(4 7.265152294e-17 -2.271584046e-17)
(4 3.537689161e-16 -6.380099308e-17)
(4 6.35967605e-16 1.222829271e-16)
(4 -2.078184839e-16 2.339213234e-17)
(4 -1.239247341e-16 -1.689842197e-16)
(4 2.995098199e-16 -2.408235543e-16)
(4 3.624813586e-17 1.188143524e-17)
(4 -8.482919546e-18 7.327341853e-17)
(4 -7.103894926e-17 -2.833515525e-17)
(4 -3.181525211e-17 2.806415224e-17)
(4 -1.19850415e-17 -1.0506796e-16)
(4 4.868813404e-17 3.376256942e-17)
(4 2.769649076e-17 -6.971752752e-17)
(4 2.029221082e-17 1.020298865e-16)
(4 -2.352555011e-17 -3.43344623e-17)
(4 -1.892628854e-16 3.435141908e-17)
(4 3.529991892e-19 1.729016416e-16)
(4 -1.865321879e-16 9.725822548e-17)
(4 -4.744859073e-16 -6.462262906e-18)
(4 4.831589098e-16 1.108040405e-16)
(4 -5.397698909e-17 7.853964992e-17)
(4 -1.825877435e-16 4.460730703e-17)
(4 6.119792184e-17 1.589687104e-16)
(4 -1.761869885e-16 1.505376412e-18)
(4 2.003475631e-16 1.552416555e-16)
(4 -2.369271442e-16 9.850239169e-17)
(4 7.085958336e-16 1.492956685e-17)
(4 -9.284463666e-16 1.764043422e-16)
(4 4.274428564e-16 -8.804748953e-17)
(4 -1.057504161e-16 9.513890845e-17)
(4 1.209471145e-16 6.412086995e-17)
(4 -2.76023277e-16 8.938655383e-17)
(4 2.041911178e-16 -1.519623615e-17)
(4 -1.824314476e-16 9.381791503e-17)
(4 -2.639008241e-16 -4.366210391e-17)
(4 8.483682112e-16 -6.335656233e-17)
(4 -8.166390877e-16 6.954957834e-17)
(4 9.665111878e-16 1.041270922e-16)
(4 -8.313265181e-16 1.73567561e-17)
(4 4.548553535e-16 -5.449281086e-17)
(4 6.053516267e-17 -1.349604587e-16)
(4 -1.791473832e-16 2.171027538e-16)
(4 4.105969884e-17 2.85928795e-17)
(4 -6.115290987e-17 -2.433899465e-17)
(4 -4.424534257e-17 1.856099057e-16)
(4 -1.572951316e-16 6.700793992e-17)
(4 6.816627954e-17 -2.356153584e-16)
(4 2.522107741e-17 -1.542225921e-17)
(4 1.131089524e-16 -8.412405893e-17)
(4 -1.895607301e-16 -1.293753575e-16)
(4 7.610838399e-17 -2.053405615e-16)
(4 -3.73711086e-17 1.635237014e-17)
(4 1.50556713e-16 -1.884120442e-16)
(4 -3.360351816e-19 -6.476777082e-17)
(4 -6.954558472e-17 -6.812368255e-17)
(4 1.788414628e-16 2.389327097e-16)
(4 2.848556109e-15 8.910193393e-16)
(4 2.216540197e-14 9.48471323e-15)
(4 1.644827818e-13 6.652511481e-14)
(4 1.138686265e-12 4.411628667e-13)
(4 7.400751479e-12 2.759888653e-12)
(4 4.515865585e-11 1.61101884e-11)
(4 2.576476639e-10 8.769765993e-11)
(4.000000002 1.371600936e-09 4.439219253e-10)
(4.000000009 6.798267283e-09 2.085106024e-09)
(4.000000043 3.131739956e-08 9.072346772e-09)
(4.00000019 1.339235918e-07 3.652468039e-08)
(4.000000791 5.312621677e-07 1.359759477e-07)
(4.000003056 1.954581873e-06 4.680410663e-07)
(4.000010994 6.671066729e-06 1.489899958e-06)
(4.000036815 2.113460628e-05 4.388483935e-06)
(4.000114886 6.220644469e-05 1.196955393e-05)
(4.000334481 0.0001702928064 3.025674562e-05)
(4.000909777 0.0004341299054 7.094844046e-05)
(4.002315316 0.001032028282 0.0001544640066)
(4.005522074 0.002290992972 0.0003124836113)
(4.012363755 0.004755983487 0.000587801055)
(4.026032961 0.009246299608 0.001028555699)
(4.051643328 0.01685887229 0.00167445252)
(4.096702365 0.0288691593 0.002535259235)
(4.171249669 0.04649259144 0.003566547452)
(4.287379211 0.07051166249 0.004652537336)
(4.457938627 0.1008399653 0.005607885018)
(4.694408702 0.136159722 0.006206470071)
(5.004273983 0.1737965595 0.0062353874)
(5.388492296 0.2099545859 0.005559951615)
(5.839815351 0.2403253437 0.00417685392)
(6.342599265 0.2609431696 0.00223328983)
(6.874370032 0.2690487874 1.142408337e-06)
(7.408893776 0.2636978825 -0.002187388923)
)
;

boundaryField
{
    left
    {
        type            dirichlet;
        value           uniform (4 0 0);
    }
    right
    {
        type            dirichlet;
        value           uniform (4 0 0);
    }
    sides
    {
        type            empty;
    }
}


// ************************************************************************* //
