/*--------------------------------*- C++ -*----------------------------------*\
| =========                 |                                                 |
| \\      /  F ield         | foam-extend: Open Source CFD                    |
|  \\    /   O peration     | Version:     4.1                                |
|   \\  /    A nd           | Web:         http://www.foam-extend.org         |
|    \\/     M anipulation  |                                                 |
\*---------------------------------------------------------------------------*/
FoamFile
{
    version     2.0;
    format      ascii;
    class       cellScalarField;
    location    "48.1";
    object      T;
}
// * * * * * * * * * * * * * * * * * * * * * * * * * * * * * * * * * * * * * //

dimensions      [0 0 0 0 1 0 0];

internalField   nonuniform 
100
(
(4 -5.703630593e-17 1.624202108e-17)
(4 -8.495314467e-17 1.480352895e-16)
(4 -9.634716639e-17 3.683913934e-18)
(4 -6.366369251e-17 1.727195715e-16)
(4 -7.482636757e-17 1.965663027e-16)
(4 -4.29930097e-16 2.595357215e-16)
(4 4.32056108e-16 1.568725353e-16)
(4 -4.806876917e-16 -1.166728033e-17)
(4 9.267838355e-16 1.173472935e-16)
(4 -1.446141118e-15 2.211217006e-16)
(4 -3.596157081e-18 1.34126045e-17)
(4 4.372850048e-16 -6.270594835e-17)
(4 5.552900568e-16 3.656015337e-17)
(4 1.250331361e-16 -5.022982875e-17)
(4 2.426631453e-16 2.101823969e-17)
(4 -6.030112647e-16 -1.896350527e-16)
(4 1.802495464e-16 -8.647185676e-17)
(4 -4.344096908e-17 -9.570533136e-18)
(4 4.965394192e-18 -2.685208517e-18)
(4 -1.611383089e-16 -1.678707618e-16)
(4 8.902934878e-17 -1.392163118e-16)
(4 -2.716713128e-16 7.16759375e-17)
(4 1.855532383e-17 2.402640833e-18)
(4 -2.738267048e-16 -9.573736503e-17)
(4 5.850321913e-17 8.434333661e-17)
(4 2.293617194e-17 1.860665429e-16)
(4 6.986733874e-17 -1.199458196e-18)
(4 -4.724061515e-17 4.035635899e-16)
(4 -7.740374567e-16 -8.796542236e-17)
(4 5.172047327e-16 3.999655771e-17)
(4 -1.043208096e-16 -4.373453148e-18)
(4 -6.899846612e-17 5.969036999e-17)
(4 -7.596037847e-17 -1.146092282e-16)
(4 -4.051350808e-16 1.488960625e-16)
(4 4.268457388e-16 -1.239918664e-16)
(4 -3.776289544e-16 -1.093236337e-16)
(4 6.407710594e-16 -1.10579819e-17)
(4 -8.875356036e-16 2.090339776e-17)
(4 5.469259715e-16 -4.516461606e-18)
(4 -1.276587862e-16 -1.583106318e-16)
(4 1.059947163e-16 -2.050067898e-16)
(4 -8.688433717e-18 -1.842505074e-16)
(4 -1.38403249e-16 1.394309113e-16)
(4 -1.657216827e-16 6.536227829e-17)
(4 -3.656129861e-16 5.078108464e-17)
(4 8.485128348e-16 -2.452625028e-17)
(4 -6.743869293e-16 6.422397101e-17)
(4 6.591766625e-16 -8.10598719e-18)
(4 -8.264720224e-16 2.631986359e-16)
(4 3.165641836e-16 2.458528425e-17)
(4 -1.880248011e-16 1.009390906e-17)
(4 -1.4752246e-16 1.292532817e-16)
(4 -1.870391215e-17 1.442625071e-17)
(4 6.406403534e-17 -1.374724006e-16)
(4 -2.448950743e-16 -3.284255081e-17)
(4 7.358499727e-17 1.028291349e-16)
(4 4.963766801e-17 -4.538251375e-17)
(4 4.340899712e-17 -4.859091783e-17)
(4 -3.299322894e-16 8.337631697e-17)
(4 -9.718806664e-17 -1.996109406e-17)
(4 1.130328673e-16 2.352358774e-16)
(4 -1.928113918e-16 2.717925668e-16)
(4 -6.133382799e-17 7.608577138e-17)
(4 -1.246006703e-16 4.87175903e-16)
(4 3.638022326e-15 1.518033839e-15)
(4 3.226989026e-14 1.370819737e-14)
(4 2.381464224e-13 9.667705892e-14)
(4 1.6623768e-12 6.5085561e-13)
(4 1.094060402e-11 4.104802819e-12)
(4 6.736389337e-11 2.417034896e-11)
(4 3.873522904e-10 1.324741818e-10)
(4.000000003 2.074628886e-09 6.738764648e-10)
(4.000000013 1.032570874e-08 3.174100161e-09)
(4.000000065 4.766903958e-08 1.381878804e-08)
(4.00000029 2.038563553e-07 5.553984976e-08)
(4.000001202 8.069892547e-07 2.059448372e-07)
(4.000004635 2.9565604e-06 7.04458351e-07)
(4.000016594 1.002782119e-05 2.223534121e-06)
(4.000055208 3.150798551e-05 6.480017615e-06)
(4.000170868 9.180206603e-05 1.745029196e-05)
(4.000492578 0.0002483253559 4.346345768e-05)
(4.001324596 0.0006244700374 0.0001002206662)
(4.003328058 0.001462014179 0.0002141418291)
(4.007826222 0.00319148254 0.0004243354286)
(4.017256732 0.006505726976 0.0007802844473)
(4.035746244 0.01240289853 0.001331944126)
(4.06969679 0.02214771031 0.002110531034)
(4.12816646 0.03709837438 0.003102472355)
(4.222745581 0.0583751522 0.004224812807)
(4.366639765 0.08640871962 0.005314896459)
(4.572826152 0.1204853754 0.006146524002)
(4.851446686 0.1584638689 0.006476822217)
(5.206957005 0.1968332293 0.006114579841)
(5.635810524 0.2311923322 0.004987927272)
(6.125474 0.2570821766 0.003184493958)
(6.655278755 0.270952722 0.000944821713)
(7.199085635 0.2709699401 -0.001392487105)
(7.729176283 0.2574080801 -0.003475894582)
(8.220404657 0.2325141096 -0.005026594975)
(8.653598228 0.19991305 -0.005896437906)
)
;

boundaryField
{
    left
    {
        type            dirichlet;
        value           uniform (4 0 0);
    }
    right
    {
        type            dirichlet;
        value           uniform (4 0 0);
    }
    sides
    {
        type            empty;
    }
}


// ************************************************************************* //
