/*--------------------------------*- C++ -*----------------------------------*\
| =========                 |                                                 |
| \\      /  F ield         | foam-extend: Open Source CFD                    |
|  \\    /   O peration     | Version:     4.1                                |
|   \\  /    A nd           | Web:         http://www.foam-extend.org         |
|    \\/     M anipulation  |                                                 |
\*---------------------------------------------------------------------------*/
FoamFile
{
    version     2.0;
    format      ascii;
    class       cellScalarField;
    location    "18.7";
    object      T;
}
// * * * * * * * * * * * * * * * * * * * * * * * * * * * * * * * * * * * * * //

dimensions      [0 0 0 0 1 0 0];

internalField   nonuniform 
100
(
(4 -5.703630593e-17 1.624202108e-17)
(4 9.518326498e-17 2.43767285e-16)
(4 1.167499535e-16 -1.473365537e-16)
(4 -3.418038653e-17 -1.041631076e-16)
(4 1.227157197e-17 -5.267699253e-17)
(4 -4.308042943e-16 -2.32563084e-16)
(4 8.65476321e-16 -1.120874771e-16)
(4 -3.509094832e-16 2.009210935e-16)
(4 6.796058432e-16 3.070619843e-17)
(4 -1.251931674e-15 2.181084758e-17)
(4 -1.377330822e-16 2.925989173e-17)
(4 1.061280922e-15 1.313283882e-16)
(4 -4.373850459e-16 -2.989132637e-16)
(4 4.287374476e-16 1.143374877e-16)
(4 1.581062018e-15 2.942548714e-16)
(4 4.726244733e-16 -4.012030716e-16)
(4 2.526643327e-16 -4.992500888e-17)
(4 7.983263077e-15 5.108682386e-15)
(4 1.336377322e-13 8.193600046e-14)
(4 2.158184182e-12 1.314894349e-12)
(4 3.244370103e-11 1.861009636e-11)
(4 4.299438579e-10 2.36605777e-10)
(4.000000005 5.231957746e-09 2.7623428e-09)
(4.000000054 5.730941066e-08 2.839311026e-08)
(4.000000546 5.53076371e-07 2.566202193e-07)
(4.000004849 4.71817987e-06 2.033155709e-06)
(4.000037797 3.488914011e-05 1.356703403e-05)
(4.000251406 0.0002153437333 7.319161712e-05)
(4.001391443 0.001081034492 0.0003133626199)
(4.006341457 0.0043834898 0.00106343811)
(4.023851013 0.01443123429 0.002877816209)
(4.074714406 0.03897139356 0.006251596753)
(4.197322286 0.08733660379 0.01093727724)
(4.445220774 0.1642821452 0.01534208105)
(4.869937692 0.2621201395 0.01688937389)
(5.492341634 0.358163232 0.01360115707)
(6.279218524 0.4227575904 0.00578534768)
(7.144156312 0.434452509 -0.003782220982)
(7.976682097 0.3915130285 -0.01151790788)
(8.682979197 0.3114321905 -0.01514777962)
(9.214334101 0.2200095374 -0.01463503642)
(9.570818288 0.1388183217 -0.01154852398)
(9.785231266 0.07864860259 -0.007767719992)
(9.901424561 0.04021161511 -0.004557400806)
(9.958424964 0.01864178398 -0.002367260216)
(9.983851427 0.007871407623 -0.001100364084)
(9.994208958 0.003040212333 -0.0004615596087)
(9.998077563 0.001078477717 -0.0001759241001)
(9.999407609 0.0003527448686 -6.129256584e-05)
(9.999830086 0.0001067728723 -1.962224181e-05)
(9.99995451 3.001551536e-05 -5.799500266e-06)
(9.999988602 7.862811569e-06 -1.58925677e-06)
(9.99999732 1.925532357e-06 -4.053869551e-07)
(9.999999407 4.421726928e-07 -9.660540088e-08)
(9.999999876 9.549139479e-08 -2.1580543e-08)
(9.999999976 1.944772595e-08 -4.533445652e-09)
(9.999999995 3.744958582e-09 -8.982284207e-10)
(9.999999999 6.835691742e-10 -1.683237782e-10)
(10 1.1855315e-10 -2.991178153e-11)
(10 1.958076747e-11 -5.053057828e-12)
(10 3.085007139e-12 -8.138836947e-13)
(10 4.610546485e-13 -1.255532875e-13)
(10 6.535075603e-14 -1.707691253e-14)
(10 1.198092568e-14 -2.757096284e-15)
(10 4.788065054e-16 -1.975520692e-16)
(10 1.064351932e-16 5.429939812e-17)
(10 -2.84061113e-16 2.522487163e-16)
(10 3.598330547e-16 -2.402280679e-16)
(10 -2.997593315e-16 -1.64425502e-16)
(10 1.542487585e-16 -1.576251261e-16)
(10 -1.255638911e-16 -6.260831097e-17)
(10 -6.785909803e-18 -2.657215457e-16)
(10 1.94782307e-16 -1.895853328e-16)
(10 1.420676381e-16 -4.110565306e-17)
(10 -9.943510934e-17 -2.240061047e-16)
(10 2.938331936e-17 1.108931309e-16)
(10 -8.357195723e-17 1.138012728e-16)
(10 -1.221876533e-16 5.618974507e-16)
(10 1.749750641e-16 -5.007010306e-16)
(10 -1.783302989e-16 -2.205939633e-17)
(10 -3.933305588e-16 3.289464179e-16)
(10 -4.512127093e-17 4.971658905e-16)
(10 -1.695341596e-16 -5.643410746e-17)
(10 -2.174243259e-16 3.17894448e-16)
(10 -1.188698845e-16 -3.716072085e-17)
(10 4.25276113e-16 -1.997913027e-16)
(10 -5.683231222e-17 9.16903197e-17)
(10 -4.645190211e-17 -4.365001926e-16)
(10 1.656997881e-16 3.108161799e-16)
(10 4.641282541e-17 -6.821654521e-16)
(10 8.928799424e-16 -8.20542721e-17)
(10 7.34703138e-18 -1.010245397e-16)
(10 -8.974023834e-17 2.09023052e-16)
(10 -7.208448812e-17 7.281955116e-16)
(10 -1.588242871e-16 -4.929735625e-16)
(10 1.408154746e-17 -4.36719438e-17)
(10 -2.162014302e-16 3.850710037e-16)
(10 -4.476327891e-16 -3.489518689e-16)
(10 4.552174606e-16 -3.833282174e-16)
(10 -5.89940586e-16 2.782209952e-15)
)
;

boundaryField
{
    left
    {
        type            dirichlet;
        value           uniform (4 0 0);
    }
    right
    {
        type            dirichlet;
        value           uniform (4 0 0);
    }
    sides
    {
        type            empty;
    }
}


// ************************************************************************* //
