/*--------------------------------*- C++ -*----------------------------------*\
| =========                 |                                                 |
| \\      /  F ield         | foam-extend: Open Source CFD                    |
|  \\    /   O peration     | Version:     4.1                                |
|   \\  /    A nd           | Web:         http://www.foam-extend.org         |
|    \\/     M anipulation  |                                                 |
\*---------------------------------------------------------------------------*/
FoamFile
{
    version     2.0;
    format      ascii;
    class       cellScalarField;
    location    "39.4";
    object      T;
}
// * * * * * * * * * * * * * * * * * * * * * * * * * * * * * * * * * * * * * //

dimensions      [0 0 0 0 1 0 0];

internalField   nonuniform 
100
(
(4 -5.703630593e-17 1.624202108e-17)
(4 -1.779760323e-16 -6.277530643e-17)
(4 8.825798842e-17 -1.405654161e-16)
(4 -1.953958732e-16 -7.489256554e-17)
(4 4.696962593e-18 -5.050777619e-17)
(4 -5.289037489e-16 -1.493454813e-16)
(4 4.764836504e-16 -1.48018153e-16)
(4 -3.802421571e-16 -9.129057628e-17)
(4 7.939158112e-16 9.551396812e-17)
(4 -1.309065909e-15 9.090496099e-17)
(4 1.412250405e-16 -5.189618535e-17)
(4 9.91505666e-17 2.153070873e-16)
(4 4.296837667e-16 -1.755776027e-16)
(4 4.987601209e-17 -5.11701196e-17)
(4 -1.275405242e-17 5.585186347e-17)
(4 -5.408483886e-17 9.878863326e-17)
(4 4.750048205e-17 -7.042351877e-17)
(4 3.066820229e-17 -7.508693515e-17)
(4 -8.520469989e-17 8.245277689e-17)
(4 -1.965380987e-16 -1.557251089e-16)
(4 2.492364973e-16 -2.30505382e-16)
(4 5.304503376e-17 4.662807516e-17)
(4 8.258193212e-18 -2.884429317e-17)
(4 -2.324432294e-16 -3.926943622e-17)
(4 2.158933325e-17 -1.130520843e-16)
(4 -1.093681745e-17 4.396162065e-17)
(4 1.371511249e-17 3.323334325e-16)
(4 -5.201476944e-17 8.650363392e-18)
(4 -4.274731484e-16 3.145856311e-16)
(4 -3.039827835e-16 2.491722646e-16)
(4 5.242148469e-16 2.170666218e-16)
(4 -8.50735411e-16 -1.390087976e-16)
(4 9.402346398e-16 3.892931587e-17)
(4 -1.262471489e-15 -9.605977901e-18)
(4 1.245439767e-15 -1.111144794e-16)
(4 -6.416323801e-16 1.593656686e-16)
(4 8.997224273e-16 8.695648968e-17)
(4 -1.441770296e-15 -1.685982142e-17)
(4 1.157881943e-15 -5.108531079e-17)
(4 -3.85094296e-16 3.0206909e-16)
(4 3.355109271e-16 -1.007387493e-16)
(4 6.491533455e-17 -4.509925736e-17)
(4 -2.360697465e-16 1.596853364e-17)
(4 1.007734711e-16 -1.898497042e-16)
(4 -4.875560876e-16 2.253066542e-16)
(4 8.746412869e-16 -1.93446355e-17)
(4 -1.155032427e-15 4.741583743e-17)
(4 1.082407504e-15 -1.423499933e-16)
(4 -8.316783969e-16 1.005928206e-16)
(4 3.210506101e-16 2.372861959e-16)
(4 7.351211522e-15 4.774852652e-15)
(4 8.146473116e-14 3.8001105e-14)
(4 7.143589762e-13 3.163883055e-13)
(4 5.748799226e-12 2.441274208e-12)
(4 4.313017182e-11 1.754481074e-11)
(4 3.007646898e-10 1.166906606e-10)
(4.000000002 1.940447614e-09 7.145604185e-10)
(4.000000014 1.152972844e-08 4.008689382e-09)
(4.000000078 6.28169418e-08 2.050817076e-08)
(4.000000407 3.126410234e-07 9.532264577e-08)
(4.000001942 1.417504697e-06 4.0150984e-07)
(4.000008471 5.845307929e-06 1.530495357e-06)
(4.000033734 2.191138365e-05 5.277890638e-06)
(4.000122732 7.469554745e-05 1.647344048e-05)
(4.000408381 0.0002318351542 4.658433543e-05)
(4.00124487 0.0006562112917 0.0001195069494)
(4.003483836 0.001697282071 0.0002785167051)
(4.008972709 0.004020337128 0.0005904532132)
(4.021324018 0.008741051768 0.001139879)
(4.046892624 0.01748494574 0.002005147335)
(4.095694429 0.03225243002 0.003213907486)
(4.181765183 0.05498381563 0.00468879404)
(4.322336962 0.08682184885 0.006209615218)
(4.535379207 0.1272503013 0.007424677757)
(4.835591192 0.1734613764 0.007930156329)
(5.229704516 0.2203453344 0.007403185409)
(5.712593953 0.2613184561 0.0057382509)
(6.265788718 0.2898518001 0.003121883133)
(6.859330681 0.3012065064 2.103061144e-06)
(7.456747815 0.2937297405 -0.003041975958)
(8.021735584 0.269222587 -0.005476470531)
(8.524531741 0.2322810053 -0.006961414212)
(8.946197823 0.1889247399 -0.007417045168)
(9.279915354 0.1450602997 -0.006995905562)
(9.529496579 0.1052891282 -0.005989978818)
(9.706115305 0.07233770765 -0.004721023543)
(9.82452978 0.04710261086 -0.003455446658)
(9.899839381 0.02910448858 -0.00236306504)
(9.945326857 0.01708557095 -0.001516736338)
(9.971450447 0.009540219552 -0.0009169338974)
(9.985731591 0.005072678464 -0.0005236085342)
(9.993171348 0.002571247362 -0.0002831179301)
(9.996868642 0.001243777915 -0.000145254731)
(9.998623293 0.0005747609431 -7.084366117e-05)
(9.999419307 0.0002539912095 -3.29006844e-05)
(9.999764851 0.0001074404695 -1.457151287e-05)
(9.999908518 4.354669666e-05 -6.163284402e-06)
(9.999965784 1.69274277e-05 -2.49286254e-06)
(9.999987688 6.316490188e-06 -9.653819527e-07)
(9.999995735 2.264650216e-06 -3.58361675e-07)
)
;

boundaryField
{
    left
    {
        type            dirichlet;
        value           uniform (4 0 0);
    }
    right
    {
        type            dirichlet;
        value           uniform (4 0 0);
    }
    sides
    {
        type            empty;
    }
}


// ************************************************************************* //
