/*--------------------------------*- C++ -*----------------------------------*\
| =========                 |                                                 |
| \\      /  F ield         | foam-extend: Open Source CFD                    |
|  \\    /   O peration     | Version:     4.1                                |
|   \\  /    A nd           | Web:         http://www.foam-extend.org         |
|    \\/     M anipulation  |                                                 |
\*---------------------------------------------------------------------------*/
FoamFile
{
    version     2.0;
    format      ascii;
    class       cellScalarField;
    location    "38.9";
    object      T;
}
// * * * * * * * * * * * * * * * * * * * * * * * * * * * * * * * * * * * * * //

dimensions      [0 0 0 0 1 0 0];

internalField   nonuniform 
100
(
(4 -5.703630593e-17 1.624202108e-17)
(4 7.220993164e-17 8.831827326e-17)
(4 -6.828841729e-17 2.231967093e-16)
(4 -2.301901849e-17 -8.923726302e-17)
(4 -2.456984025e-17 -1.609075265e-16)
(4 -4.290088943e-16 -8.32475622e-17)
(4 3.733915431e-16 1.57443756e-17)
(4 -3.296311804e-16 1.803620821e-16)
(4 6.42755506e-16 -1.533105528e-16)
(4 -1.225117833e-15 -2.308335809e-16)
(4 1.022005626e-16 -1.389356148e-16)
(4 4.337632287e-16 -1.962768646e-16)
(4 7.40417917e-16 -2.066740741e-17)
(4 5.813766074e-17 -1.452401657e-17)
(4 -1.170927636e-16 9.738277061e-17)
(4 1.008390601e-16 -4.356689879e-17)
(4 3.139453242e-18 -1.571545862e-17)
(4 -1.203403671e-16 6.501901905e-17)
(4 -5.681273693e-17 -2.114651631e-17)
(4 -6.325655309e-17 -6.645138621e-17)
(4 2.301253242e-17 -9.300056731e-18)
(4 -9.029776812e-17 7.477385068e-17)
(4 7.780433087e-17 -5.078623199e-17)
(4 -2.566707196e-16 -1.164329204e-16)
(4 8.139885605e-17 -8.969594689e-17)
(4 -2.228970548e-16 -1.694048139e-17)
(4 3.716522063e-16 1.652042617e-16)
(4 -8.208634306e-16 -6.536993464e-17)
(4 3.456233091e-16 -9.406437799e-17)
(4 -3.502519665e-16 5.184244923e-17)
(4 9.171097609e-16 -1.291518809e-17)
(4 -7.909208244e-16 -2.498627795e-16)
(4 8.770478905e-16 -1.536156194e-16)
(4 -1.443189564e-15 -2.303696873e-16)
(4 1.351625483e-15 3.331407678e-17)
(4 -8.323474501e-16 2.771896601e-16)
(4 8.111886164e-16 2.107646958e-16)
(4 -1.015714341e-15 -1.889225307e-16)
(4 9.363049909e-16 -6.328304731e-17)
(4 -5.228908964e-16 3.100778631e-16)
(4 1.925181339e-17 1.265897516e-16)
(4 7.718655401e-17 -6.456666107e-17)
(4 -1.139112614e-16 -1.30413851e-16)
(4 -8.991803849e-19 -3.980894265e-17)
(4 -4.192302211e-16 1.63740098e-17)
(4 8.751781742e-16 -4.545984496e-17)
(4 -8.158181315e-16 -2.718829273e-16)
(4 1.005470513e-15 -1.394972799e-16)
(4 -1.190611955e-15 3.238486876e-17)
(4 4.732955166e-15 2.786176796e-15)
(4 5.549255276e-14 2.637862209e-14)
(4 4.958231365e-13 2.228732688e-13)
(4 4.087866773e-12 1.758862135e-12)
(4 3.136971762e-11 1.294184322e-11)
(4 2.239018546e-10 8.817177949e-11)
(4.000000002 1.479100451e-09 5.532654847e-10)
(4.000000011 9.000596852e-09 3.181091383e-09)
(4.000000062 5.02203893e-08 1.667710699e-08)
(4.000000329 2.558895997e-07 7.939332109e-08)
(4.000001606 1.186949971e-06 3.422074808e-07)
(4.000007153 5.002358871e-06 1.333242703e-06)
(4.00002907 1.914024708e-05 4.692531154e-06)
(4.000107787 6.650622297e-05 1.492560846e-05)
(4.000365001 0.0002100765796 4.294343262e-05)
(4.00113068 0.0006042276556 0.0001119093926)
(4.00321088 0.001585630831 0.0002645225263)
(4.008379455 0.003804966721 0.0005679100614)
(4.020150342 0.008368838242 0.001108684839)
(4.04477753 0.01691137461 0.00196948956)
(4.092221944 0.0314716158 0.003183699542)
(4.176575521 0.05406188527 0.004678582613)
(4.315292371 0.08591538747 0.006233960259)
(4.526734109 0.1265899474 0.007491037764)
(4.8260865 0.1732926229 0.008032587811)
(5.220512049 0.2208413986 0.007520901913)
(5.705088897 0.2625010684 0.005841159867)
(6.261206745 0.2915597192 0.003181391306)
(6.858429699 0.3031324255 2.177228905e-06)
(7.459603437 0.2955133447 -0.00309895039)
(8.027745607 0.2705601983 -0.005571678404)
(8.532616563 0.2330064587 -0.007067892641)
(8.955107983 0.1890336589 -0.007509789204)
(9.288529841 0.1446784645 -0.007059224915)
(9.537021477 0.1046084725 -0.006019776859)
(9.712148731 0.07155046139 -0.004722502961)
(9.829013579 0.04635602062 -0.003438529401)
(9.902948348 0.02848366757 -0.002337977018)
(9.947347867 0.01661931754 -0.001491233801)
(9.97268674 0.009218791938 -0.0008954284954)
(9.986445401 0.004867208127 -0.000507637442)
(9.993561331 0.002448605059 -0.0002723801374)
(9.99707069 0.001175074457 -0.0001386169887)
(9.998722751 0.0005384959688 -6.703348884e-05)
(9.999465903 0.000235896152 -3.085575472e-05)
(9.99978566 9.88826971e-05 -1.354007192e-05)
(9.99991739 3.970176293e-05 -5.67240059e-06)
(9.999969399 1.528297856e-05 -2.271710336e-06)
(9.999989098 5.645776459e-06 -8.708098548e-07)
(9.999996262 2.003345883e-06 -3.198840586e-07)
(9.999998765 6.834308489e-07 -1.127326464e-07)
)
;

boundaryField
{
    left
    {
        type            dirichlet;
        value           uniform (4 0 0);
    }
    right
    {
        type            dirichlet;
        value           uniform (4 0 0);
    }
    sides
    {
        type            empty;
    }
}


// ************************************************************************* //
