/*--------------------------------*- C++ -*----------------------------------*\
| =========                 |                                                 |
| \\      /  F ield         | foam-extend: Open Source CFD                    |
|  \\    /   O peration     | Version:     4.1                                |
|   \\  /    A nd           | Web:         http://www.foam-extend.org         |
|    \\/     M anipulation  |                                                 |
\*---------------------------------------------------------------------------*/
FoamFile
{
    version     2.0;
    format      ascii;
    class       cellScalarField;
    location    "48.6";
    object      T;
}
// * * * * * * * * * * * * * * * * * * * * * * * * * * * * * * * * * * * * * //

dimensions      [0 0 0 0 1 0 0];

internalField   nonuniform 
100
(
(4 -5.703630593e-17 1.624202108e-17)
(4 -2.236347134e-17 3.019901335e-17)
(4 1.632064777e-17 -2.926651114e-17)
(4 -2.805240524e-17 4.965595843e-18)
(4 1.109606025e-16 -8.199382921e-17)
(4 -5.169296062e-16 -2.310389751e-17)
(4 3.589746696e-16 1.872932793e-17)
(4 -3.634035469e-16 3.936299331e-17)
(4 8.06699044e-16 2.274008596e-17)
(4 -1.312224752e-15 -1.028172012e-16)
(4 3.61900189e-16 -9.68137753e-17)
(4 -1.395593736e-17 7.433677951e-17)
(4 8.85394221e-16 -2.163775409e-17)
(4 -8.327082354e-17 -6.760903568e-17)
(4 1.096115437e-17 -2.172927333e-17)
(4 2.122622611e-16 -1.667071435e-16)
(4 7.899749291e-17 2.157464657e-16)
(4 -1.147976166e-17 -3.802218563e-17)
(4 2.439218146e-17 4.181314543e-17)
(4 -2.360257689e-16 9.957888814e-17)
(4 9.082250993e-17 -1.576182091e-16)
(4 -1.886778298e-16 1.302452419e-16)
(4 2.949272109e-16 -7.925506283e-17)
(4 1.938020165e-16 7.001815525e-17)
(4 -1.42876785e-16 2.660462727e-16)
(4 -5.302709793e-17 1.123536841e-16)
(4 -1.092834464e-16 3.010321379e-16)
(4 -2.869278482e-18 -2.800704135e-17)
(4 -4.632024757e-16 3.696155958e-17)
(4 5.253967243e-16 -2.002629205e-16)
(4 4.894353588e-17 1.621215889e-16)
(4 -3.074513976e-16 -6.878786152e-17)
(4 -8.945374648e-17 -8.442241844e-17)
(4 -4.645973389e-16 -1.328668334e-16)
(4 2.068227865e-16 -4.507193814e-17)
(4 -3.061509256e-16 1.061672091e-16)
(4 7.365260734e-16 -4.194927531e-17)
(4 -1.004498873e-15 2.739205516e-16)
(4 4.926048643e-16 4.361289506e-17)
(4 -6.862140883e-18 -5.140073179e-17)
(4 -5.062110165e-17 -9.558378194e-17)
(4 -4.107818284e-17 -7.362331251e-17)
(4 1.504921008e-16 -6.01732687e-17)
(4 -6.509208922e-19 9.872211256e-17)
(4 -3.17227253e-16 -6.55234939e-17)
(4 8.349283833e-16 -8.798401262e-17)
(4 -8.631552334e-16 4.650524332e-17)
(4 7.917138901e-16 -4.850559863e-17)
(4 -7.748958248e-16 -2.705491738e-16)
(4 4.155652335e-16 -1.238490264e-17)
(4 3.491802648e-17 1.443610752e-16)
(4 -1.941172814e-16 -1.441110438e-16)
(4 1.820675269e-16 -5.778356134e-17)
(4 7.491559356e-17 1.955348014e-16)
(4 -1.467215249e-16 4.178349477e-16)
(4 1.585713003e-16 -1.73966162e-16)
(4 4.41557716e-17 1.765893844e-17)
(4 -6.659704141e-18 2.476822145e-17)
(4 -4.471352314e-18 -7.618605512e-17)
(4 9.661433595e-17 -6.635435343e-17)
(4 -1.639682444e-16 -1.502176044e-16)
(4 9.37741097e-17 -1.453510229e-16)
(4 -4.111705104e-17 -5.716514696e-17)
(4 1.483719966e-17 -1.993136651e-16)
(4 1.00523775e-15 5.740338289e-16)
(4 4.329410697e-15 2.386473324e-15)
(4 4.506155171e-14 1.87607917e-14)
(4 3.25533488e-13 1.303139685e-13)
(4 2.229636572e-12 8.61942623e-13)
(4 1.439490836e-11 5.33371131e-12)
(4 8.695926488e-11 3.080182531e-11)
(4.000000001 4.905917809e-10 1.655588351e-10)
(4.000000003 2.578269113e-09 8.260789961e-10)
(4.000000017 1.259516781e-08 3.818036431e-09)
(4.000000078 5.709676543e-08 1.63193648e-08)
(4.000000344 2.399134023e-07 6.444008548e-08)
(4.000001407 9.338484148e-07 2.349524417e-07)
(4.000005337 3.366999418e-06 7.909731457e-07)
(4.000018823 1.124895204e-05 2.459536159e-06)
(4.00006175 3.484950353e-05 7.068510363e-06)
(4.00018862 0.0001002142329 1.879057112e-05)
(4.000537167 0.0002678123401 4.62473792e-05)
(4.001428353 0.00066600928 0.0001054817516)
(4.003551934 0.001543465066 0.0002231508764)
(4.008274493 0.003338256009 0.000438217178)
(4.018090203 0.006748335662 0.0007992948682)
(4.037185772 0.01276952885 0.001354532753)
(4.072006404 0.0226513258 0.002132576545)
(4.131607056 0.03772074061 0.003117273589)
(4.227498495 0.0590536566 0.004224337148)
(4.372713636 0.08703393266 0.005292316901)
(4.579975495 0.1209157756 0.006099340208)
(4.859138053 0.1585582686 0.006409245968)
(5.214411425 0.1964930473 0.006037824431)
(5.642127906 0.2303990899 0.004917772397)
(6.129814045 0.2559146756 0.003136732232)
(6.657047426 0.2695748727 0.0009302845597)
(7.198069225 0.2695916399 -0.001371313985)
(7.725581296 0.256232433 -0.003425332659)
(8.214794331 0.2316892965 -0.004959281651)
)
;

boundaryField
{
    left
    {
        type            dirichlet;
        value           uniform (4 0 0);
    }
    right
    {
        type            dirichlet;
        value           uniform (4 0 0);
    }
    sides
    {
        type            empty;
    }
}


// ************************************************************************* //
