/*--------------------------------*- C++ -*----------------------------------*\
| =========                 |                                                 |
| \\      /  F ield         | foam-extend: Open Source CFD                    |
|  \\    /   O peration     | Version:     4.1                                |
|   \\  /    A nd           | Web:         http://www.foam-extend.org         |
|    \\/     M anipulation  |                                                 |
\*---------------------------------------------------------------------------*/
FoamFile
{
    version     2.0;
    format      ascii;
    class       cellScalarField;
    location    "29.8";
    object      T;
}
// * * * * * * * * * * * * * * * * * * * * * * * * * * * * * * * * * * * * * //

dimensions      [0 0 0 0 1 0 0];

internalField   nonuniform 
100
(
(4 -5.703630593e-17 1.624202108e-17)
(4 6.193659715e-17 4.776220905e-17)
(4 2.46239765e-17 5.741818897e-17)
(4 -7.822367568e-17 -1.236855939e-17)
(4 2.09238053e-16 -1.265834765e-16)
(4 -4.077445147e-16 1.197900408e-16)
(4 3.939388134e-16 -9.543779801e-17)
(4 -4.765106163e-16 9.635637997e-17)
(4 6.903578838e-16 -2.030508455e-16)
(4 -3.542057313e-16 -4.549759313e-16)
(4 -1.143679902e-16 1.223027895e-16)
(4 4.237413698e-16 -1.204836622e-16)
(4 4.781895165e-16 -7.722205816e-17)
(4 -7.409739165e-18 2.494190679e-16)
(4 -2.234340952e-16 -9.808348405e-17)
(4 1.149346007e-20 1.036365646e-16)
(4 -1.149225821e-16 -6.286025351e-17)
(4 -2.771937001e-16 -4.849970027e-17)
(4 -6.78540051e-17 1.109395314e-16)
(4 -2.439937634e-16 -8.35143469e-17)
(4 9.944380612e-17 -7.558209504e-17)
(4 1.698232296e-17 7.446304975e-17)
(4 -3.250075554e-17 1.760857867e-16)
(4 -7.794650276e-17 6.724351007e-17)
(4 -9.909408101e-17 -1.118993098e-16)
(4 1.995406998e-16 2.445942266e-16)
(4 -1.846035177e-16 -1.95080675e-16)
(4 6.526884009e-16 1.172023748e-16)
(4 -1.403779235e-15 -1.930153089e-16)
(4 1.215798927e-15 -1.260037283e-16)
(4 -3.775804918e-16 4.198299464e-16)
(4 3.104102327e-16 1.209108685e-16)
(4 -4.737235407e-18 1.838559647e-17)
(4 -4.333860441e-16 -4.51582625e-17)
(4 2.364276164e-15 1.822896593e-15)
(4 3.599771596e-14 1.91905019e-14)
(4 4.079765657e-13 2.069257773e-13)
(4 4.229703056e-12 2.069917411e-12)
(4 4.082522562e-11 1.918080777e-11)
(4 3.640360163e-10 1.633549859e-10)
(4.000000003 2.980310547e-09 1.27020634e-09)
(4.000000024 2.22585902e-08 8.9502486e-09)
(4.000000169 1.504913341e-07 5.66066112e-08)
(4.000001077 9.127424668e-07 3.179711925e-07)
(4.000006139 4.922285038e-06 1.572007597e-06)
(4.000031181 2.344753991e-05 6.799846281e-06)
(4.000140546 9.831748015e-05 2.566866801e-05)
(4.00056167 0.0003626795585 8.456141757e-05)
(4.001992566 0.001178888411 0.0002435029034)
(4.006293026 0.003386728252 0.0006143459511)
(4.017763373 0.008631393876 0.00136123161)
(4.045018442 0.01959567467 0.002653805494)
(4.102942545 0.0397960869 0.004555738252)
(4.213488708 0.07259612873 0.0068790013)
(4.403677714 0.1194279366 0.009096894027)
(4.699751877 0.1778533118 0.01042648272)
(5.118281252 0.2406235002 0.01011376347)
(5.657316964 0.296758957 0.00780914936)
(6.291846971 0.3346927922 0.003816797145)
(6.976597236 0.3462388206 -0.0009569465162)
(7.655943276 0.3294819685 -0.00535216183)
(8.277239628 0.2891941013 -0.008411762431)
(8.802371025 0.2347287279 -0.009702865252)
(9.213576386 0.1766145557 -0.009366360546)
(9.512585089 0.1234771976 -0.00792865595)
(9.714939504 0.08039337004 -0.006021858984)
(9.842664397 0.04884954562 -0.004159159539)
(9.918011522 0.02775908156 -0.00263572416)
(9.959635868 0.01478148689 -0.001542482973)
(9.98121076 0.007389806856 -0.0008377938945)
(9.991722461 0.003475000797 -0.0004240473446)
(9.996545234 0.001539791162 -0.0002006971393)
(9.998632472 0.0006440313104 -8.908663002e-05)
(9.999486018 0.0002546946493 -3.718603283e-05)
(9.999816363 9.53909627e-05 -1.463137477e-05)
(9.999937557 3.388867307e-05 -5.438563704e-06)
(9.999979768 1.14373786e-05 -1.913653097e-06)
(9.999993746 3.672550618e-06 -6.386316093e-07)
(9.999998154 1.123579841e-06 -2.025000425e-07)
(9.999999479 3.279757698e-07 -6.111169043e-08)
(9.999999859 9.146815754e-08 -1.758116876e-08)
(9.999999964 2.440390816e-08 -4.829053052e-09)
(9.999999991 6.236826093e-09 -1.268246228e-09)
(9.999999998 1.528687863e-09 -3.189183441e-10)
(10 3.597953758e-10 -7.689417205e-11)
(10 8.14007126e-11 -1.779743212e-11)
(10 1.772822566e-11 -3.959555757e-12)
(10 3.717249266e-12 -8.481867291e-13)
(10 7.52670362e-13 -1.740686703e-13)
(10 1.448507995e-13 -3.529520238e-14)
(10 2.882257692e-14 -5.66647023e-15)
(10 8.647628035e-15 -2.724978339e-15)
(10 3.858220863e-16 -6.616394932e-16)
(10 -2.867020332e-18 4.015843992e-16)
(10 6.76217856e-17 -4.93785853e-18)
(10 -1.224805517e-16 -2.133400136e-16)
(10 -3.275237457e-17 -1.078430383e-16)
(10 1.03195596e-16 -5.99579517e-16)
(10 -2.03842936e-16 -9.211420722e-17)
(10 -3.131635322e-16 3.32368334e-15)
)
;

boundaryField
{
    left
    {
        type            dirichlet;
        value           uniform (4 0 0);
    }
    right
    {
        type            dirichlet;
        value           uniform (4 0 0);
    }
    sides
    {
        type            empty;
    }
}


// ************************************************************************* //
