/*--------------------------------*- C++ -*----------------------------------*\
| =========                 |                                                 |
| \\      /  F ield         | foam-extend: Open Source CFD                    |
|  \\    /   O peration     | Version:     4.1                                |
|   \\  /    A nd           | Web:         http://www.foam-extend.org         |
|    \\/     M anipulation  |                                                 |
\*---------------------------------------------------------------------------*/
FoamFile
{
    version     2.0;
    format      ascii;
    class       cellScalarField;
    location    "23.7";
    object      T;
}
// * * * * * * * * * * * * * * * * * * * * * * * * * * * * * * * * * * * * * //

dimensions      [0 0 0 0 1 0 0];

internalField   nonuniform 
100
(
(4 -5.703630593e-17 1.624202108e-17)
(4 3.42303327e-17 3.540345744e-17)
(4 -6.607680842e-17 -3.857397165e-17)
(4 -1.401489071e-16 7.104972766e-17)
(4 1.48181127e-17 -3.490638362e-17)
(4 -4.501508425e-16 -5.579059661e-17)
(4 4.494511919e-16 1.413404112e-17)
(4 -4.984748625e-16 1.081284528e-16)
(4 7.835314892e-16 -1.684712619e-16)
(4 -1.428352467e-15 -1.01192422e-16)
(4 3.989905977e-16 -6.162737254e-17)
(4 9.277365969e-16 -6.209456522e-17)
(4 -8.165851032e-16 -1.090085891e-16)
(4 2.78056254e-16 -1.681448499e-16)
(4 4.817248724e-16 1.342685609e-16)
(4 -7.25530886e-16 1.451089036e-16)
(4 7.266820093e-16 -1.521187099e-16)
(4 -8.117949452e-16 -3.6744185e-16)
(4 1.01926033e-15 -5.913807565e-17)
(4 -7.203419345e-16 -1.012477939e-16)
(4 7.236761108e-16 1.556484702e-16)
(4 -9.405617575e-16 3.357835638e-16)
(4 6.193969695e-16 -1.629189845e-16)
(4 -5.27994869e-16 3.434683152e-16)
(4 2.512091974e-15 4.41357453e-16)
(4 1.659812927e-14 9.080541561e-15)
(4 2.269504315e-13 1.281847488e-13)
(4 2.936300498e-12 1.596511774e-12)
(4 3.485662873e-11 1.819546417e-11)
(4 3.802808219e-10 1.902213656e-10)
(4.000000004 3.792128298e-09 1.802882002e-09)
(4.000000035 3.420920844e-08 1.535272532e-08)
(4.00000029 2.772525926e-07 1.165608856e-07)
(4.000002189 1.99784554e-06 7.762657907e-07)
(4.000014582 1.258469909e-05 4.440718291e-06)
(4.000084679 6.815078225e-05 2.147240983e-05)
(4.000424121 0.0003140642741 8.709269593e-05)
(4.00182462 0.001228127288 0.0002960526263)
(4.006750961 0.004084837527 0.0008457576829)
(4.021584742 0.01161720989 0.002038611279)
(4.060041082 0.02843595536 0.004160298766)
(4.146429269 0.06032047842 0.007198708047)
(4.315674923 0.1116418185 0.0105371375)
(4.606655155 0.1814419886 0.01292303063)
(5.048271189 0.2604940367 0.01293946397)
(5.64317335 0.3322164314 0.009820850544)
(6.358137869 0.3783091273 0.004064694462)
(7.128380065 0.3865049283 -0.002668846668)
(7.875518943 0.3558642699 -0.008361228553)
(8.530774709 0.2965163653 -0.01160004142)
(9.052391228 0.2244666869 -0.01209050496)
(9.430678973 0.1549535188 -0.0105047983)
(9.681485171 0.09788571106 -0.007926145459)
(9.834009307 0.05677427521 -0.005306076355)
(9.919357662 0.0303302906 -0.003193760925)
(9.963435412 0.01496963341 -0.001744531943)
(9.984505566 0.006845678489 -0.0008708713051)
(9.993854156 0.002908722892 -0.0003995577937)
(9.997714393 0.001151412202 -0.0001692836392)
(9.999201653 0.0004257154297 -6.650377629e-05)
(9.999737623 0.0001473816164 -2.431423062e-05)
(9.99991872 4.788921721e-05 -8.300284373e-06)
(9.999976223 1.463859407e-05 -2.653744735e-06)
(9.99999342 4.218790232e-06 -7.968504936e-07)
(9.999998274 1.148755049e-06 -2.253107312e-07)
(9.99999957 2.961469502e-07 -6.013669612e-08)
(9.999999898 7.242412303e-08 -1.518635021e-08)
(9.999999977 1.683366311e-08 -3.636401933e-09)
(9.999999995 3.725501176e-09 -8.273571794e-10)
(9.999999999 7.864323735e-10 -1.792132158e-10)
(10 1.586121754e-10 -3.702546156e-11)
(10 3.061262366e-11 -7.309167052e-12)
(10 5.660563315e-12 -1.380315104e-12)
(10 1.004530376e-12 -2.494683712e-13)
(10 1.714834705e-13 -4.319205905e-14)
(10 2.722634103e-14 -6.632182641e-15)
(10 6.584473353e-15 -2.140785787e-15)
(10 -3.334127588e-16 -9.226560485e-17)
(10 -9.62150142e-17 3.709118719e-16)
(10 -2.314711829e-16 5.504347959e-16)
(10 2.678447731e-17 -7.058207068e-16)
(10 -1.042159721e-16 1.019252554e-16)
(10 -2.902806602e-16 3.122944467e-16)
(10 -7.995673795e-18 9.491270086e-17)
(10 -1.558174151e-16 2.931566704e-16)
(10 -2.997203841e-17 7.269251519e-17)
(10 3.521043685e-16 1.015064711e-16)
(10 -8.379695887e-17 4.221279658e-17)
(10 1.486818034e-17 -2.418426909e-16)
(10 -1.157290388e-16 -1.357643861e-16)
(10 7.696652545e-17 -8.281007684e-17)
(10 6.904561699e-17 4.103617352e-16)
(10 -1.517180036e-16 1.107997307e-16)
(10 -1.868773385e-16 -3.006531529e-16)
(10 1.518801276e-16 -6.483240714e-17)
(10 -5.152675493e-17 5.708925723e-16)
(10 -7.382601052e-16 -1.32186947e-16)
(10 4.139061374e-18 -4.420526659e-16)
(10 2.827834874e-16 -3.152386098e-16)
(10 -1.315957688e-15 3.699488168e-15)
)
;

boundaryField
{
    left
    {
        type            dirichlet;
        value           uniform (4 0 0);
    }
    right
    {
        type            dirichlet;
        value           uniform (4 0 0);
    }
    sides
    {
        type            empty;
    }
}


// ************************************************************************* //
