/*--------------------------------*- C++ -*----------------------------------*\
| =========                 |                                                 |
| \\      /  F ield         | foam-extend: Open Source CFD                    |
|  \\    /   O peration     | Version:     4.1                                |
|   \\  /    A nd           | Web:         http://www.foam-extend.org         |
|    \\/     M anipulation  |                                                 |
\*---------------------------------------------------------------------------*/
FoamFile
{
    version     2.0;
    format      ascii;
    class       cellScalarField;
    location    "2.3";
    object      T;
}
// * * * * * * * * * * * * * * * * * * * * * * * * * * * * * * * * * * * * * //

dimensions      [0 0 0 0 1 0 0];

internalField   nonuniform 
100
(
(4.000082685 0.000178514375 7.163981278e-05)
(4.000328498 -0.001412576876 0.000419863214)
(4.04911959 0.08810786065 0.0632341391)
(4.795104378 0.7440597925 0.1380557989)
(6.899210982 1.225056868 -0.03553423435)
(8.918212113 0.7119359318 -0.1103098658)
(9.77340113 0.1958797917 -0.04561288622)
(9.968187602 0.03211365518 -0.009036608643)
(9.996659008 0.003715407131 -0.001164632287)
(9.999716014 0.0003372890349 -0.0001133949885)
(9.999979402 2.566062309e-05 -9.064660793e-06)
(9.999998678 1.707395749e-06 -6.259469889e-07)
(9.999999923 1.022812042e-07 -3.860288117e-08)
(9.999999996 5.630778769e-09 -2.175701351e-09)
(10 2.891912548e-10 -1.139421034e-10)
(10 1.401385256e-11 -5.613527934e-12)
(10 6.46819744e-13 -2.619508256e-13)
(10 2.873355031e-14 -1.268762625e-14)
(10 -6.523782159e-16 -4.959516729e-17)
(10 5.834000338e-16 6.955771965e-16)
(10 -1.37771569e-15 -2.784371797e-17)
(10 1.598210844e-15 -2.366543754e-16)
(10 -9.143968336e-16 5.80705114e-16)
(10 -1.322797317e-16 -1.613835285e-16)
(10 3.639288136e-17 2.277158218e-16)
(10 -1.649248683e-17 -1.114327204e-17)
(10 2.414345128e-16 1.962039822e-16)
(10 -2.665115276e-16 -2.695577677e-17)
(10 1.364882016e-16 1.749606624e-17)
(10 -2.188385445e-16 5.564619676e-16)
(10 -1.000862168e-15 5.07888046e-16)
(10 1.354184939e-16 -7.673887638e-17)
(10 4.236895966e-18 -2.400961835e-18)
(10 1.325615645e-19 -7.511991322e-20)
(10 4.14751e-21 -2.350308646e-21)
(10 1.297649077e-22 -7.353510529e-23)
(10 4.060009801e-24 -2.300724081e-24)
(10 1.270272512e-25 -7.198373156e-26)
(10 3.974355545e-27 -2.252185572e-27)
(10 1.243473486e-28 -7.046508572e-29)
(10 3.890508229e-30 -2.204671017e-30)
(10 1.217239794e-31 -6.897847611e-32)
(10 3.808429654e-33 -2.158158766e-33)
(10 1.191559473e-34 -6.752322462e-35)
(10 3.728082303e-36 -2.112627549e-36)
(10 1.16642073e-37 -6.609866242e-38)
(10 3.649428981e-39 -2.068056258e-39)
(10 1.141811777e-40 -6.470412002e-41)
(10 3.572432088e-42 -2.024423524e-42)
(10 1.117720537e-43 -6.333891058e-44)
(10 3.497052562e-45 -1.981707117e-45)
(10 1.094134298e-46 -6.20023105e-47)
(10 3.423248906e-48 -1.93988342e-48)
(10 1.071039537e-49 -6.06935509e-50)
(10 3.350977453e-51 -1.898927666e-51)
(10 1.048422446e-52 -5.9411852e-53)
(10 3.280196219e-54 -1.858816325e-54)
(10 1.026271151e-55 -5.81565576e-56)
(10 3.210876284e-57 -1.81953391e-57)
(10 1.004581134e-58 -5.692745661e-59)
(10 3.143026223e-60 -1.781087394e-60)
(10 9.833657799e-62 -5.572540225e-62)
(10 3.076736042e-63 -1.743531873e-63)
(10 9.626740971e-65 -5.455334298e-65)
(10 3.012246577e-66 -1.707010797e-66)
(10 9.426171579e-68 -5.341785036e-68)
(10 2.950047614e-69 -1.671812501e-69)
(10 9.234035998e-71 -5.23311578e-71)
(10 2.891003105e-72 -1.638441877e-72)
(10 9.053826433e-74 -5.131361539e-74)
(10 2.83649496e-75 -1.607702171e-75)
(10 8.890907527e-77 -5.039633423e-77)
(10 2.788569451e-78 -1.580777587e-78)
(10 8.75295765e-80 -4.96236638e-80)
(10 2.750063599e-81 -1.559303769e-81)
(10 8.650305759e-83 -4.905505087e-83)
(10 2.724684972e-84 -1.545411005e-84)
(10 8.596077958e-86 -4.876579395e-86)
(10 2.7170183e-87 -1.541725216e-87)
(10 8.60607522e-89 -4.884625342e-89)
(10 2.732436993e-90 -1.551314524e-90)
(10 8.698325798e-92 -4.939920698e-92)
(10 2.776906786e-93 -1.577574527e-93)
(10 8.892290592e-95 -5.053523948e-95)
(10 2.856681167e-96 -1.624052497e-96)
(10 9.20774236e-98 -5.236629946e-98)
(10 2.977902278e-99 -1.694218697e-99)
(10 9.663383974e-101 -5.499780457e-101)
(10 3.146134427e-102 -1.79120055e-102)
(10 1.027531001e-103 -5.851989702e-104)
(10 3.365868132e-105 -1.917501434e-105)
(10 1.105544395e-106 -6.299860447e-107)
(10 3.640039234e-108 -2.074729409e-108)
(10 1.201009608e-109 -6.846772919e-110)
(10 3.96960892e-111 -2.263361826e-111)
(10 1.313878275e-112 -7.492225848e-113)
(10 4.353246508e-114 -2.482569308e-114)
(10 1.443342722e-115 -8.231396838e-116)
(10 4.787148066e-117 -2.730117516e-117)
(10 -2.793745872e-16 3.364605771e-15)
)
;

boundaryField
{
    left
    {
        type            dirichlet;
        value           uniform (4 0 0);
    }
    right
    {
        type            dirichlet;
        value           uniform (4 0 0);
    }
    sides
    {
        type            empty;
    }
}


// ************************************************************************* //
