/*--------------------------------*- C++ -*----------------------------------*\
| =========                 |                                                 |
| \\      /  F ield         | foam-extend: Open Source CFD                    |
|  \\    /   O peration     | Version:     4.1                                |
|   \\  /    A nd           | Web:         http://www.foam-extend.org         |
|    \\/     M anipulation  |                                                 |
\*---------------------------------------------------------------------------*/
FoamFile
{
    version     2.0;
    format      ascii;
    class       cellScalarField;
    location    "4.3";
    object      T;
}
// * * * * * * * * * * * * * * * * * * * * * * * * * * * * * * * * * * * * * //

dimensions      [0 0 0 0 1 0 0];

internalField   nonuniform 
100
(
(4 2.614490601e-09 5.808468592e-09)
(4.000000084 -1.135394048e-08 -1.640101829e-07)
(4.000000883 3.502948233e-06 7.020082119e-06)
(4.000115081 0.0001278256736 1.975579828e-05)
(4.00103633 0.001067383448 0.001359664826)
(4.028939511 0.03848235165 0.02038239747)
(4.298282405 0.2688028102 0.06599972948)
(5.263538878 0.7032430787 0.06231066389)
(6.932574212 0.903867512 -0.01566335575)
(8.54176762 0.6601428387 -0.06267337469)
(9.494997975 0.3031161008 -0.04659624517)
(9.869591099 0.09493212646 -0.01887785614)
(9.973961081 0.02173168765 -0.005081643059)
(9.995822973 0.003853157698 -0.00100681383)
(9.99944261 0.0005545922238 -0.0001570698609)
(9.999936277 6.72483207e-05 -2.024442218e-05)
(9.999993606 7.072249428e-06 -2.23336611e-06)
(9.999999426 6.599262218e-07 -2.165931104e-07)
(9.999999953 5.563030353e-08 -1.884815965e-08)
(9.999999996 4.297800122e-09 -1.495568676e-09)
(10 3.078535581e-10 -1.095989229e-10)
(10 2.063933638e-11 -7.495062177e-12)
(10 1.303784146e-12 -4.813772113e-13)
(10 7.817475575e-14 -2.872646156e-14)
(10 2.377428664e-15 -1.960676798e-15)
(10 1.990422367e-15 -5.292328661e-16)
(10 -6.943934878e-16 4.729147668e-16)
(10 8.109677224e-17 -4.803995744e-16)
(10 -1.870686245e-16 3.903716542e-16)
(10 6.6486266e-17 5.04462833e-16)
(10 -1.106524471e-16 -1.799060832e-16)
(10 -1.927061732e-16 7.899986929e-17)
(10 5.003565014e-16 -7.812435087e-18)
(10 -4.574416022e-16 1.228961256e-16)
(10 -2.826782587e-16 3.900765211e-16)
(10 1.755125939e-17 1.250799978e-16)
(10 -2.653070761e-16 2.454706408e-16)
(10 -1.893622644e-17 4.264546138e-17)
(10 -2.350284612e-17 1.461776845e-16)
(10 -4.542588985e-16 -9.92806808e-17)
(10 -1.210222596e-18 -3.765913218e-16)
(10 1.093612838e-16 -2.476806336e-16)
(10 8.523293918e-17 -4.060719252e-16)
(10 -5.817897996e-17 -2.008818928e-16)
(10 3.82304655e-17 2.275369465e-16)
(10 -1.685932662e-17 -1.087825639e-17)
(10 2.413900432e-16 1.962281516e-16)
(10 -2.66512645e-16 -2.695542951e-17)
(10 1.364883093e-16 1.74959894e-17)
(10 -2.188385326e-16 5.564619606e-16)
(10 -1.000862168e-15 5.078880458e-16)
(10 1.354184939e-16 -7.673887638e-17)
(10 4.236895964e-18 -2.400961834e-18)
(10 1.325615644e-19 -7.511991314e-20)
(10 4.147509993e-21 -2.350308642e-21)
(10 1.297649075e-22 -7.353510516e-23)
(10 4.060009799e-24 -2.300724081e-24)
(10 1.270272517e-25 -7.198373192e-26)
(10 3.974355599e-27 -2.252185607e-27)
(10 1.243473523e-28 -7.046508804e-29)
(10 3.890508449e-30 -2.204671151e-30)
(10 1.217239909e-31 -6.897848306e-32)
(10 3.808430225e-33 -2.158159109e-33)
(10 1.191559747e-34 -6.752324104e-35)
(10 3.728083609e-36 -2.112628333e-36)
(10 1.166421359e-37 -6.609870033e-38)
(10 3.649432069e-39 -2.068058123e-39)
(10 1.141813318e-40 -6.470421321e-41)
(10 3.572439844e-42 -2.024428212e-42)
(10 1.117724433e-43 -6.333914564e-44)
(10 3.497071927e-45 -1.981718763e-45)
(10 1.094143753e-46 -6.200287697e-47)
(10 3.42329405e-48 -1.939910357e-48)
(10 1.071060555e-49 -6.069479961e-50)
(10 3.351072669e-51 -1.898983985e-51)
(10 1.048464345e-52 -5.941431881e-53)
(10 3.280374945e-54 -1.858921038e-54)
(10 1.026344847e-55 -5.816085238e-56)
(10 3.211168734e-57 -1.819703301e-57)
(10 1.004692006e-58 -5.693383038e-59)
(10 3.143422569e-60 -1.781312942e-60)
(10 9.834959756e-62 -5.573269491e-62)
(10 3.077105648e-63 -1.743732507e-63)
(10 9.627471188e-65 -5.455689985e-65)
(10 3.012187818e-66 -1.706944907e-66)
(10 9.424360014e-68 -5.340591059e-68)
(10 2.948639562e-69 -1.670933417e-69)
(10 9.225533886e-71 -5.22792038e-71)
(10 2.886431987e-72 -1.635681663e-72)
(10 9.030902402e-74 -5.117626719e-74)
(10 2.825536807e-75 -1.601173617e-75)
(10 8.840377066e-77 -5.009659929e-77)
(10 2.765926335e-78 -1.567393588e-78)
(10 8.653871251e-80 -4.903970918e-80)
(10 2.707573469e-81 -1.534326218e-81)
(10 8.471300157e-83 -4.800511633e-83)
(10 2.650451675e-84 -1.501956472e-84)
(10 8.292580773e-86 -4.699235032e-86)
(10 2.594534982e-87 -1.470269631e-87)
(10 -1.677946897e-15 3.595362356e-15)
)
;

boundaryField
{
    left
    {
        type            dirichlet;
        value           uniform (4 0 0);
    }
    right
    {
        type            dirichlet;
        value           uniform (4 0 0);
    }
    sides
    {
        type            empty;
    }
}


// ************************************************************************* //
