/*--------------------------------*- C++ -*----------------------------------*\
| =========                 |                                                 |
| \\      /  F ield         | foam-extend: Open Source CFD                    |
|  \\    /   O peration     | Version:     4.1                                |
|   \\  /    A nd           | Web:         http://www.foam-extend.org         |
|    \\/     M anipulation  |                                                 |
\*---------------------------------------------------------------------------*/
FoamFile
{
    version     2.0;
    format      ascii;
    class       cellScalarField;
    location    "44.8";
    object      T;
}
// * * * * * * * * * * * * * * * * * * * * * * * * * * * * * * * * * * * * * //

dimensions      [0 0 0 0 1 0 0];

internalField   nonuniform 
100
(
(4 -5.703630593e-17 1.624202108e-17)
(4 -4.513049334e-17 -3.986377068e-17)
(4 -1.430411874e-16 3.899581682e-16)
(4 1.522505469e-16 1.490918851e-16)
(4 -3.191779438e-17 -2.482823227e-17)
(4 -3.774909968e-16 1.358002554e-17)
(4 2.688478226e-16 1.702445937e-16)
(4 -4.712428194e-16 -1.615218711e-16)
(4 7.408185503e-16 1.91202319e-16)
(4 -1.51070795e-15 -1.284107662e-16)
(4 2.736630759e-16 1.517849055e-17)
(4 3.702634585e-16 1.512716554e-16)
(4 4.651316197e-16 -3.603983157e-17)
(4 9.385979704e-18 2.43234233e-17)
(4 -4.964675269e-17 2.910224009e-16)
(4 -1.838908286e-16 -3.231649307e-16)
(4 7.87792673e-16 -1.278961831e-17)
(4 -6.086374792e-16 5.254826859e-17)
(4 4.516675876e-16 -3.102290511e-17)
(4 -1.732478277e-16 7.164761862e-17)
(4 1.937287815e-16 -2.827572719e-16)
(4 -1.665985093e-16 2.60699359e-16)
(4 4.116738268e-17 -1.133377896e-16)
(4 -3.554981029e-17 -6.370475567e-18)
(4 -6.202897621e-17 -7.983964299e-17)
(4 -6.349253122e-17 -1.186289726e-17)
(4 -1.662884164e-16 6.548788272e-17)
(4 -1.555202064e-16 3.240456979e-18)
(4 -2.959389779e-16 1.220209732e-17)
(4 3.274718063e-16 -4.125308828e-18)
(4 -3.738030354e-17 2.643624638e-17)
(4 -1.32077774e-16 -1.586601918e-16)
(4 1.169152538e-16 -6.522368712e-17)
(4 -5.370427197e-16 1.563783204e-16)
(4 6.451517496e-16 8.202177321e-17)
(4 -6.316411805e-16 -3.121867672e-16)
(4 1.214760226e-15 -5.427985528e-17)
(4 -1.032887279e-15 2.935954315e-16)
(4 4.120380548e-16 1.54113011e-17)
(4 -1.108980245e-17 -6.286389688e-17)
(4 1.496250441e-16 9.933216038e-17)
(4 -1.276763234e-16 4.390280324e-17)
(4 -1.831166055e-16 1.801980057e-17)
(4 8.806235652e-17 -1.236776589e-16)
(4 -4.235459446e-16 -7.308322411e-17)
(4 6.926452466e-16 7.424006845e-17)
(4 -8.685033291e-16 9.043801995e-19)
(4 7.170920767e-16 1.166276918e-16)
(4 -9.441306911e-16 2.063314139e-16)
(4 3.269350683e-16 -3.657776008e-17)
(4 5.342382621e-17 6.592456047e-17)
(4 1.944034161e-17 -6.791493325e-17)
(4 -4.759350467e-17 1.794183321e-16)
(4 -6.467909997e-17 1.643634574e-16)
(4 -6.832953819e-17 2.608355094e-17)
(4 -1.532410742e-16 -9.097883396e-18)
(4 -1.859593136e-17 -6.923326129e-17)
(4 6.739410964e-17 2.29547679e-16)
(4 1.506591735e-15 7.737092395e-16)
(4 9.348420109e-15 4.954913734e-15)
(4 8.871906552e-14 3.969658014e-14)
(4 6.979548826e-13 2.887791139e-13)
(4 5.028227741e-12 1.998373805e-12)
(4 3.38710442e-11 1.289130782e-11)
(4 2.128621673e-10 7.730601241e-11)
(4.000000001 1.243804733e-09 4.292925917e-10)
(4.000000008 6.73558655e-09 2.200224604e-09)
(4.000000044 3.370992685e-08 1.037850779e-08)
(4.000000211 1.555779351e-07 4.496174017e-08)
(4.000000942 6.611559159e-07 1.786525334e-07)
(4.000003879 2.585242717e-06 6.506759061e-07)
(4.000014748 9.300540431e-06 2.1722442e-06)
(4.000051801 3.07991428e-05 6.650383842e-06)
(4.000168238 9.397242776e-05 1.868656051e-05)
(4.000505914 0.000264511454 4.823854379e-05)
(4.001410884 0.0006878928683 0.0001145288684)
(4.003655611 0.001655553552 0.0002503552463)
(4.008817429 0.003693702981 0.0005043517395)
(4.019840176 0.007653204715 0.000937056021)
(4.041736493 0.01475214516 0.00160630594)
(4.082267604 0.02650066782 0.002540300092)
(4.152295804 0.044441863 0.003703279902)
(4.265415576 0.06969247801 0.004967141472)
(4.436527172 0.1023623141 0.006107305848)
(4.679282282 0.1410372456 0.006837273676)
(5.002768373 0.1825670407 0.006881689928)
(5.408247909 0.2223502438 0.006067662573)
(5.887003751 0.2551458586 0.004399364897)
(6.420185626 0.2762244741 0.002081813393)
(6.98099674 0.2825039964 -0.000521585855)
(7.53880129 0.2732889506 -0.002985011765)
(8.064089254 0.2503698687 -0.004934070583)
(8.532979371 0.2174775231 -0.006135910871)
(8.930166126 0.1793131921 -0.006537069626)
(9.249794135 0.1404925469 -0.006244285598)
(9.49440914 0.1047129773 -0.005465367895)
(9.672629645 0.07431956614 -0.004437697214)
(9.796367859 0.05028026966 -0.003369137067)
(9.878317072 0.03245697141 -0.002404779648)
(9.930136463 0.02000999991 -0.001620252211)
)
;

boundaryField
{
    left
    {
        type            dirichlet;
        value           uniform (4 0 0);
    }
    right
    {
        type            dirichlet;
        value           uniform (4 0 0);
    }
    sides
    {
        type            empty;
    }
}


// ************************************************************************* //
