/*--------------------------------*- C++ -*----------------------------------*\
| =========                 |                                                 |
| \\      /  F ield         | foam-extend: Open Source CFD                    |
|  \\    /   O peration     | Version:     4.1                                |
|   \\  /    A nd           | Web:         http://www.foam-extend.org         |
|    \\/     M anipulation  |                                                 |
\*---------------------------------------------------------------------------*/
FoamFile
{
    version     2.0;
    format      ascii;
    class       cellScalarField;
    location    "19.5";
    object      T;
}
// * * * * * * * * * * * * * * * * * * * * * * * * * * * * * * * * * * * * * //

dimensions      [0 0 0 0 1 0 0];

internalField   nonuniform 
100
(
(4 -5.703630593e-17 1.624202108e-17)
(4 -1.114929932e-16 2.201937103e-17)
(4 1.544466132e-16 -2.297246124e-17)
(4 -1.402457858e-16 -6.809265197e-17)
(4 1.321810741e-16 -3.943142736e-17)
(4 -5.212482369e-16 1.742338469e-16)
(4 4.107818388e-16 -6.996215371e-18)
(4 -2.378021352e-16 1.628739253e-17)
(4 7.114333842e-16 2.710836445e-17)
(4 -1.613973621e-15 2.303503755e-16)
(4 2.11316153e-16 -1.241606302e-16)
(4 8.855337592e-16 -7.458455874e-17)
(4 -2.9629699e-16 -1.053823108e-16)
(4 1.384818857e-16 1.590878364e-17)
(4 3.522419568e-16 -6.315324146e-17)
(4 5.126352717e-16 2.661162413e-16)
(4 1.875166491e-15 -5.631976985e-16)
(4 2.137849034e-16 3.751058806e-16)
(4 3.38740729e-15 1.856383746e-15)
(4 6.990345223e-14 4.298600805e-14)
(4 1.102766522e-12 6.633909454e-13)
(4 1.628742556e-11 9.318860584e-12)
(4 2.143242626e-10 1.173103636e-10)
(4.000000002 2.579949631e-09 1.356343377e-09)
(4.000000027 2.814252966e-08 1.394751362e-08)
(4.000000269 2.722003328e-07 1.264888019e-07)
(4.000002395 2.333114763e-06 1.010105991e-06)
(4.000018842 1.747611847e-05 6.886520012e-06)
(4.000127861 0.0001107660461 3.858161729e-05)
(4.000730409 0.0005785936027 0.0001739005037)
(4.003468526 0.002466050379 0.0006278434184)
(4.013684401 0.008595350199 0.001823163883)
(4.045163948 0.02470278232 0.004285018303)
(4.126003754 0.05914869617 0.008188579176)
(4.300719826 0.1192462539 0.01271780934)
(4.62158153 0.2044472234 0.01588300984)
(5.126793259 0.3008431995 0.01539710584)
(5.814455001 0.3831330079 0.01027323455)
(6.629704559 0.4255101835 0.001840863271)
(7.477347067 0.4149883456 -0.006847876388)
(8.255191782 0.3576816515 -0.0128233301)
(8.888880489 0.2740644132 -0.01476548048)
(9.349698962 0.1877095 -0.01327188904)
(9.650355656 0.1155120547 -0.009985617008)
(9.827197157 0.06417615146 -0.006494434878)
(9.921394973 0.03233759208 -0.003720059066)
(9.967031331 0.01484257344 -0.001900480973)
(9.98722311 0.006231116874 -0.0008740650786)
(9.995413974 0.002402045195 -0.0003646081225)
(9.998471702 0.0008534547464 -0.0001388091284)
(9.99952593 0.0002804892779 -4.849115331e-05)
(9.999862768 8.556018057e-05 -1.5618501e-05)
(9.999962833 2.430322837e-05 -4.658286548e-06)
(9.999990558 6.448324235e-06 -1.291634843e-06)
(9.999997745 1.602924363e-06 -3.341670794e-07)
(9.999999492 3.743656785e-07 -8.094096327e-08)
(9.999999892 8.237061571e-08 -1.841304381e-08)
(9.999999978 1.711839274e-08 -3.945657195e-09)
(9.999999996 3.368495042e-09 -7.986460924e-10)
(9.999999999 6.290865206e-10 -1.53096429e-10)
(10 1.117479406e-10 -2.786160775e-11)
(10 1.892296233e-11 -4.824088845e-12)
(10 3.058654928e-12 -7.9805822e-13)
(10 4.703725588e-13 -1.257645492e-13)
(10 6.870298492e-14 -1.808145425e-14)
(10 1.189805491e-14 -2.225411899e-15)
(10 6.283059041e-16 -4.841198641e-16)
(10 9.16655508e-16 -7.786965572e-16)
(10 6.395935592e-16 -1.810141053e-16)
(10 2.723255921e-17 3.159983318e-16)
(10 -1.759431153e-16 -4.187355328e-17)
(10 -4.817441855e-16 1.53753959e-16)
(10 -1.808917718e-16 4.454211801e-16)
(10 3.170614574e-16 -6.312353297e-16)
(10 -3.267557334e-16 2.939436012e-16)
(10 1.702246956e-16 3.643319189e-16)
(10 -5.811512204e-16 -5.197035518e-17)
(10 2.103314374e-16 -8.8987538e-17)
(10 8.583433429e-17 -3.564836866e-16)
(10 3.249303698e-16 -2.927115649e-16)
(10 1.823291732e-16 1.588134643e-16)
(10 3.847290568e-17 1.221557965e-16)
(10 -1.249165389e-16 -1.373575691e-16)
(10 -2.758228497e-16 -9.21272641e-17)
(10 -1.594859109e-16 1.202569706e-16)
(10 -1.955529501e-16 4.867424596e-16)
(10 -1.540201001e-16 -2.687232785e-17)
(10 -4.047118187e-16 4.320450894e-16)
(10 -2.966803796e-16 5.506015576e-16)
(10 -2.513863525e-16 1.692546506e-16)
(10 3.865408855e-16 1.120698e-16)
(10 1.452163113e-16 2.035828265e-16)
(10 -3.631808805e-16 -1.442976734e-16)
(10 6.922993006e-18 2.266718943e-16)
(10 -1.493773676e-16 1.081408039e-16)
(10 1.446730189e-16 3.934512122e-16)
(10 -2.576151391e-16 -2.222127892e-17)
(10 9.231547383e-17 -2.953649071e-17)
(10 -1.062424638e-16 7.161251311e-17)
(10 -1.196605618e-16 3.348402867e-15)
)
;

boundaryField
{
    left
    {
        type            dirichlet;
        value           uniform (4 0 0);
    }
    right
    {
        type            dirichlet;
        value           uniform (4 0 0);
    }
    sides
    {
        type            empty;
    }
}


// ************************************************************************* //
