/*--------------------------------*- C++ -*----------------------------------*\
| =========                 |                                                 |
| \\      /  F ield         | foam-extend: Open Source CFD                    |
|  \\    /   O peration     | Version:     4.1                                |
|   \\  /    A nd           | Web:         http://www.foam-extend.org         |
|    \\/     M anipulation  |                                                 |
\*---------------------------------------------------------------------------*/
FoamFile
{
    version     2.0;
    format      ascii;
    class       cellScalarField;
    location    "14.2";
    object      T;
}
// * * * * * * * * * * * * * * * * * * * * * * * * * * * * * * * * * * * * * //

dimensions      [0 0 0 0 1 0 0];

internalField   nonuniform 
100
(
(4 -5.703630593e-17 1.624202108e-17)
(4 -2.129451307e-16 1.035428333e-16)
(4 -1.522350441e-16 2.612043759e-16)
(4 -1.034297261e-16 -1.702253384e-16)
(4 6.762082758e-17 -1.781864077e-16)
(4 -3.040498189e-16 4.470214047e-17)
(4 4.491843382e-16 1.392116978e-17)
(4 -4.461989921e-16 -9.052855548e-18)
(4 9.66914575e-16 -1.638588913e-16)
(4 -1.261979722e-15 -8.776317158e-18)
(4 1.385666424e-15 1.829839349e-15)
(4 9.22206611e-14 5.885884533e-14)
(4 1.432455753e-12 9.052069952e-13)
(4 3.074697262e-11 2.125057239e-11)
(4 5.467491153e-10 3.171622622e-10)
(4.000000007 7.844967211e-09 4.654670254e-09)
(4.000000099 1.110851344e-07 6.18142067e-08)
(4.00000122 1.307100958e-06 6.612151863e-07)
(4.000012811 1.316896191e-05 6.306219195e-06)
(4.000118465 0.0001170682955 5.074736655e-05)
(4.000919742 0.0008399726437 0.0003073621843)
(4.005622573 0.004547196061 0.001345294509)
(4.026481622 0.01838626697 0.004276213106)
(4.096949658 0.05641447439 0.01001472357)
(4.2816142 0.1342470429 0.01741691248)
(4.664389858 0.2530163558 0.02225209753)
(5.303342917 0.3847519285 0.01963858402)
(6.175993357 0.4797353517 0.008710258299)
(7.164780161 0.4974143248 -0.00565707161)
(8.105808543 0.434231722 -0.01652452272)
(8.866355281 0.3227277617 -0.02010094753)
(9.393596047 0.2062707218 -0.01740437547)
(9.709989552 0.1144293878 -0.01196743922)
(9.875742687 0.0555711776 -0.006841658762)
(9.952151647 0.02381408815 -0.00333747062)
(9.983376107 0.009072572635 -0.001413769077)
(9.994766659 0.003094434308 -0.0005269570377)
(9.998500475 0.000951145601 -0.0001746786473)
(9.999607146 0.0002651051901 -5.196270532e-05)
(9.999905469 6.739445779e-05 -1.398129483e-05)
(9.999979016 1.571230446e-05 -3.426438278e-06)
(9.999995684 3.376700294e-06 -7.696815699e-07)
(9.999999174 6.721521067e-07 -1.593794532e-07)
(9.999999852 1.244844413e-07 -3.058233601e-08)
(9.999999975 2.154051872e-08 -5.463871497e-09)
(9.999999996 3.496143014e-09 -9.129084497e-10)
(9.999999999 5.341948269e-10 -1.432212086e-10)
(10 7.709917563e-11 -2.117616794e-11)
(10 1.054464655e-11 -2.961245582e-12)
(10 1.37588764e-12 -3.940142194e-13)
(10 1.690355293e-13 -4.957869249e-14)
(10 1.688313709e-14 -6.350274658e-15)
(10 -5.294624524e-16 8.382975021e-16)
(10 -1.476238416e-16 6.375017402e-17)
(10 -8.527715141e-17 -2.202220485e-16)
(10 1.961756072e-16 -3.612816198e-16)
(10 8.76522318e-17 -4.982846307e-16)
(10 -2.143064269e-16 -6.562928514e-16)
(10 4.236041327e-16 -4.841349333e-16)
(10 -2.34544474e-16 1.623826583e-16)
(10 3.214004716e-16 4.048480587e-16)
(10 -3.21125658e-16 -1.963036912e-16)
(10 -1.851703482e-16 3.674053038e-16)
(10 -9.087976054e-17 7.675847539e-16)
(10 -1.982672917e-16 -1.25912337e-16)
(10 4.065009664e-16 -1.027741335e-16)
(10 -1.5255699e-16 6.279675597e-16)
(10 -3.09113042e-16 4.941431827e-16)
(10 3.347263948e-16 -3.81768383e-16)
(10 -2.570987985e-16 -2.644461115e-16)
(10 1.51849084e-18 -1.435891846e-16)
(10 8.393089727e-17 -5.351879458e-16)
(10 5.712897329e-16 -3.324334641e-16)
(10 4.624571868e-16 2.787561617e-16)
(10 -2.752761341e-16 4.104707094e-16)
(10 1.41760894e-16 -2.546923173e-16)
(10 1.889754572e-16 -1.193393464e-16)
(10 7.165608417e-16 -8.705911332e-17)
(10 -3.741258088e-17 -5.333527318e-16)
(10 -4.003326892e-16 3.697743493e-16)
(10 -4.127875948e-17 2.024366842e-16)
(10 -9.162639491e-17 8.049959092e-16)
(10 -5.072654081e-16 7.630004305e-17)
(10 -3.1774245e-16 -1.255105741e-16)
(10 2.731042696e-16 -6.070956347e-16)
(10 5.532769158e-19 1.471516022e-16)
(10 3.934057131e-16 1.018709188e-17)
(10 1.992667929e-16 1.017075647e-16)
(10 -5.74756745e-16 5.210954058e-16)
(10 -3.060066812e-17 -1.497740528e-16)
(10 -1.716098306e-16 -1.983441303e-16)
(10 4.865458871e-16 2.300308992e-16)
(10 3.108354714e-16 -7.80093178e-17)
(10 2.837834864e-16 -1.604216784e-16)
(10 4.932096565e-16 -9.712406565e-18)
(10 -3.005020033e-16 5.278659268e-16)
(10 1.757007978e-17 2.810931655e-16)
(10 6.413173452e-18 7.66566203e-16)
(10 -3.95121494e-16 2.449330199e-16)
(10 -1.686477841e-15 3.927452369e-15)
)
;

boundaryField
{
    left
    {
        type            dirichlet;
        value           uniform (4 0 0);
    }
    right
    {
        type            dirichlet;
        value           uniform (4 0 0);
    }
    sides
    {
        type            empty;
    }
}


// ************************************************************************* //
