/*--------------------------------*- C++ -*----------------------------------*\
| =========                 |                                                 |
| \\      /  F ield         | foam-extend: Open Source CFD                    |
|  \\    /   O peration     | Version:     4.1                                |
|   \\  /    A nd           | Web:         http://www.foam-extend.org         |
|    \\/     M anipulation  |                                                 |
\*---------------------------------------------------------------------------*/
FoamFile
{
    version     2.0;
    format      ascii;
    class       cellScalarField;
    location    "10.3";
    object      T;
}
// * * * * * * * * * * * * * * * * * * * * * * * * * * * * * * * * * * * * * //

dimensions      [0 0 0 0 1 0 0];

internalField   nonuniform 
100
(
(4 -5.703630593e-17 1.624202108e-17)
(4 7.611604135e-17 -4.866237291e-17)
(4 -1.874097429e-16 -1.909144847e-17)
(4 3.805694054e-17 5.936384838e-17)
(4 1.468817605e-15 -6.542678893e-16)
(4 -2.414797337e-14 2.764172186e-14)
(4 1.468130929e-12 4.540824792e-13)
(4 3.55254038e-12 8.146686325e-12)
(4 5.668247559e-10 3.968655448e-10)
(4.000000008 8.325933781e-09 4.527299453e-09)
(4.000000126 1.523311312e-07 1.09019896e-07)
(4.000002276 2.662953656e-06 1.445669451e-06)
(4.000028666 3.042884749e-05 1.600898459e-05)
(4.000319999 0.0003410588943 0.0001727387968)
(4.003099726 0.003079721518 0.001241736362)
(4.021616036 0.01828847095 0.005445053704)
(4.104016478 0.07132240822 0.01506008656)
(4.35673374 0.1913487413 0.02698982197)
(4.912815511 0.3692471421 0.03069389114)
(5.822032287 0.5314356811 0.01818843523)
(6.959095681 0.5874428301 -0.004565600966)
(8.073271503 0.5110097151 -0.02263948853)
(8.946457112 0.3571697264 -0.02727921509)
(9.503730238 0.204283744 -0.02139319408)
(9.79806874 0.09718923088 -0.01262487198)
(9.928633717 0.03903879073 -0.005947365161)
(9.97793795 0.01342155658 -0.002314085357)
(9.993987479 0.003999471136 -0.0007615440102)
(9.998543754 0.001045031536 -0.0002158910502)
(9.999684017 0.0002419981075 -5.352227208e-05)
(9.999938097 5.015261909e-05 -1.175300441e-05)
(9.99998897 9.385379721e-06 -2.311496263e-06)
(9.9999982 1.598892026e-06 -4.111425233e-07)
(9.999999729 2.498075233e-07 -6.670840387e-08)
(9.999999962 3.603483322e-08 -9.948868135e-09)
(9.999999995 4.828447766e-09 -1.37317748e-09)
(9.999999999 6.042965061e-10 -1.764739504e-10)
(10 7.099472716e-11 -2.12321045e-11)
(10 7.866552501e-12 -2.403474728e-12)
(10 8.275932228e-13 -2.584232073e-13)
(10 7.845038171e-14 -2.551594061e-14)
(10 5.673111244e-15 -2.376955886e-15)
(10 -6.233757488e-17 7.881650904e-18)
(10 -2.153843855e-17 -8.894555433e-16)
(10 8.591933896e-16 -5.954985577e-16)
(10 -5.304929781e-16 -3.721701813e-16)
(10 6.657443797e-17 7.474836346e-17)
(10 -2.948929582e-16 6.856862748e-16)
(10 -4.429434083e-17 1.232409019e-16)
(10 1.219029133e-16 3.683927099e-16)
(10 -1.509947954e-16 4.849205976e-16)
(10 -1.760243662e-16 -4.290682546e-16)
(10 7.040240226e-17 -2.260977731e-16)
(10 -4.964058974e-16 1.410172041e-16)
(10 -1.075109712e-17 7.844456078e-16)
(10 -5.054490809e-16 1.273681205e-17)
(10 -3.08464839e-16 -4.060572197e-16)
(10 3.760382586e-16 9.967173118e-17)
(10 -3.389642879e-18 1.772915276e-17)
(10 9.025448847e-17 2.350335443e-16)
(10 -5.148251593e-16 -1.248830888e-16)
(10 -3.310221143e-16 3.636084561e-16)
(10 2.630050765e-16 -7.945750981e-17)
(10 4.907010176e-16 -1.636971084e-16)
(10 2.538328147e-16 -2.852832605e-16)
(10 1.265649955e-16 -7.23268781e-17)
(10 3.546501189e-16 -1.721965307e-17)
(10 3.27327601e-17 -1.49518483e-17)
(10 1.951241419e-16 -1.776320099e-16)
(10 -1.860067923e-17 5.079097883e-16)
(10 -3.50941734e-16 1.252883222e-16)
(10 1.143069337e-16 1.895513523e-16)
(10 2.836042178e-16 -6.411170545e-16)
(10 -1.271319765e-16 -2.440033185e-16)
(10 2.36247112e-16 6.275089161e-16)
(10 4.156861456e-16 2.570336652e-16)
(10 4.37844299e-16 4.994907271e-17)
(10 -2.846146943e-16 -7.123653377e-16)
(10 5.034379076e-16 1.667947543e-16)
(10 -4.185417502e-16 5.851169283e-16)
(10 2.905723171e-17 6.169572633e-16)
(10 1.604203663e-16 -4.290984016e-16)
(10 -3.565444039e-16 2.861276909e-16)
(10 -2.938352018e-17 1.146999035e-16)
(10 2.288537368e-16 1.038496591e-16)
(10 -1.290548352e-16 -1.567161854e-16)
(10 9.22554739e-17 -4.501204844e-16)
(10 -1.684603573e-16 2.017738867e-16)
(10 -3.945048429e-16 -5.39550087e-16)
(10 1.416077706e-16 -1.838653843e-16)
(10 5.067129336e-16 4.735176633e-17)
(10 -2.603288151e-16 7.48973434e-16)
(10 -2.192187726e-16 5.69266038e-17)
(10 -1.854297255e-16 6.769899063e-17)
(10 -3.414641057e-16 4.102568964e-16)
(10 2.282727488e-17 1.218580069e-16)
(10 -2.649642611e-16 2.453169875e-16)
(10 -1.894112883e-17 4.26545229e-17)
(10 -2.350594994e-17 1.46179938e-16)
(10 3.185636796e-16 3.081696686e-15)
)
;

boundaryField
{
    left
    {
        type            dirichlet;
        value           uniform (4 0 0);
    }
    right
    {
        type            dirichlet;
        value           uniform (4 0 0);
    }
    sides
    {
        type            empty;
    }
}


// ************************************************************************* //
