/*--------------------------------*- C++ -*----------------------------------*\
| =========                 |                                                 |
| \\      /  F ield         | foam-extend: Open Source CFD                    |
|  \\    /   O peration     | Version:     4.1                                |
|   \\  /    A nd           | Web:         http://www.foam-extend.org         |
|    \\/     M anipulation  |                                                 |
\*---------------------------------------------------------------------------*/
FoamFile
{
    version     2.0;
    format      ascii;
    class       cellScalarField;
    location    "0.3";
    object      T;
}
// * * * * * * * * * * * * * * * * * * * * * * * * * * * * * * * * * * * * * //

dimensions      [0 0 0 0 1 0 0];

internalField   nonuniform 
100
(
(6.579529796 3.012996704 -0.2303363538)
(9.827340159 0.2552760354 -0.1115102022)
(9.993365058 0.01116275529 -0.005593415632)
(9.999772541 0.0004059040263 -0.000214172366)
(9.99999268 1.350806531e-05 -7.321450506e-06)
(9.999999774 4.266264313e-07 -2.35031305e-07)
(9.999999993 1.301607721e-08 -7.248608187e-09)
(10 3.874595902e-10 -2.174248339e-10)
(10 1.132271339e-11 -6.389919316e-12)
(10 3.258862123e-13 -1.838391758e-13)
(10 9.193235605e-15 -5.042920634e-15)
(10 3.153173212e-16 -1.924215301e-16)
(10 1.67159448e-17 -1.02051596e-17)
(10 9.021593118e-19 -5.367574707e-19)
(10 4.157652673e-20 -2.431239442e-20)
(10 1.696409422e-21 -9.812115808e-22)
(10 6.359141538e-23 -3.651461053e-23)
(10 2.243917108e-24 -1.281873686e-24)
(10 7.571338917e-26 -4.308890292e-26)
(10 2.468574798e-27 -1.400808919e-27)
(10 7.833981531e-29 -4.435282777e-29)
(10 2.432462968e-30 -1.374618466e-30)
(10 7.418443299e-32 -4.185884341e-32)
(10 2.228711554e-33 -1.255955294e-33)
(10 6.610833732e-35 -3.72139539e-35)
(10 1.93954657e-36 -1.090799845e-36)
(10 5.636546777e-38 -3.167425179e-38)
(10 1.624450829e-39 -9.122031612e-40)
(10 4.647326232e-41 -2.608049081e-41)
(10 1.32085719e-42 -7.408427308e-43)
(10 3.73217918e-44 -2.092259266e-44)
(10 1.049002537e-45 -5.878059185e-46)
(10 2.934374828e-47 -1.64359915e-47)
(10 8.172740727e-49 -4.576009819e-49)
(10 2.267235463e-50 -1.26902066e-50)
(10 6.266797002e-52 -3.506571826e-52)
(10 1.726397989e-53 -9.657257919e-54)
(10 4.741264652e-55 -2.651504825e-55)
(10 1.298388838e-56 -7.259334005e-57)
(10 3.546184704e-58 -1.98223301e-58)
(10 9.66147612e-60 -5.399393363e-60)
(10 2.626169672e-61 -1.467366185e-61)
(10 7.123016254e-63 -3.979233491e-63)
(10 1.928082367e-64 -1.076925941e-64)
(10 5.209080114e-66 -2.909046155e-66)
(10 1.404814272e-67 -7.844078956e-68)
(10 3.782192725e-69 -2.111562633e-69)
(10 1.016660659e-70 -5.675146534e-71)
(10 2.728685277e-72 -1.522994926e-72)
(10 7.313250242e-74 -4.081335886e-74)
(10 1.957396546e-75 -1.092245684e-75)
(10 5.232244733e-77 -2.919319998e-77)
(10 1.396900353e-78 -7.79315917e-79)
(10 3.725085948e-80 -2.077978505e-80)
(10 9.922571565e-82 -5.534617893e-82)
(10 2.640287532e-83 -1.472567314e-83)
(10 7.018394221e-85 -3.914028399e-85)
(10 1.863815888e-86 -1.039329238e-86)
(10 4.944984354e-88 -2.757277734e-88)
(10 1.310811727e-89 -7.308408357e-90)
(10 3.471722391e-91 -1.93551136e-91)
(10 9.187424498e-93 -5.121698791e-93)
(10 2.429409171e-94 -1.354227502e-94)
(10 6.419168936e-96 -3.578010466e-96)
(10 1.694886489e-97 -9.446617271e-98)
(10 4.471959197e-99 -2.492340873e-99)
(10 1.179129588e-100 -6.571219869e-101)
(10 3.107006962e-102 -1.73142004e-102)
(10 8.181818495e-104 -4.559179146e-104)
(10 2.153246785e-105 -1.199797725e-105)
(10 5.663476113e-107 -3.155552976e-107)
(10 1.488764955e-108 -8.294638117e-109)
(10 3.911389637e-110 -2.179124192e-110)
(10 1.027083124e-111 -5.721853691e-112)
(10 2.695609628e-113 -1.501651087e-113)
(10 7.071186253e-115 -3.938998276e-115)
(10 1.854035664e-116 -1.032746297e-116)
(10 4.858931489e-118 -2.706443287e-118)
(10 1.272818331e-119 -7.089370749e-120)
(10 3.33273531e-121 -1.856203981e-121)
(10 8.722671752e-123 -4.85801097e-123)
(10 2.282011627e-124 -1.270899925e-124)
(10 5.967753545e-126 -3.323451578e-126)
(10 1.560031918e-127 -8.687550712e-128)
(10 4.076527162e-129 -2.270073935e-129)
(10 1.064843866e-130 -5.929550502e-131)
(10 2.780510682e-132 -1.548270905e-132)
(10 7.257889948e-134 -4.041286718e-134)
(10 1.89385768e-135 -1.054493397e-135)
(10 4.940140163e-137 -2.750574194e-137)
(10 1.28821944e-138 -7.172355782e-139)
(10 3.358169479e-140 -1.869660581e-140)
(10 8.751469062e-142 -4.872250409e-142)
(10 2.279965027e-143 -1.269303808e-143)
(10 5.938099132e-145 -3.305779414e-145)
(10 1.546114975e-146 -8.607113004e-147)
(10 4.024520616e-148 -2.240368295e-148)
(10 1.047291052e-149 -5.829917925e-150)
(10 2.724609315e-151 -1.516663748e-151)
(10 2.716443222e-16 3.107186545e-15)
)
;

boundaryField
{
    left
    {
        type            dirichlet;
        value           uniform (4 0 0);
    }
    right
    {
        type            dirichlet;
        value           uniform (4 0 0);
    }
    sides
    {
        type            empty;
    }
}


// ************************************************************************* //
