/*--------------------------------*- C++ -*----------------------------------*\
| =========                 |                                                 |
| \\      /  F ield         | foam-extend: Open Source CFD                    |
|  \\    /   O peration     | Version:     4.1                                |
|   \\  /    A nd           | Web:         http://www.foam-extend.org         |
|    \\/     M anipulation  |                                                 |
\*---------------------------------------------------------------------------*/
FoamFile
{
    version     2.0;
    format      ascii;
    class       cellScalarField;
    location    "30.3";
    object      T;
}
// * * * * * * * * * * * * * * * * * * * * * * * * * * * * * * * * * * * * * //

dimensions      [0 0 0 0 1 0 0];

internalField   nonuniform 
100
(
(4 -5.703630593e-17 1.624202108e-17)
(4 -4.373105327e-17 -1.297860162e-16)
(4 -7.985065822e-17 -1.605148897e-16)
(4 1.18417077e-16 -1.113043868e-16)
(4 -8.61209195e-17 1.744097462e-17)
(4 -3.436438404e-16 -1.241425578e-16)
(4 3.881947714e-16 1.125440343e-16)
(4 -5.615014e-16 5.057891912e-17)
(4 8.556013783e-16 1.301340416e-17)
(4 -1.124804536e-15 7.177767578e-17)
(4 3.287409294e-18 -1.151357149e-16)
(4 1.483601976e-16 1.158504583e-16)
(4 6.576938543e-16 -2.488601846e-16)
(4 -6.353745749e-17 8.416421795e-17)
(4 -4.724314815e-17 1.780051067e-16)
(4 -1.292224143e-16 2.324525311e-16)
(4 -9.760596127e-18 4.030820422e-17)
(4 -2.813509544e-16 6.768429535e-17)
(4 1.709445726e-16 1.817076985e-17)
(4 -9.970921515e-17 3.479955295e-17)
(4 2.800862872e-17 7.166185945e-17)
(4 6.52353882e-18 9.132027541e-17)
(4 1.10126463e-16 -1.2797033e-16)
(4 -5.001757294e-17 1.746667589e-16)
(4 -1.949726881e-16 2.508655617e-16)
(4 -1.339015145e-16 -1.324980949e-17)
(4 6.816701219e-17 -6.079435434e-18)
(4 -9.893690172e-17 -1.665455315e-17)
(4 -6.8174776e-16 -1.298756758e-17)
(4 8.161836597e-16 1.480381758e-16)
(4 -3.973680282e-16 -1.305391148e-16)
(4 1.254004953e-16 -5.847606324e-17)
(4 4.786634031e-17 -1.528200338e-16)
(4 -3.140482089e-16 3.920067606e-17)
(4 8.246052516e-16 2.727012419e-17)
(4 2.986824267e-15 3.108561625e-15)
(4 5.922203161e-14 3.024997968e-14)
(4 6.367959198e-13 3.190245833e-13)
(4 6.436444914e-12 3.103793403e-12)
(4 6.039419509e-11 2.79310629e-11)
(4.000000001 5.231189628e-10 2.308322219e-10)
(4.000000004 4.157620405e-09 1.740500077e-09)
(4.000000033 3.012278153e-08 1.188056149e-08)
(4.000000225 1.973952029e-07 7.27137819e-08)
(4.000001389 1.15965388e-06 3.950959925e-07)
(4.000007678 6.058554645e-06 1.890642161e-06)
(4.000037856 2.799018472e-05 7.928770367e-06)
(4.000165906 0.0001140451787 2.908567062e-05)
(4.000646 0.0004097882104 9.336734272e-05)
(4.002238309 0.001300938006 0.000262727009)
(4.006921806 0.003660089855 0.0006495427849)
(4.019179075 0.009159521038 0.001414120939)
(4.047828221 0.02047067783 0.002715699737)
(4.10786261 0.04102302814 0.004603156197)
(4.221083824 0.0740088858 0.006877991103)
(4.413977231 0.1206594337 0.009018957991)
(4.711914477 0.1784194028 0.01026960162)
(5.130544926 0.2401182973 0.009914015368)
(5.66737797 0.2950717483 0.007630932759)
(6.297578965 0.3321144813 0.003723707595)
(6.976796244 0.3433772894 -0.0009335796142)
(7.650735907 0.3270225538 -0.005227321773)
(8.267968218 0.2876364751 -0.008235786312)
(8.7910498 0.2342354146 -0.009534633085)
(9.202210111 0.1770253161 -0.009247949376)
(9.502649137 0.1244453222 -0.007874070974)
(9.707173942 0.08155051823 -0.00602118513)
(9.837156024 0.04992136665 -0.004190912269)
(9.914430793 0.02860419312 -0.002678732536)
(9.957488 0.01537079661 -0.001582439466)
(9.980015646 0.007760628329 -0.0008682592425)
(9.99110301 0.003688197377 -0.0004442613243)
(9.99624509 0.001652743402 -0.0002126977769)
(9.998496108 0.0006995259373 -9.556475006e-05)
(9.999427769 0.0002801041912 -4.039943612e-05)
(9.999792913 0.0001062775126 -1.610718012e-05)
(9.999928639 3.826811094e-05 -6.069722499e-06)
(9.999976558 1.309647875e-05 -2.166171306e-06)
(9.999992651 4.266019163e-06 -7.33506369e-07)
(9.999997798 1.324500608e-06 -2.360838846e-07)
(9.999999369 3.92495831e-07 -7.234404638e-08)
(9.999999827 1.111594696e-07 -2.113972841e-08)
(9.999999954 3.012620218e-08 -5.899427797e-09)
(9.999999988 7.822942478e-09 -1.574557651e-09)
(9.999999997 1.948716361e-09 -4.024774335e-10)
(9.999999999 4.662222606e-10 -9.866010688e-11)
(10 1.072482506e-10 -2.322152464e-11)
(10 2.374675444e-11 -5.254673217e-12)
(10 5.065555293e-12 -1.144610895e-12)
(10 1.043286876e-12 -2.399455733e-13)
(10 2.067028942e-13 -4.896877207e-14)
(10 3.771834719e-14 -8.375945425e-15)
(10 1.118978941e-14 -2.397260534e-15)
(10 1.343899028e-15 -2.893659962e-16)
(10 -8.629405015e-17 -1.787132383e-16)
(10 -1.957734895e-16 3.396297647e-17)
(10 4.048588039e-16 -5.317028722e-16)
(10 -2.646651939e-17 -3.672498728e-16)
(10 -6.132077912e-17 -1.120312544e-16)
(10 -1.89072405e-15 4.006758613e-15)
)
;

boundaryField
{
    left
    {
        type            dirichlet;
        value           uniform (4 0 0);
    }
    right
    {
        type            dirichlet;
        value           uniform (4 0 0);
    }
    sides
    {
        type            empty;
    }
}


// ************************************************************************* //
