/*--------------------------------*- C++ -*----------------------------------*\
| =========                 |                                                 |
| \\      /  F ield         | foam-extend: Open Source CFD                    |
|  \\    /   O peration     | Version:     4.1                                |
|   \\  /    A nd           | Web:         http://www.foam-extend.org         |
|    \\/     M anipulation  |                                                 |
\*---------------------------------------------------------------------------*/
FoamFile
{
    version     2.0;
    format      ascii;
    class       cellScalarField;
    location    "13.8";
    object      T;
}
// * * * * * * * * * * * * * * * * * * * * * * * * * * * * * * * * * * * * * //

dimensions      [0 0 0 0 1 0 0];

internalField   nonuniform 
100
(
(4 -5.703630593e-17 1.624202108e-17)
(4 -1.370338815e-16 -7.297576864e-17)
(4 3.249478292e-16 -1.401362899e-16)
(4 -1.458390266e-16 2.865107012e-16)
(4 -2.420279015e-17 4.484948502e-17)
(4 -3.253242907e-16 6.459295849e-17)
(4 4.442241526e-16 1.271386253e-16)
(4 -4.812701719e-16 -1.055703146e-16)
(4 8.350904115e-16 -8.092752298e-17)
(4 -1.477889294e-15 1.380683432e-16)
(4 2.069104127e-14 1.988525405e-14)
(4 5.09859044e-13 2.647477411e-13)
(4 8.552777537e-12 6.448177063e-12)
(4 1.924050697e-10 1.18075207e-10)
(4.000000003 2.877722399e-09 1.688595386e-09)
(4.000000037 4.25742496e-08 2.50368538e-08)
(4.000000507 5.59134177e-07 2.942212107e-07)
(4.00000574 6.005194456e-06 2.961902543e-06)
(4.000056716 5.742348123e-05 2.642141169e-05)
(4.000483939 0.0004614420779 0.0001831708341)
(4.00330297 0.002825354103 0.0009136075226)
(4.017285783 0.01277941658 0.003257662219)
(4.069398684 0.043164419 0.008428986735)
(4.217897745 0.1113575959 0.01601582069)
(4.54827167 0.2245301767 0.02225956616)
(5.133505077 0.3611528598 0.02164402042)
(5.973433423 0.4717047088 0.01187967608)
(6.965045325 0.5080241686 -0.002981749114)
(7.940993388 0.4572804885 -0.01546351764)
(8.751314186 0.3481514213 -0.02057803487)
(9.325014726 0.2266394396 -0.01860557695)
(9.674766252 0.127401122 -0.01312985189)
(9.860034131 0.06240776165 -0.007628440237)
(9.946025431 0.0268664509 -0.003756340837)
(9.981273694 0.01024533065 -0.001597893856)
(9.99412832 0.003486647718 -0.0005955934091)
(9.998328259 0.001066305724 -0.0001967487263)
(9.999565739 0.0002949766627 -5.815560242e-05)
(9.999896588 7.426625635e-05 -1.550951664e-05)
(9.99997732 1.711559169e-05 -3.759497689e-06)
(9.999995398 3.630172181e-06 -8.337901124e-07)
(9.999999133 7.121681715e-07 -1.702072261e-07)
(9.999999847 1.298364738e-07 -3.215586244e-08)
(9.999999975 2.209374495e-08 -5.650233921e-09)
(9.999999996 3.523453308e-09 -9.276398924e-10)
(9.999999999 5.286151698e-10 -1.428972604e-10)
(10 7.486916421e-11 -2.073320541e-11)
(10 1.004451833e-11 -2.843034347e-12)
(10 1.279864967e-12 -3.69031066e-13)
(10 1.567721168e-13 -4.691081108e-14)
(10 1.618513168e-14 -5.519681783e-15)
(10 8.411942731e-17 -1.083375338e-16)
(10 2.707276114e-16 5.377792009e-16)
(10 -1.133405066e-15 7.64616816e-16)
(10 -3.182869587e-16 -3.068165843e-16)
(10 -7.766896905e-17 -8.308796539e-17)
(10 -5.552404784e-16 -2.621597942e-16)
(10 6.166189668e-16 -3.523659719e-16)
(10 2.55380921e-16 9.262764987e-18)
(10 -1.421148752e-16 -5.030682696e-16)
(10 3.667061731e-16 3.703910491e-16)
(10 -1.298169822e-16 3.692746142e-17)
(10 -3.287381667e-17 1.464002948e-16)
(10 -6.562812755e-16 -1.972399023e-17)
(10 2.024064531e-16 1.065796555e-16)
(10 2.528439208e-16 -7.049023539e-17)
(10 -4.301245979e-16 5.401053044e-16)
(10 2.350006125e-17 -4.759771466e-16)
(10 6.064053257e-16 -6.370995735e-16)
(10 7.617489958e-17 -5.796205652e-16)
(10 2.843705941e-16 -2.808817854e-16)
(10 4.785394771e-18 2.94102714e-16)
(10 -3.276228961e-17 3.288769121e-16)
(10 9.667079557e-17 2.014279813e-16)
(10 -4.203317358e-16 -6.230059998e-17)
(10 2.248474603e-16 1.226884113e-17)
(10 8.715928286e-17 1.291083058e-16)
(10 7.496956412e-18 6.259764952e-16)
(10 -4.403336163e-16 -2.292791364e-16)
(10 -2.172203708e-16 4.790737986e-17)
(10 -1.370732576e-16 1.751474992e-17)
(10 -4.870854713e-17 1.617338968e-16)
(10 -1.664670886e-16 -2.181691446e-16)
(10 1.281154798e-16 -7.344576498e-16)
(10 2.189495101e-16 -1.992877976e-16)
(10 -8.46467031e-17 -5.662563258e-16)
(10 1.727117894e-16 1.116488042e-16)
(10 6.149105284e-17 -2.434402096e-16)
(10 -2.853238244e-17 1.477940604e-16)
(10 3.864460826e-16 -2.750495586e-16)
(10 5.728718119e-16 2.568206038e-17)
(10 -3.645190359e-16 5.229453888e-16)
(10 5.047231752e-17 2.862591421e-16)
(10 -1.359262818e-17 7.632372093e-16)
(10 -3.827654027e-16 2.458369601e-16)
(10 -1.605120894e-16 2.194598196e-17)
(10 -3.236448452e-16 1.323219643e-16)
(10 1.553514652e-16 -4.769994358e-16)
(10 4.132276968e-16 -4.509393383e-16)
(10 -1.93074952e-15 3.812023292e-15)
)
;

boundaryField
{
    left
    {
        type            dirichlet;
        value           uniform (4 0 0);
    }
    right
    {
        type            dirichlet;
        value           uniform (4 0 0);
    }
    sides
    {
        type            empty;
    }
}


// ************************************************************************* //
