/*--------------------------------*- C++ -*----------------------------------*\
| =========                 |                                                 |
| \\      /  F ield         | foam-extend: Open Source CFD                    |
|  \\    /   O peration     | Version:     4.1                                |
|   \\  /    A nd           | Web:         http://www.foam-extend.org         |
|    \\/     M anipulation  |                                                 |
\*---------------------------------------------------------------------------*/
FoamFile
{
    version     2.0;
    format      ascii;
    class       cellScalarField;
    location    "25.5";
    object      T;
}
// * * * * * * * * * * * * * * * * * * * * * * * * * * * * * * * * * * * * * //

dimensions      [0 0 0 0 1 0 0];

internalField   nonuniform 
100
(
(4 -5.703630593e-17 1.624202108e-17)
(4 -7.782236191e-17 -4.282198574e-17)
(4 -2.610712904e-17 6.339380807e-17)
(4 -2.232891069e-16 1.773069237e-16)
(4 7.844530552e-17 -7.278698783e-17)
(4 -5.063381244e-16 2.674694636e-16)
(4 2.317441891e-16 8.146586303e-17)
(4 -3.402074096e-16 1.171945536e-16)
(4 8.344458807e-16 -4.641514469e-17)
(4 -1.267577273e-15 -1.099116528e-16)
(4 2.332880561e-16 1.257017467e-16)
(4 1.506597768e-15 1.030167845e-16)
(4 -1.695093364e-15 -2.580805504e-16)
(4 9.476594191e-16 -1.437972573e-16)
(4 3.845736008e-16 1.273713478e-16)
(4 -1.687293086e-16 1.493657522e-16)
(4 2.335538905e-16 -2.382842123e-16)
(4 -1.894399632e-16 2.196912787e-16)
(4 -2.195872436e-16 -9.71755895e-17)
(4 4.708034775e-17 5.004035679e-17)
(4 -1.640924468e-16 -1.274108836e-16)
(4 1.646620855e-16 -9.305110443e-17)
(4 -7.075211135e-18 1.911920398e-16)
(4 -3.293764233e-16 -3.076968188e-17)
(4 4.251911011e-16 3.669419755e-16)
(4 -7.904050685e-16 -1.015731876e-17)
(4 7.387795677e-16 8.252490232e-17)
(4 6.580107144e-16 1.645882577e-15)
(4 2.765931413e-14 1.394703657e-14)
(4 3.27999878e-13 1.771538371e-13)
(4 3.910311117e-12 2.0511687e-12)
(4 4.320265931e-11 2.178170498e-11)
(4 4.396196476e-10 2.119375425e-10)
(4.000000004 4.089219185e-09 1.87240818e-09)
(4.000000036 3.450096027e-08 1.490789635e-08)
(4.000000281 2.620650135e-07 1.059186653e-07)
(4.000001993 1.771996664e-06 6.612635302e-07)
(4.000012519 1.051383472e-05 3.569259373e-06)
(4.000068973 5.406893928e-05 1.646736763e-05)
(4.000330838 0.0002393253503 6.460812826e-05)
(4.001378039 0.0009103120154 0.000215494923)
(4.00499179 0.00298214591 0.000612514575)
(4.015790955 0.008451720135 0.00148861934)
(4.043874059 0.02083702759 0.003102857823)
(4.107772336 0.04495162965 0.005556238311)
(4.235690856 0.08534894376 0.008539530068)
(4.462221753 0.1434215866 0.01120048034)
(4.818926308 0.2144258779 0.01234479269)
(5.320787506 0.2866302543 0.01099056858)
(5.954549114 0.344145649 0.006982373553)
(6.675959622 0.3727338024 0.00122916376)
(7.419121428 0.3656219157 -0.004652379804)
(8.114551134 0.3260436414 -0.009083716523)
(8.707779613 0.26525691 -0.01118911771)
(9.170624241 0.1975410852 -0.01101356946)
(9.5019562 0.1350904155 -0.009271223841)
(9.720233976 0.0850897154 -0.006880456141)
(9.852948007 0.04950664478 -0.004578960975)
(9.92762281 0.02667949231 -0.002762965514)
(9.966609904 0.01335252178 -0.001523597941)
(9.985544316 0.006221844447 -0.0007724855298)
(9.994119041 0.002705836075 -0.0003618922578)
(9.997748492 0.001100848244 -0.0001573078899)
(9.999187597 0.0004199305077 -6.367727988e-05)
(9.999723295 0.0001505209583 -2.408187736e-05)
(9.999910897 5.080407581e-05 -8.533865348e-06)
(9.99997283 1.617941914e-05 -2.841349006e-06)
(9.999992143 4.871249166e-06 -8.910775893e-07)
(9.999997842 1.389157899e-06 -2.638372854e-07)
(9.999999436 3.759144325e-07 -7.391676861e-08)
(9.99999986 9.669789916e-08 -1.96353595e-08)
(9.999999967 2.368500306e-08 -4.955405846e-09)
(9.999999992 5.533114382e-09 -1.190356007e-09)
(9.999999998 1.234781678e-09 -2.726487291e-10)
(10 2.636311181e-10 -5.964875072e-11)
(10 5.392622428e-11 -1.248369887e-11)
(10 1.058591626e-11 -2.50409307e-12)
(10 1.995062718e-12 -4.825763013e-13)
(10 3.582811487e-13 -8.8472178e-14)
(10 6.535697249e-14 -1.545590204e-14)
(10 1.180727019e-14 -3.348823591e-15)
(10 2.115584549e-15 -1.465051608e-15)
(10 5.292975298e-16 2.020050046e-16)
(10 -7.283186019e-16 1.758239223e-16)
(10 -2.283073623e-16 -2.59888017e-16)
(10 4.164474081e-16 6.247280811e-17)
(10 3.133296625e-16 -3.003607992e-16)
(10 -2.639963496e-16 -3.831734005e-16)
(10 1.980493383e-16 -6.389755416e-16)
(10 5.80942735e-16 4.518569928e-17)
(10 -5.172072164e-17 5.211499567e-16)
(10 -4.670438423e-16 6.727892143e-16)
(10 -2.668590045e-16 2.287556077e-16)
(10 -6.576124221e-16 2.117599099e-16)
(10 -4.679242104e-16 -4.211601164e-17)
(10 -9.868674981e-17 -4.555069674e-16)
(10 1.02454778e-16 2.995400563e-16)
(10 -4.322316001e-16 4.083616603e-16)
(10 9.249043083e-17 3.036412347e-16)
(10 -2.979327594e-16 3.363624981e-15)
)
;

boundaryField
{
    left
    {
        type            dirichlet;
        value           uniform (4 0 0);
    }
    right
    {
        type            dirichlet;
        value           uniform (4 0 0);
    }
    sides
    {
        type            empty;
    }
}


// ************************************************************************* //
